2781 4805 5597 
2782 1259 6614 
609 2782 6614 
2783 816 2784 
269 2783 2784 
2338 269 4227 
269 2784 4227 
2754 776 5200 
776 2785 5200 
145 2786 5261 
2272 1219 4696 
765 2787 4697 
7109 2973 7110 
3567 351 4883 
1083 3467 5219 
3467 328 5219 
3545 2790 6621 
880 2790 6504 
3687 37 6469 
1753 3687 6469 
1099 2792 3655 
323 3190 5571 
1466 3726 5573 
773 6000 7005 
773 2794 4432 
2794 4409 4432 
2794 773 5107 
1575 2795 7005 
2053 4226 6465 
2864 133 4226 
1678 4953 6136 
866 6004 6134 
1622 2798 6005 
6004 2797 6134 
2799 6504 6616 
2799 4086 6504 
1699 4185 5674 
783 6556 6557 
6558 1769 6559 
5450 783 6557 
1554 2921 5673 
3484 41 7103 
2029 558 5418 
558 3657 5418 
1217 2804 4997 
200 3870 5753 
2805 1277 2845 
871 2805 2845 
1307 2806 5077 
448 4288 5151 
929 2807 5817 
2520 929 3854 
2808 1272 4871 
720 2808 4871 
2809 1598 5907 
5796 1664 6218 
1858 963 3652 
963 2810 3652 
2479 1028 4965 
1028 2811 4965 
2811 657 4965 
657 3261 3946 
4227 1081 5510 
2784 1081 4227 
2814 260 6300 
1282 2814 6300 
1204 2815 3943 
2625 431 6947 
1052 2816 4901 
2050 3934 4901 
2817 1029 5900 
218 2817 5900 
2138 2818 6118 
2138 322 2818 
799 2818 3330 
4363 535 4468 
4001 1222 5563 
201 2820 5563 
289 2027 2821 
2027 911 2821 
2822 1030 4908 
3704 2309 4908 
3245 1569 4132 
3645 462 4416 
2290 1259 4826 
3848 780 4825 
1604 2825 4909 
3353 543 5580 
5835 1848 5836 
4250 67 5198 
2827 803 4949 
2969 2047 4949 
2602 2828 3918 
2602 778 2828 
2800 339 4185 
339 2829 4185 
1645 6282 6283 
2830 6282 6745 
5769 2831 6272 
1501 2831 5769 
1372 5197 5277 
1372 2832 5197 
2833 839 3471 
1030 2833 3704 
1509 2834 5423 
753 2834 5425 
1450 2835 5455 
2835 4385 5455 
2836 1238 5732 
311 2836 5732 
673 2837 4053 
1212 2837 3160 
480 5711 5899 
2838 480 4712 
4476 1498 5619 
2372 497 5620 
1236 4147 4378 
901 2840 4147 
914 2841 4768 
1188 3071 4768 
2371 362 5643 
362 2842 5643 
2843 985 4557 
85 2843 4557 
1848 2844 5198 
2896 953 4552 
871 2896 4552 
2604 1232 4615 
3134 782 6862 
207 2847 6284 
4837 1707 4838 
2106 455 2848 
3163 1057 3980 
610 3459 6780 
353 4201 4213 
5694 2851 5695 
2572 434 5693 
1483 5694 5695 
788 2851 5694 
681 2852 3466 
681 2260 2852 
34 33 6953 
2853 3549 6813 
1506 3660 4784 
457 2854 5805 
3079 1655 6340 
1655 3219 7004 
2856 4258 6642 
2659 786 3011 
3669 691 5842 
1009 2857 5842 
1285 2858 4914 
2351 95 4915 
2859 663 5491 
986 2859 5491 
3484 984 5673 
984 2860 4095 
3667 1033 4843 
3169 89 3170 
2488 344 4013 
344 2862 4013 
5823 2863 6070 
785 2863 5823 
3777 133 6196 
133 2864 4243 
2431 612 5675 
612 2865 5675 
2235 1077 6262 
1077 2866 6262 
1240 4069 5225 
1240 4678 6605 
3072 748 6481 
2868 5661 5662 
1620 2869 5711 
2159 672 5709 
1552 3395 3557 
1552 2870 3395 
939 1978 2871 
1978 149 2871 
2872 375 2873 
937 2872 2873 
3171 62 3773 
3171 3773 6871 
1041 2874 6129 
2874 3535 6129 
2875 564 5894 
891 4538 5894 
1459 2876 5588 
2512 430 5591 
2877 4376 5195 
1144 2701 5195 
486 2878 6426 
3097 486 6426 
1694 2879 6427 
2878 797 6425 
2880 2526 3961 
472 2880 3961 
3615 373 5633 
1473 3615 5633 
2882 1937 5169 
2194 1116 4205 
2869 1621 5899 
2996 816 6205 
6434 2884 7029 
5714 2884 6804 
5497 1550 5773 
2806 448 5910 
1550 3384 5911 
3384 1550 5497 
793 2888 4123 
80 2887 2888 
2885 1187 2888 
1635 2889 6123 
4058 832 6122 
1610 4617 4618 
1610 2890 3451 
792 2891 5490 
2891 3434 5490 
7100 1939 7101 
1939 4589 6721 
1212 2893 4966 
3504 849 4633 
5424 2894 6878 
6324 621 6933 
2953 1921 6090 
2895 2953 6090 
2896 172 4304 
953 2896 4304 
3579 1345 3670 
5166 3138 7043 
794 2091 2898 
3364 101 3902 
4124 1352 5183 
3436 2289 5031 
3578 408 4709 
3223 1679 5755 
560 2901 5754 
6234 109 6788 
2341 2902 4794 
2160 4115 4261 
4115 1253 4261 
3423 1633 6197 
133 4243 6196 
2905 7 5750 
1588 2905 5750 
3811 1047 6793 
1710 6462 6463 
840 6462 6971 
4513 217 5789 
217 2908 4365 
815 2087 2909 
2087 108 2909 
5200 1566 5562 
798 2910 5980 
974 3275 3858 
470 3275 6640 
3377 1869 6555 
2912 1869 3637 
1233 3757 5443 
2913 1233 3025 
2287 857 2914 
6654 1836 6655 
2319 292 5187 
4862 2360 4864 
385 2916 4704 
1142 2916 6839 
3641 1469 6264 
1469 3346 7056 
873 2918 4777 
3094 873 4777 
2919 782 5854 
6861 2919 7088 
1719 5513 6424 
167 2920 6228 
2921 4421 6169 
43 42 2921 
2922 608 6360 
1182 2922 6360 
3676 1634 6489 
1634 2190 2923 
2924 1311 6742 
491 2924 6742 
818 1933 2925 
2925 1933 3729 
4003 2926 5991 
818 2926 4003 
805 2927 3193 
2440 805 3193 
2084 3402 5074 
845 3402 3940 
878 2045 2929 
2045 155 2929 
2930 371 6803 
1283 6585 6803 
2931 627 4393 
1095 2931 4393 
4254 1054 5606 
2932 4254 5606 
329 2933 3434 
2891 329 3434 
183 2934 4995 
5169 1937 6078 
2402 930 2935 
1325 2935 3304 
2936 6746 6747 
295 2936 6747 
3752 2937 4724 
855 2937 3752 
1257 2938 6610 
2938 1257 3383 
709 2569 2939 
2569 1486 2939 
2940 1330 5832 
100 2940 5832 
2941 1037 6430 
461 5130 6430 
2942 935 6689 
127 4688 6689 
679 2469 2943 
2469 996 2943 
3518 2458 7039 
2458 279 2944 
2946 1686 3341 
1008 2946 3341 
1686 2946 5390 
2947 369 5212 
1243 2947 5212 
4441 2948 6762 
1167 2948 4441 
594 1978 2949 
1978 939 2949 
5730 1539 5885 
2950 1539 6069 
3941 405 4273 
3211 726 5948 
2952 1078 5782 
308 2952 5782 
2229 718 5042 
1921 2953 6456 
2057 334 6437 
334 2954 6437 
2288 824 4767 
824 2955 4767 
3145 1736 4159 
2956 950 4159 
2957 314 5848 
1072 2957 5848 
1762 4337 6512 
3028 3878 5223 
52 51 3274 
51 2959 3274 
2960 750 4903 
1202 2960 4903 
1124 2961 4324 
3909 484 4161 
3940 7059 7124 
3229 1488 3230 
31 30 3917 
30 2963 3917 
3224 2017 6634 
4475 802 6856 
979 2965 3278 
3277 979 5132 
2326 3978 4326 
895 2326 4326 
1061 2967 6296 
2967 4156 6296 
2561 736 2968 
1585 3483 5878 
803 1990 2969 
559 2969 6084 
2319 2970 3565 
2319 715 2970 
342 3175 6779 
1102 2971 4054 
2972 629 6094 
1065 2972 6094 
2973 4729 4907 
1859 7109 7110 
1228 3155 4619 
2811 5601 6260 
3181 1766 6162 
1766 2975 6162 
2738 1029 4770 
1029 2976 4770 
2595 1557 4063 
2979 806 5949 
4345 1535 5161 
806 2978 5893 
1557 2979 5949 
5181 463 5182 
412 3250 5215 
922 2980 3250 
2340 3222 6529 
364 2981 3222 
830 5235 5236 
1518 4320 4321 
1344 4852 4853 
2983 1344 4288 
1191 2999 4595 
4270 168 4594 
90 2985 7062 
2985 6643 7062 
2986 97 5090 
1141 2986 5090 
2987 6558 6559 
378 2987 6559 
1097 4148 7090 
323 5571 6852 
2023 2989 5589 
757 2989 6714 
331 1972 2990 
2992 808 6719 
1178 4070 4546 
2990 808 4662 
1972 2992 6719 
1972 557 2992 
2994 1802 6787 
204 2993 6786 
5211 1802 6785 
839 2994 6787 
5099 2995 7063 
1761 2995 5099 
2996 6205 6206 
235 2996 6206 
2188 7072 7073 
947 2997 7072 
5027 362 5636 
362 2998 5636 
2999 1191 5144 
675 2999 5144 
2139 1182 4084 
1898 3000 5171 
3001 1170 6104 
352 3001 6104 
2496 975 4896 
975 3002 4896 
3003 414 5579 
2453 814 3993 
814 3004 6681 
1779 5702 6681 
1453 3005 5855 
1453 3403 5128 
904 2039 3006 
3006 2039 6338 
3013 797 5434 
1508 3013 5434 
527 4186 4919 
527 3008 4186 
3009 207 6702 
924 3009 6702 
2703 812 6294 
812 3010 6294 
4258 3011 6642 
1923 3011 4258 
3012 153 5088 
1358 3012 5088 
267 2879 3268 
2879 797 3013 
1276 4214 5117 
1276 3014 4214 
3708 1892 6221 
4175 885 7035 
2815 431 4999 
431 3016 4999 
132 4202 6097 
3018 5102 5103 
324 3018 5103 
1829 6981 6982 
3406 449 6981 
3020 963 5618 
518 3020 5618 
3021 1160 6431 
975 3021 6431 
1092 4101 4135 
2796 883 6495 
1850 3023 5199 
3024 505 6326 
972 3024 6326 
1527 5871 5872 
3026 834 5871 
3026 5871 5873 
449 3026 5873 
4747 1245 4749 
2363 204 4750 
1630 2958 3028 
4337 686 6512 
821 3029 6336 
1494 3030 6336 
3756 3030 4850 
821 3030 3756 
3031 3500 5201 
1897 5201 6326 
4237 3032 5159 
819 3032 4237 
91 2492 3033 
819 3033 5896 
2824 780 3034 
2005 1432 5397 
10 11 4398 
3035 4398 4913 
4014 3036 6401 
841 3036 4014 
3519 4642 6066 
4425 1700 5940 
1352 4124 5184 
3039 846 4124 
1950 3039 4124 
1950 738 3039 
3040 3039 6872 
126 6699 6872 
4131 465 6729 
1603 3489 5903 
4387 1651 6403 
825 4387 6403 
1559 3043 5545 
3548 858 5448 
229 2008 3044 
2008 922 3044 
967 2384 3045 
2384 762 3045 
1120 2789 3046 
2789 328 3046 
1570 3804 6516 
1497 3047 3645 
208 3697 5456 
881 3048 6912 
1396 3049 4197 
3778 1396 4197 
2150 3050 6628 
3050 5427 6628 
3241 1803 6859 
6795 836 6858 
443 3214 3215 
3345 836 3809 
2802 1244 3053 
3053 1244 3244 
790 3054 4150 
4076 1790 6657 
889 3055 6659 
3055 3056 6659 
943 3066 6763 
3066 890 6763 
931 2031 3608 
943 3057 4783 
3058 1048 6730 
568 3058 6730 
1587 3059 5747 
2734 956 5748 
107 3060 6649 
1874 3951 6649 
175 3061 3927 
4320 1287 4321 
792 3062 7101 
1526 3601 5203 
3967 1917 4496 
3064 878 5892 
614 3064 6443 
3064 5892 6443 
4292 1657 6671 
237 4292 6671 
890 3066 3904 
890 3194 5452 
1720 3935 6548 
3394 483 6549 
4094 1286 4924 
831 3068 4925 
5826 1656 6363 
2907 242 6463 
3069 1974 6728 
557 3070 6227 
4454 3176 6574 
1364 3177 6796 
4805 2781 7054 
4806 2771 6019 
1754 4011 4457 
4011 1059 4457 
909 2936 3074 
2936 1234 3074 
2713 3075 5677 
2713 865 3075 
4156 1723 6296 
3314 1723 5209 
3076 852 5106 
852 3077 5106 
2268 1340 4061 
852 3078 4876 
439 3079 4322 
6341 3220 6342 
677 4714 5764 
3080 677 6836 
595 4477 5543 
595 3081 4477 
3082 1053 7098 
330 3082 7098 
453 3663 6108 
993 3083 3663 
3084 253 5168 
1350 3084 5168 
1113 3085 4103 
1113 3968 3969 
3086 2538 4427 
487 3086 4427 
3087 2010 5226 
5145 478 5146 
3088 744 5706 
1274 3088 5706 
708 2385 3089 
2385 1096 3089 
2002 3908 6595 
927 3090 3908 
1530 3091 5582 
3090 927 4537 
1532 3092 5869 
3550 628 4670 
3861 1665 6308 
548 3093 6309 
2213 3094 4777 
2213 617 3094 
1267 3095 6877 
2990 4662 6877 
855 3096 3598 
3096 5929 6248 
5113 486 6185 
1694 3097 6426 
6000 3098 7005 
1466 3098 6000 
1462 3099 4149 
4420 554 5417 
922 2008 3100 
3100 2008 3618 
1732 3101 6819 
3101 1732 4065 
3102 1213 5237 
712 3102 5237 
1876 3103 6409 
4675 1221 7049 
1875 4016 4256 
4016 1125 4256 
4985 1297 6807 
1879 3105 4188 
1507 3106 5498 
2177 105 5500 
843 3107 4912 
3109 843 4912 
2335 843 5075 
2726 3109 4912 
2726 359 3109 
3110 424 6231 
1158 3110 6231 
1266 3111 5607 
1200 2961 3382 
2769 1012 6334 
1012 3112 5925 
1497 3113 5766 
3113 1497 3646 
1534 3114 4460 
3403 623 5128 
3218 838 6613 
1578 5141 6002 
2209 3116 4776 
2209 853 3116 
112 2445 4461 
2445 689 3117 
1463 2198 3118 
2198 1012 3118 
125 3119 6058 
3119 4255 6058 
229 2278 3120 
3120 2278 3885 
1280 3975 6321 
3121 1280 5955 
6114 3122 6821 
451 3122 6114 
2717 5671 5898 
5671 1485 5898 
2231 6016 6017 
3789 1146 3790 
1696 6434 7029 
5977 848 6500 
5977 1567 5978 
3126 5977 6500 
3126 1567 5977 
282 3127 5978 
1888 3128 3129 
2226 127 7032 
991 3791 3793 
545 3129 3791 
2395 1324 4325 
3748 309 5376 
3131 1797 3656 
1778 3131 6667 
4394 1060 6380 
1060 3132 5494 
2396 1468 3133 
2270 203 5396 
782 3134 6487 
1861 3134 6862 
70 3135 5506 
2118 3305 5506 
1697 3318 6466 
3705 3347 4962 
238 2255 4208 
4208 2255 6210 
1345 3138 5166 
3138 1345 5624 
2827 1448 6001 
1448 3139 6001 
830 2982 3140 
2982 1638 3140 
3984 1217 5122 
358 3141 5122 
996 2873 3142 
2873 375 3142 
450 2451 3143 
2451 1435 3143 
5657 82 6896 
82 2043 3144 
1822 6423 6905 
547 5791 6423 
690 2504 3316 
2504 1379 3316 
1594 4211 4607 
2910 1566 5980 
3192 1669 6275 
1669 3836 6706 
3772 632 4347 
1662 3149 4754 
857 4438 6168 
2352 419 3150 
3055 889 5846 
889 3151 5846 
1038 2728 3712 
2728 512 3152 
3285 1842 7013 
6359 859 7015 
274 2410 3154 
2410 870 3154 
1228 2974 3155 
3155 2974 6355 
8 1979 3156 
870 3156 6533 
5256 56 5390 
56 3157 4485 
1685 6453 6454 
6452 856 6453 
3050 740 4579 
740 3159 4503 
2259 5984 6962 
3161 911 5984 
2259 3161 5984 
2259 235 3161 
1058 3163 3980 
1058 3162 3163 
3163 444 5938 
1057 3163 5938 
3785 1558 4430 
1558 5181 5182 
1336 3165 4637 
2455 188 4281 
4513 1185 5194 
357 3166 4113 
2576 1339 4524 
3168 906 4666 
1339 4522 4666 
530 3168 4522 
3170 1033 6459 
1034 3170 6459 
3170 89 4592 
1033 3170 4592 
996 2469 3171 
2469 62 3171 
5043 3172 6770 
71 3172 5043 
2048 444 3903 
444 3173 3903 
1721 3174 6229 
3174 1721 4972 
3175 342 6263 
4054 2971 6263 
134 3176 4454 
3476 1812 6887 
914 3177 6886 
2858 1484 5603 
1484 3178 5603 
4495 3179 6838 
1885 3179 4495 
3590 1322 4704 
1322 2860 3180 
1454 5559 6658 
5115 115 5558 
2362 1018 6006 
1018 3182 4262 
943 2031 3183 
2031 378 3183 
4538 2875 5894 
891 3184 4538 
3185 2240 5804 
3189 1471 5507 
453 3186 5681 
3849 1574 4946 
732 3187 6897 
3853 1327 5388 
4117 1865 4118 
3619 202 5947 
1470 3189 5454 
3189 1470 5912 
323 2792 3190 
2792 1099 3190 
237 3191 4380 
237 3065 4292 
854 3192 6275 
854 2099 3192 
3193 2927 5165 
2222 3193 5165 
3194 890 3904 
2385 3194 3904 
1763 3195 4372 
3196 864 6716 
3196 6716 6717 
280 3196 6717 
3678 346 4581 
1166 3678 4581 
3908 2002 5063 
2656 477 4591 
3199 2136 4191 
4057 440 4820 
4155 788 6998 
1414 3200 6998 
682 2376 3201 
3202 867 6445 
2376 3202 6445 
2376 433 3202 
1113 4103 5214 
214 4103 5845 
823 2634 3204 
3204 2634 5158 
960 2040 6801 
2040 3205 6801 
3675 1064 4961 
3676 2237 4961 
962 2249 3207 
3207 2249 4412 
1969 3208 6715 
3643 290 5123 
1428 3209 5405 
1428 3853 5388 
2544 822 5157 
2262 1555 5829 
2443 1695 5948 
894 3211 5541 
692 2455 3212 
3212 2455 4281 
5922 570 6395 
1448 4093 6908 
3052 443 5793 
443 3215 5793 
3215 1002 5809 
1069 3215 5809 
351 3216 5641 
2911 1049 3858 
2142 605 5136 
605 3217 5136 
3218 6613 6771 
493 3218 6771 
1652 3290 5626 
110 3290 6346 
1655 6341 6342 
439 3220 6341 
246 2662 3221 
2662 1256 3221 
5158 2634 6518 
364 3222 4760 
2172 200 5150 
200 3223 5150 
610 3224 6634 
2849 1512 5614 
1528 3225 5686 
2434 707 5687 
55 3226 4082 
2296 55 4082 
3227 1879 4790 
1296 3227 4790 
3363 1150 4796 
147 3363 4796 
902 2962 3229 
287 3229 7124 
902 3230 6083 
3230 5833 6083 
4670 1532 4705 
902 3231 5870 
911 3161 3232 
3161 2233 3232 
1642 3233 6155 
4034 331 6156 
3234 425 5060 
1295 2073 3234 
2454 4769 5815 
940 2454 5815 
2086 3464 4563 
2871 2086 7045 
594 1977 3237 
1401 3237 4809 
3239 1647 6577 
3562 466 6176 
2517 1365 4891 
4852 164 4890 
3240 908 3414 
167 3240 3414 
6429 1803 6860 
156 3241 6859 
3242 6429 6860 
888 3242 6860 
1813 6624 6625 
888 3243 6624 
4105 1142 6839 
3244 4105 6839 
3487 1511 4132 
3245 1511 3647 
4795 3246 5955 
286 3246 4795 
3121 875 5996 
875 3247 5996 
1702 3248 6566 
2611 874 6567 
874 3249 6131 
3555 874 6131 
3044 922 3546 
922 3250 3546 
445 3251 6011 
3490 1502 5109 
3252 955 6663 
115 3252 6663 
3253 3633 5676 
938 3253 5676 
1451 3254 5555 
3254 4056 5555 
3359 1541 5888 
2917 432 5886 
7080 1857 7114 
5030 518 6414 
1240 3257 4678 
3257 1240 5225 
2025 303 5932 
303 3258 5932 
3259 1198 6373 
648 3259 6373 
2253 4196 6054 
4196 3260 6054 
3946 1478 6776 
657 3946 6776 
1781 2126 6958 
2126 835 3262 
3913 1084 6049 
2007 959 3263 
959 2007 3264 
2007 214 3264 
1656 3265 6242 
3787 1020 5826 
3566 501 5909 
501 4059 5909 
3147 1594 4607 
903 3267 6080 
2879 3013 3268 
3013 903 3268 
1490 4740 6389 
4740 1490 5522 
1771 3220 3270 
3220 439 3270 
3271 5515 5517 
905 3271 5517 
3272 372 4104 
3365 1250 4104 
4885 3381 4886 
3273 1275 5784 
3274 1819 3450 
53 52 3274 
470 2911 3275 
3275 2911 3858 
3858 1049 4582 
1049 3216 4582 
2409 436 5459 
436 3277 5459 
16 15 6935 
15 3278 6935 
979 1942 3279 
1942 341 3279 
1728 3280 6631 
2275 916 4499 
3281 1535 4345 
989 3281 4345 
1156 2829 3282 
2829 339 3282 
4418 3283 6564 
1883 3283 4418 
3909 1614 6166 
105 3284 6165 
3285 6415 6464 
885 3285 6464 
885 2064 3286 
3286 2064 3289 
886 2064 3287 
2064 294 3287 
3288 4560 4561 
88 3288 4561 
513 3289 7081 
3340 513 7081 
110 3219 3290 
3290 3219 5626 
492 5877 6809 
1585 5877 6411 
1606 3292 6105 
1606 2032 3292 
1464 2898 3938 
2898 101 3938 
2036 879 3294 
1319 4898 5969 
2606 1335 5098 
3295 1335 6505 
1590 3296 6720 
677 3493 4234 
2262 822 3297 
822 2219 3297 
43 44 3299 
44 45 3298 
44 3298 3299 
3298 1111 3299 
2279 413 4648 
413 3300 4648 
1827 3302 4219 
3302 912 4219 
3303 912 3765 
3301 912 4651 
912 3303 4651 
930 2118 3304 
2118 423 3304 
930 2337 3305 
2337 70 3305 
1980 881 3306 
1757 5105 5154 
1361 3307 4583 
3307 4305 4583 
2952 1334 4484 
2201 901 5138 
2122 597 5387 
597 3309 5387 
827 3071 4593 
3071 1188 3310 
3408 995 4447 
1456 3311 5493 
948 3312 4310 
2648 948 4310 
3313 1008 5834 
223 3313 5834 
3076 447 5209 
447 3314 5209 
1685 3315 6453 
1685 3883 6086 
4255 1741 6058 
5581 690 6057 
2531 5477 5897 
5477 1449 5897 
1028 2479 3318 
2479 190 3318 
977 2127 3319 
2127 159 3319 
2435 3411 5038 
3411 3320 5038 
3937 211 6256 
3988 2316 5084 
3322 2137 5647 
1927 3322 5647 
3323 6816 6817 
244 3323 6817 
1782 6816 6818 
3323 897 6816 
418 3325 4378 
3325 3857 4378 
3326 2143 5446 
1626 2182 3596 
951 2750 3327 
2750 106 3327 
86 1915 3328 
1915 958 3328 
958 3329 6754 
3329 4136 6754 
2818 1086 3330 
2666 1523 5048 
1010 2270 3331 
2270 652 3331 
3332 6831 6832 
1043 3332 6832 
3333 1106 5015 
520 3333 5015 
2965 1024 4464 
1024 3334 4464 
3535 124 5070 
124 3335 5070 
2442 3211 3336 
3211 894 3336 
616 2241 3337 
2241 969 3337 
3249 111 6130 
111 2078 3338 
512 3339 5064 
1901 3349 5064 
361 3360 3775 
3360 1843 3775 
3532 1684 5599 
5599 1684 6183 
3342 887 6646 
1623 3342 6646 
3343 561 5176 
1115 3343 5176 
1097 3344 3817 
6095 3377 6555 
2193 836 3345 
1331 3345 3809 
3255 432 6213 
432 3346 5391 
3347 990 7097 
728 3347 7097 
766 2788 3348 
1083 3348 5641 
3045 1608 5511 
512 3349 5512 
3350 1348 5576 
721 3350 5576 
2198 1463 5502 
328 3351 5503 
6922 2548 6923 
2548 166 3352 
5580 1604 6392 
2762 898 3949 
3354 6159 6847 
1853 3353 6847 
2113 1494 5595 
3029 437 5594 
1442 4893 5803 
986 3356 4894 
3512 1727 3513 
1007 3514 3591 
3358 1178 6305 
123 3358 6305 
1858 290 3359 
1541 3359 3643 
3711 1038 7057 
1038 3360 3730 
1225 3362 3966 
1619 3361 5935 
4940 1970 6269 
6269 1970 6497 
6232 1794 6233 
1794 3276 3567 
900 2196 3364 
2196 101 3364 
372 2426 3365 
2426 900 3365 
2501 965 4112 
965 3366 4112 
3367 96 5162 
965 3367 5162 
3368 4018 5644 
4018 2644 5644 
3369 1010 5177 
299 3369 5177 
5616 2082 6983 
3370 2082 4494 
926 3372 4819 
146 3372 6243 
146 3371 3372 
3372 3371 4819 
3372 926 5543 
926 3373 5543 
743 5953 6973 
3374 1502 6193 
3375 309 5551 
1324 3375 5551 
3009 924 4702 
924 3376 4702 
215 4746 4941 
215 3377 3378 
3378 1097 7090 
1258 3378 4723 
899 2071 3379 
3379 2071 3707 
171 2071 3380 
2071 899 3380 
1275 4885 4886 
899 3381 4885 
2271 1266 5726 
1266 3382 5726 
3383 1042 3468 
94 3383 3468 
2886 256 5497 
256 3384 5497 
572 3385 6789 
1654 3385 4599 
1908 3386 7066 
4198 3386 4298 
1611 3387 4707 
1611 4134 4199 
5130 1493 5208 
2752 4685 6686 
1771 3875 6731 
835 3389 6732 
768 2521 3390 
2521 1206 3390 
2442 476 6387 
476 4097 6387 
3835 1756 6620 
3564 6744 6930 
1643 5118 6279 
5118 3835 6620 
3393 907 6319 
907 3394 6319 
722 2406 3395 
2406 1040 3395 
5055 3396 6698 
1434 3396 5055 
3397 1338 6093 
676 3397 6093 
1087 5298 5410 
1745 6668 6669 
283 3399 6668 
2247 629 4271 
629 3400 4271 
4346 3401 6053 
997 3401 4346 
845 2928 3402 
3402 2928 5074 
1452 3403 5134 
623 3665 5814 
1644 6247 6248 
3752 1079 6246 
1759 6521 6522 
3405 6521 6980 
1829 3406 6981 
6521 920 6980 
5188 3406 5408 
3406 920 5408 
2184 103 4447 
103 3408 4447 
1052 2711 3409 
2711 767 3409 
978 2435 3410 
2435 427 3410 
6106 1606 6814 
313 3411 6814 
85 2032 3412 
2032 978 3412 
3413 1920 4413 
421 3413 4413 
167 4759 4789 
167 3414 4759 
2281 3415 3417 
2281 641 3415 
3535 1357 4650 
420 3416 5071 
1537 5863 5864 
2287 232 5863 
1359 4721 5085 
2583 713 4721 
2642 379 3419 
5022 1303 6531 
973 2422 3420 
567 3420 5173 
77 3421 6995 
4391 77 6995 
1980 3422 5218 
1980 417 3422 
3423 1725 3579 
1633 3777 6196 
4598 254 6117 
254 3424 3582 
1582 6882 6900 
1228 4620 4621 
2308 166 5937 
166 3426 5937 
1562 3427 5961 
3427 1562 6488 
338 3428 5437 
3428 4498 5437 
3429 1186 3831 
169 3429 3831 
2977 806 6822 
1535 5893 6388 
2847 1670 6284 
2384 967 6285 
2608 251 5792 
251 3432 5792 
2768 796 6298 
796 3433 6298 
3434 2933 4152 
1526 3434 4152 
618 3311 3435 
3311 1456 3435 
3436 847 6915 
1352 3436 6915 
3088 1768 3437 
3437 1768 4818 
1160 2299 6431 
4236 340 6680 
1042 2559 3439 
2559 310 3439 
3440 969 6868 
325 6088 6868 
733 4033 4815 
2059 3441 4179 
375 2185 3442 
2185 941 3442 
2195 367 6222 
367 3443 6222 
5334 387 6997 
3445 622 5111 
3445 5111 5114 
1153 3446 6764 
3460 308 3725 
3447 2721 3700 
521 3447 3700 
3446 3448 6181 
3446 308 3448 
2291 668 6034 
668 3449 6034 
5 4 4283 
4 3450 4283 
3451 2890 5733 
5527 473 5847 
3166 3452 4113 
3166 906 3452 
1676 3453 4504 
869 3453 3575 
2048 1312 3454 
3537 184 6189 
1303 4221 5914 
5939 84 7121 
3456 1299 5046 
456 3456 5046 
3526 3457 5003 
998 3457 3526 
2081 4312 5632 
4312 349 5632 
610 2043 3459 
2043 936 3459 
1153 3459 3725 
3459 936 3725 
203 2270 3461 
2270 1010 3461 
3462 2503 5738 
4458 529 5185 
1636 3463 5946 
1106 3333 3681 
3464 1106 3681 
928 3465 4551 
1747 3495 4551 
2368 1385 3466 
406 2261 4955 
3351 3467 5685 
3351 328 3467 
2740 1662 3468 
3468 1662 4753 
3469 5920 5921 
196 3469 5921 
1679 2072 5754 
2072 980 3470 
2363 1544 5190 
1992 305 5189 
3472 541 6178 
4417 2663 6178 
2515 113 6492 
113 3473 6492 
3474 6024 6025 
949 3474 6025 
2501 3475 3561 
2501 302 3475 
306 2841 3476 
2841 1812 3476 
642 2342 4542 
2342 493 3477 
1610 3451 3478 
3451 473 3478 
5347 389 7105 
3480 4530 4531 
942 3480 4531 
942 2180 3481 
2180 3962 6074 
742 3482 5058 
742 2115 3482 
3483 1585 6411 
736 3483 6411 
2802 3484 7103 
2802 984 3484 
1446 3485 4549 
424 3485 3886 
799 2819 3486 
2819 1949 3486 
3647 1511 6439 
1511 3245 4132 
6587 841 6790 
2248 1701 4014 
3489 1603 6179 
465 3489 6179 
1502 3490 6193 
1673 3490 5109 
1046 2908 3491 
3491 2908 4536 
588 3492 6866 
1800 3290 4556 
4234 1590 6720 
677 4234 6720 
1582 3494 6061 
4619 706 6032 
3496 928 6150 
928 3495 6150 
474 3496 6151 
5778 474 6151 
2483 1361 3497 
4583 4306 6378 
1548 3498 4686 
3958 209 5463 
1196 2260 3499 
2260 681 3499 
401 2295 3500 
972 3953 5851 
2038 429 4379 
1449 3501 5476 
1642 4034 6156 
1642 3502 3973 
3503 854 6653 
1738 3503 6653 
3504 1569 6385 
849 3504 6385 
166 2308 3505 
2308 1031 3505 
1115 2695 3506 
2695 332 3506 
1026 3650 5954 
59 3507 3649 
3507 3508 3649 
3507 1374 3508 
3903 1023 4781 
1023 3509 4781 
378 2031 3510 
2031 931 3510 
2069 6304 6876 
2069 931 3511 
3591 1071 4242 
3357 234 3512 
1561 1959 7078 
3514 1007 5725 
3512 1007 4242 
1007 3591 4242 
1726 4713 5715 
4472 216 4713 
3516 174 6244 
1608 3516 6244 
2860 1322 3517 
3517 1322 3694 
842 3518 7039 
842 2192 3518 
3519 552 3689 
1161 3519 3689 
1275 2493 3520 
2493 695 3520 
2976 2460 6515 
2967 1061 7104 
1982 934 5584 
934 3522 5584 
298 1912 3523 
1912 933 3523 
1842 3524 7015 
3286 513 7014 
1193 3525 4587 
4587 2534 4588 
5344 1873 6565 
1873 998 3526 
3457 998 5473 
998 3527 5473 
6487 1863 6738 
1863 946 3528 
946 1863 3529 
1863 565 3529 
1362 4922 6617 
415 3530 5238 
991 1887 3531 
1887 187 3531 
3883 2323 6086 
2323 3532 5599 
2191 3534 5919 
3534 3533 5919 
1355 2699 7030 
2699 1388 3534 
4650 910 6851 
1749 3535 6851 
758 2678 3868 
2678 1371 3868 
1312 6035 6189 
1618 3537 6035 
2799 1864 4086 
5787 341 6270 
1511 3487 3539 
3487 828 3539 
442 2737 3540 
2737 1171 3540 
3541 3327 5802 
516 3541 5802 
820 2750 3542 
2750 951 3542 
1957 944 5231 
944 3544 5231 
3544 1027 6676 
326 3544 6676 
2635 1602 3545 
2391 258 5095 
3250 2485 3546 
2485 688 3546 
3547 1913 3950 
933 1912 3547 
3548 2226 3963 
1936 3548 5448 
35 34 6041 
6041 34 6953 
3550 1293 6884 
628 3550 6884 
945 2426 3551 
2426 372 3551 
663 2356 3552 
2356 945 3552 
934 1982 3553 
1982 477 3553 
3554 2940 4349 
1731 4727 4728 
3248 3555 4634 
3248 874 3555 
1710 3556 6462 
1710 3265 3603 
1040 2354 3557 
2354 336 3557 
1254 3558 4761 
2667 1254 4761 
461 2524 3559 
2524 1036 3559 
6928 745 6944 
1475 4344 7040 
949 2499 3561 
2499 727 3561 
1647 3562 6176 
3562 1647 5243 
1955 3563 4004 
1955 952 3563 
952 1955 3564 
1955 6726 6727 
2970 958 3565 
4136 1907 6754 
501 3266 4059 
5111 989 5114 
1150 3567 7108 
3567 4883 7108 
707 3568 6765 
5242 707 6292 
1934 3570 5062 
3570 968 5062 
968 3570 4302 
1149 3571 4302 
3571 423 4660 
968 3571 4660 
2162 880 3572 
880 1942 3572 
2603 798 3573 
4211 1833 4607 
5891 1687 5968 
553 5091 7022 
3453 1676 3575 
423 3575 4660 
160 2701 3576 
2701 1027 3576 
1888 3577 7034 
3129 545 7033 
2960 1202 4709 
1202 3578 4709 
1345 3579 5624 
795 3579 3670 
3580 1780 4567 
1149 2249 6277 
3871 1076 5839 
1076 3581 5839 
4106 841 6587 
1654 4106 6587 
944 3583 5995 
3583 5442 5995 
944 1957 3584 
1957 541 3584 
736 2561 3585 
3585 2561 5989 
2161 671 3586 
1967 6355 6599 
1953 3587 6637 
1953 276 3587 
5001 1801 5637 
585 3588 5810 
307 3589 6337 
3672 307 6337 
3590 1847 4264 
1322 3590 3694 
3591 414 4977 
1071 3591 4977 
544 3592 6534 
2843 5011 6534 
3424 1424 5409 
3982 507 4553 
776 2754 3594 
2754 1433 3594 
4069 1716 5225 
3595 1716 4094 
3596 1190 5435 
502 3596 5435 
2743 785 6381 
785 3597 6381 
2324 683 3598 
683 2323 3598 
4178 467 6351 
467 4178 5562 
1809 4856 6510 
3807 189 3808 
1438 5050 5203 
5050 1526 5203 
452 3111 3602 
3111 1674 3602 
1712 5433 6405 
3735 495 5433 
562 3604 5941 
5076 1820 6039 
1233 2913 3605 
2913 374 3605 
463 2979 3606 
2979 1557 3606 
1044 3607 6691 
3657 1044 5418 
3057 3608 4783 
3057 135 3608 
436 2409 3609 
2409 953 3609 
953 2409 3610 
2409 779 3610 
1546 3611 5785 
5786 4667 6312 
452 3602 3612 
3602 1553 3612 
161 2028 3613 
2028 957 3613 
3398 1492 5410 
5384 5071 6865 
3615 1274 7095 
373 3615 7095 
999 1919 3616 
1919 473 3616 
999 2008 3617 
2008 229 3617 
5668 1542 7122 
5520 471 6023 
4119 1866 4120 
4142 4733 6633 
1900 3620 4075 
3620 1900 4025 
569 2661 3621 
2661 1316 3621 
108 2375 3622 
2375 1129 3622 
960 2525 3623 
2525 111 3623 
381 2706 3624 
2706 960 3624 
1181 2607 6753 
2607 970 3625 
171 3626 6055 
2746 4388 6055 
6556 3627 6557 
2800 5450 6557 
2958 1630 4042 
3878 515 5223 
2670 800 3629 
1941 7017 7018 
1129 3201 3630 
3201 867 3630 
3485 424 4710 
424 3631 4710 
4180 1265 6322 
1265 2314 6322 
407 2133 3633 
2133 1106 3633 
1548 4002 4676 
4002 895 4676 
1637 2406 3635 
2406 722 3635 
2600 1363 5971 
1363 3636 5971 
1184 2655 3637 
2655 428 3637 
4739 2355 4741 
4740 1589 6389 
4420 1251 4632 
1251 3639 3640 
3081 1255 4348 
1255 3640 4348 
961 2147 3641 
2147 87 3641 
2147 961 7050 
961 3642 7050 
3642 3643 5123 
3642 961 3643 
2557 4716 5631 
2557 3644 4716 
3645 4416 6990 
1021 3645 6990 
5430 3646 6956 
119 3646 5430 
4706 1426 6956 
3646 1021 6956 
3648 1026 5954 
3650 2502 5954 
3648 4763 5758 
59 3649 5402 
3650 3508 6364 
699 3650 6364 
963 3020 3651 
3651 3020 4698 
2810 3208 3652 
3208 290 3652 
800 2670 3653 
2670 2004 3653 
343 2831 3654 
2831 1501 3654 
480 2883 3655 
3655 2883 6632 
