906 3167 4666 
3167 72 4524 
170 3786 4525 
3787 1675 6350 
1188 2387 4526 
2387 708 4526 
420 2665 4527 
2665 1358 4527 
1358 2665 4528 
2665 809 4528 
2023 4529 6714 
4529 2023 4978 
377 2260 4530 
2260 1196 4530 
1196 2180 4531 
2180 942 4531 
3499 1573 6509 
157 4532 4906 
1181 2611 4533 
2611 491 4533 
1179 1961 4534 
1961 206 4534 
655 2381 4725 
2381 382 4535 
2908 1706 4536 
4073 531 4837 
927 3091 4537 
3091 1530 4537 
1148 4538 4735 
1148 2875 4538 
936 2043 4539 
2043 82 4539 
1140 2273 4540 
2273 333 4540 
2603 1295 4541 
1295 2720 4541 
2342 3477 4542 
3477 966 4542 
2349 26 4543 
26 25 4543 
187 3840 4544 
1207 4544 4649 
655 2380 4545 
2380 1178 4545 
382 2381 4546 
2381 1178 4546 
2693 1641 4919 
1641 4547 4919 
306 2387 4548 
2387 1188 4548 
634 2167 4549 
2167 1446 4549 
1732 4550 6902 
4694 230 6636 
3465 522 4551 
1747 4551 5018 
1758 4301 4552 
4301 871 4552 
507 3593 4553 
3593 1424 4553 
78 2176 4554 
2176 1215 4554 
1215 3078 4555 
3078 852 4555 
1652 3746 4556 
3746 588 4556 
2032 4557 6313 
2032 85 4557 
1234 2936 4558 
2936 295 4558 
3344 664 4559 
6823 2155 6824 
886 2095 4560 
1190 4560 5435 
1746 6674 6675 
88 4561 6674 
332 2322 6174 
2322 683 4562 
304 3236 4563 
3236 939 4563 
2685 738 4564 
738 2327 4564 
1152 2321 4565 
2321 284 4565 
219 3833 4566 
3833 1316 4566 
4502 537 6224 
537 4567 6224 
4568 116 6209 
1226 4568 6209 
1432 2541 6563 
807 4569 6583 
4081 3873 4570 
3873 191 4570 
4570 2214 4571 
2214 617 4571 
4081 4572 6812 
4081 1195 4572 
4573 3951 6561 
625 4573 6561 
500 2496 4574 
3951 1260 6695 
280 3116 4575 
3116 1435 4575 
658 2489 4576 
2489 1703 4576 
3765 3302 4577 
3302 137 4577 
3221 1845 6410 
4578 1845 4579 
740 4503 4579 
4503 1346 4579 
1427 2650 4580 
2650 428 4580 
2077 4451 4581 
4451 1166 4581 
3216 351 4582 
351 3276 4582 
3497 1361 6378 
1361 4583 6378 
1361 2483 4584 
2483 194 4584 
315 4586 4991 
752 4585 5331 
4585 1433 4586 
3525 47 4587 
47 46 4587 
811 2587 4588 
2587 1193 4588 
4589 3636 7037 
561 4589 5176 
2715 4590 4788 
2715 249 4590 
477 3198 4591 
3198 1516 4591 
2861 3948 4592 
3948 1033 4592 
3071 3310 4593 
3310 285 4593 
168 2984 4594 
2984 1191 4594 
1170 2350 6104 
4594 1191 6684 
2645 734 4596 
4247 1653 4787 
1568 2661 6494 
2661 569 4597 
1654 4599 6117 
4599 1292 6117 
5149 1568 6494 
1292 4599 6494 
1214 2475 4600 
2475 197 4600 
1215 2105 4904 
2105 1214 4601 
1214 2105 4602 
2105 607 4602 
3492 2315 4603 
2315 5380 5381 
1350 2779 4604 
2779 458 4604 
1351 2504 4605 
2504 690 4605 
458 2899 4606 
2899 1579 4606 
1833 3573 4607 
3573 798 4607 
761 4608 6467 
761 2094 4608 
3841 1904 6622 
1904 4609 6622 
1224 2679 4610 
393 4610 5275 
4611 4612 6773 
261 4611 6773 
1224 2444 4612 
2444 615 4612 
638 2446 4613 
2446 1299 4613 
29 28 6184 
28 4614 6184 
782 2846 5854 
2846 353 4615 
1207 3266 4616 
3266 501 4616 
1610 3478 4617 
3478 863 4617 
1731 4349 6576 
4349 100 4618 
3425 4619 6032 
3425 1228 4619 
1228 3425 4620 
3425 194 4620 
573 2974 4621 
2974 1228 4621 
4405 1911 4622 
4199 1305 6535 
1239 2009 4623 
2009 117 4623 
1239 2865 4624 
354 4624 5086 
829 3060 4625 
1197 4625 4627 
1197 2638 4626 
2638 538 4626 
4625 3060 4627 
3060 107 4627 
4353 2076 4628 
943 4628 6568 
1565 5470 5722 
1565 4629 4630 
4429 593 4873 
593 4630 4631 
1825 4631 6973 
4631 6303 6973 
1251 3640 4632 
3640 1255 4632 
849 2893 4633 
2893 1212 4633 
1060 4394 4634 
4394 2636 4634 
212 4635 6573 
212 2109 4635 
4953 4636 6136 
422 4636 4953 
4636 1336 6136 
1336 4637 6136 
250 2054 4638 
3578 1202 4870 
3710 4639 5621 
3710 988 4639 
929 2758 4640 
2758 566 4640 
4641 1355 7030 
650 4641 7030 
1161 2927 4642 
2927 805 4642 
194 4643 6318 
194 2483 4643 
1540 4202 5908 
4202 132 4644 
5865 4645 6069 
1252 4645 5865 
1539 5865 6069 
2402 291 5730 
807 2452 4647 
2452 1252 4647 
641 4309 5605 
4309 2279 5605 
4544 3840 4649 
3840 1072 4649 
3416 4650 5071 
3416 910 4650 
4500 1199 4651 
1199 3301 4651 
367 2518 4652 
2518 1222 4652 
3267 2621 4653 
2621 1323 4653 
4654 2606 5098 
197 2475 4654 
1613 4381 4655 
4381 730 4655 
2391 5095 5812 
5095 1602 5812 
3765 1367 6711 
1367 4657 6711 
5157 2229 6383 
2229 1263 4658 
647 2767 4659 
2767 1263 4659 
3569 968 4851 
968 4660 4851 
1216 3263 4661 
3263 959 4661 
4070 3358 4662 
3358 1267 4662 
3095 4663 6641 
3095 1267 4663 
2881 1473 5030 
1615 4664 6799 
731 2555 4665 
4665 2555 5126 
3167 4524 4666 
4524 1339 4666 
1302 4667 5786 
4931 1302 5786 
2969 1990 6084 
1990 1302 4668 
710 2580 4669 
2580 1377 4669 
628 3092 4670 
3092 1532 4670 
3388 517 4671 
1768 4671 4818 
1343 2727 4672 
2727 99 4672 
4672 4149 4673 
4149 568 4673 
1467 5147 5148 
2727 1343 5147 
2415 4675 6837 
2415 1221 4675 
3634 1792 4676 
4676 1792 5463 
632 3149 4677 
3149 2303 4677 
161 3613 4678 
4678 3613 6605 
240 3601 4679 
3601 2017 4679 
4680 520 6524 
1849 4680 6524 
728 2748 6678 
2748 425 4681 
3435 4682 5859 
3435 1456 4682 
1900 2691 4683 
2691 591 4683 
566 4333 4684 
4333 2015 4684 
1852 4062 4685 
4062 517 4685 
4686 1989 4687 
475 4686 4687 
1549 3824 4687 
3824 475 4687 
127 2226 4688 
4688 2226 4689 
660 2604 4689 
2604 1231 4689 
2518 4690 4691 
2518 367 4690 
1221 2415 4691 
2520 729 5451 
2053 4101 4692 
4101 1092 4692 
1229 2594 4693 
2148 649 6819 
2594 4694 6636 
2594 1229 4694 
1991 4360 4695 
4360 1139 4695 
619 4696 5970 
4916 619 5970 
1219 2558 4697 
2558 765 4697 
1615 3856 4698 
3856 116 4698 
1225 3008 4699 
3008 527 4699 
4700 790 6942 
1423 4700 6942 
1499 2433 4701 
2433 497 4701 
2947 1342 4702 
1342 3009 4702 
3666 1954 4703 
1290 4703 5338 
1322 3180 4704 
3180 385 4704 
1532 3231 4705 
3231 241 4705 
460 2773 4706 
2773 1426 4706 
4146 1306 5990 
1306 4707 5990 
1611 4707 4708 
4707 1306 4708 
408 2900 4709 
2900 2960 4709 
1109 3713 4710 
3713 1457 4710 
4023 551 5963 
551 4711 5963 
2792 1249 4712 
1249 2838 4712 
216 3515 5715 
4713 216 5715 
3080 2089 4714 
1563 4714 4855 
2282 23 4715 
23 24 4715 
609 3899 4716 
3899 1826 4716 
1645 3184 4717 
3184 891 4717 
602 2205 4718 
1186 4718 5229 
1470 4719 5912 
2400 4719 5453 
337 4043 4720 
4043 2294 4720 
713 3418 4721 
4721 3418 5085 
1359 2423 4722 
4722 2423 5575 
1258 4734 5523 
4210 1258 5523 
2937 261 4724 
261 2550 4724 
2381 4535 4725 
4535 1179 4725 
556 3554 4728 
3554 1731 4728 
1729 4727 5495 
1729 5495 5561 
1729 2539 4728 
2539 556 4728 
1573 4729 4906 
1573 4906 6509 
3744 4730 5475 
3744 438 4730 
3017 4731 6097 
3017 1390 4731 
4732 2293 5376 
1543 4732 5376 
4733 4200 5093 
202 4733 5093 
4734 1586 6063 
459 4734 6063 
3184 343 4735 
343 2449 4735 
1123 2772 4736 
2772 1952 4736 
1141 3771 4737 
3771 2695 4737 
4738 2801 7084 
1145 4738 7084 
1589 3638 6389 
3638 640 4739 
3269 542 5522 
542 4740 5522 
6271 1747 6806 
1747 5522 6806 
933 1910 4742 
1910 526 4742 
3025 1233 4743 
591 2024 5443 
3648 1839 4763 
524 4744 6936 
2027 4633 4745 
4633 1212 4745 
215 3378 4746 
3378 1258 4746 
1246 2364 6536 
2364 1245 4747 
646 2364 4748 
2364 1246 4748 
1245 3027 4749 
4749 3027 5629 
204 3027 4750 
3027 1245 4750 
3954 2211 4751 
2211 396 4751 
6554 4752 6918 
1821 4752 6554 
1599 4318 4753 
4318 94 4753 
1600 3952 4755 
3952 1599 4755 
632 3772 4755 
3772 1600 4755 
2163 454 4757 
454 4756 4757 
1597 4498 4757 
4498 2163 4757 
1804 3844 4758 
3844 567 4758 
1090 2171 4759 
2171 1674 4759 
1025 3352 4760 
3352 1477 4760 
4761 3558 6490 
601 4761 6490 
4233 2125 4762 
2125 693 4762 
4744 4763 6936 
4744 1650 4763 
976 4764 4765 
3176 134 6499 
134 4765 6499 
4343 1450 6200 
1450 4766 6200 
4293 1635 4767 
1635 2288 4767 
2841 4548 4768 
4548 1188 4768 
4769 238 6249 
1522 4769 6249 
312 4770 6515 
312 2738 4770 
238 1944 4771 
1944 1422 4771 
2142 1175 4772 
1175 2431 4772 
5813 1660 5983 
1660 4773 4774 
1659 2538 4774 
2538 218 4774 
4775 740 6295 
1491 4775 6295 
4776 280 6372 
1799 4776 6372 
2918 399 4777 
399 2213 4777 
2250 4163 4778 
4163 1086 4778 
2239 879 4779 
879 2036 4779 
1312 4780 6035 
6035 3537 6189 
3509 4780 4781 
4780 1312 4781 
2862 850 4782 
850 2861 4782 
3608 2031 4783 
2031 943 4783 
4784 3660 6436 
4784 2264 6368 
1553 2171 4785 
2171 321 4785 
1653 3065 4786 
3065 237 4786 
1653 4596 4787 
4596 734 4787 
4590 1203 4788 
1203 2676 4788 
1674 3111 4789 
3111 1266 4789 
419 2352 4790 
2352 1296 4790 
2696 252 4791 
1379 2504 5296 
1197 4626 4792 
4626 1320 4792 
303 2025 4793 
1009 4793 5474 
4794 109 6864 
1521 4794 6864 
3248 286 6566 
286 4795 6566 
147 4796 4797 
4796 2274 4797 
4797 2274 6148 
1056 2615 4798 
1668 4798 6207 
3979 70 5798 
70 2337 4799 
3249 2611 4800 
2611 1181 4800 
1479 2573 4801 
2573 3447 4801 
1291 3741 4802 
3741 205 4802 
1589 4740 4803 
4740 542 4803 
1787 4294 4804 
4294 1127 4804 
1271 3072 4805 
4805 3072 6480 
748 3072 4806 
3072 1271 4806 
384 2771 4807 
2771 1271 4807 
3374 104 6712 
104 4808 6712 
3237 1977 4809 
1977 347 4809 
1261 3032 4810 
3032 819 4810 
4437 3282 4811 
3282 1261 4811 
2397 4812 4813 
2397 402 4812 
4813 2596 6110 
2397 4813 6110 
236 2561 4814 
2561 1786 4814 
1301 3501 4815 
3501 2059 4815 
597 2122 4816 
2122 1515 4816 
971 2146 4817 
4817 2146 5066 
517 4062 4818 
4062 1495 4818 
926 4819 6983 
4819 5616 6983 
440 3199 4820 
3199 1431 4820 
2907 840 4821 
6112 2420 7051 
4839 1956 7025 
1956 533 4822 
2212 4206 4823 
4206 327 4823 
1259 2782 4824 
2782 800 4824 
780 2824 4825 
2824 1259 4825 
1259 2824 4826 
2824 231 4826 
1648 3515 4827 
3515 216 4827 
1185 2778 6941 
2778 1429 4828 
1429 4338 4829 
4338 490 4829 
549 2546 4830 
2546 1284 4830 
303 2514 4831 
4831 2514 4832 
691 2513 4832 
4832 2513 5016 
1547 4833 5716 
4833 4834 5716 
4833 1205 4834 
2049 3475 4835 
3475 302 4835 
531 4536 4836 
4536 1706 4836 
207 3009 4838 
3009 1342 4838 
1707 2847 4838 
2847 207 4838 
2176 78 4839 
78 1956 4839 
1524 2462 5534 
2462 4840 5534 
749 2577 4841 
2577 1270 4841 
2771 4842 6019 
2771 384 4842 
1033 3948 4843 
3948 1690 4843 
231 2328 4844 
2328 1272 4844 
2612 4253 4845 
4253 1272 4845 
2475 4602 4846 
4602 607 4846 
1409 2437 4847 
4307 2471 4848 
2471 1281 4848 
4395 2012 4849 
2012 1281 4849 
138 2729 4850 
2729 1281 4850 
1676 4504 4851 
4504 1320 4851 
1344 2983 4852 
4852 2983 6167 
4852 2140 4853 
2140 589 4853 
485 3956 4854 
3956 3750 4854 
4714 2089 4855 
4855 2089 4994 
379 3345 4856 
3345 1331 4856 
2441 4857 6236 
2441 66 4857 
1251 3309 4858 
3309 597 4858 
1382 2630 4859 
2630 728 4859 
2284 4389 4860 
4389 631 4860 
4334 4861 5539 
4334 1157 4861 
1304 2915 4862 
2915 292 4862 
1348 2915 5576 
2915 1304 4863 
558 2029 4864 
2029 1304 4864 
312 3521 4865 
3521 2468 4865 
383 2639 4866 
2639 1269 4866 
1269 2639 4867 
2639 751 4867 
1945 4251 4868 
4251 1268 4868 
685 2430 4869 
2430 1163 4869 
1202 4638 4870 
4638 2054 4870 
1272 2328 4871 
2328 720 4871 
1104 4248 4872 
4248 2498 4872 
593 4631 4873 
4631 1825 4873 
1193 2675 4874 
2675 781 4874 
4652 1222 4875 
1222 4001 4875 
1340 3077 4876 
3077 852 4876 
530 4522 4877 
4522 2204 4877 
1777 3810 6243 
3810 919 4878 
4879 709 5245 
2705 1279 4879 
1279 2580 4880 
2580 710 4880 
4881 1024 6993 
3110 4881 6993 
1273 2612 4882 
2612 373 4882 
351 2788 4883 
2788 1859 4883 
719 2612 4884 
2612 1273 4884 
1275 3273 4885 
3380 899 5008 
298 2493 4886 
2493 1275 4886 
1278 3273 4887 
3273 380 4887 
2631 4888 5640 
2631 1458 4888 
4889 3694 6943 
1963 4889 6943 
164 3239 4890 
4891 1365 6553 
3239 872 6553 
872 4891 6553 
2839 4892 5803 
2839 497 4892 
3356 4893 4894 
3356 222 4893 
1442 2859 4894 
2859 986 4894 
3892 1430 4895 
2089 4895 4994 
4896 107 6695 
2496 4896 6695 
363 3006 4897 
3006 1682 4897 
1319 3294 4898 
3294 879 4898 
523 3294 4899 
3294 1319 4899 
4320 2129 4900 
2129 586 4900 
2816 275 4901 
275 2050 4901 
296 4902 5316 
5033 2156 5326 
2683 4638 4903 
4638 1202 4903 
2105 4601 4904 
4601 356 4904 
713 2584 4905 
5237 1213 5247 
4729 1985 4906 
1985 157 4906 
681 2532 5807 
4907 2532 6146 
2309 639 4908 
639 2822 4908 
4314 23 4909 
23 22 4909 
2543 741 4910 
741 2542 4910 
1759 5844 6521 
1759 4911 5844 
3107 754 4912 
754 2726 4912 
4398 11 4913 
11 12 4913 
711 2537 4914 
4914 2537 5794 
95 2858 4915 
2858 1285 4915 
333 2273 5794 
2273 619 4916 
1055 4195 4917 
4195 2281 4917 
2190 4694 4918 
4694 1229 4918 
4186 1899 4919 
1899 2693 4919 
1473 2808 4920 
2808 720 4920 
3530 946 5238 
946 4921 5238 
1862 4334 4922 
4334 103 4922 
1716 4069 4923 
4069 416 4923 
3068 4924 4925 
3068 270 4924 
1286 2627 4925 
2627 831 4925 
5761 1952 6267 
1868 4926 5761 
1288 2283 4927 
0 4927 4928 
4927 2283 4928 
2283 1289 4928 
2248 3928 4929 
3928 1090 4929 
212 2573 4930 
2573 1479 4930 
69 4931 5358 
1398 2508 5359 
2647 683 4932 
683 2322 4932 
760 2690 4933 
4933 2690 4934 
1397 2707 5269 
2707 1318 4934 
1318 2707 4935 
5894 564 6618 
375 2872 4936 
2872 1321 4936 
4937 199 5890 
1321 4937 5890 
199 2096 5890 
2096 604 4938 
1737 3915 4939 
3915 459 4939 
539 3642 6269 
3642 1969 6269 
4017 215 5127 
215 4941 5127 
1128 4316 4942 
4316 1940 4942 
2346 3955 4943 
3955 1053 4943 
3042 825 4944 
2922 2139 6461 
726 2951 4945 
2951 1317 4945 
1574 3186 4946 
3186 453 4946 
92 2220 4947 
3186 1574 7075 
639 4510 4948 
4510 2533 4948 
2047 196 4949 
196 2827 4949 
2020 3873 4950 
3873 1011 4950 
346 3679 4951 
3679 1478 4951 
1667 3497 4952 
3497 468 4952 
2797 4953 6134 
2797 422 4953 
1172 2108 4954 
2108 91 4954 
2261 3466 4955 
3466 1385 4955 
2639 4868 4956 
4868 1268 4956 
2011 213 4957 
213 2663 4957 
384 2018 4958 
2018 759 4958 
235 2259 6009 
3160 673 6962 
674 2404 4960 
4960 2404 6009 
2237 391 4961 
391 3206 4961 
3347 1294 4962 
1294 3136 4962 
656 2334 4963 
1296 4963 4964 
4963 2334 4964 
2334 153 4964 
2812 2479 5934 
2479 4965 5934 
2893 114 4966 
114 2837 4966 
446 3007 4967 
3007 1508 4967 
1944 2454 6103 
2454 4968 6103 
4969 2568 5457 
1807 4969 5457 
1270 2577 4970 
2577 249 4970 
2379 4361 4971 
4361 655 4971 
1719 2920 4972 
2920 833 4972 
1088 2357 4973 
1 4973 4974 
4973 2357 4974 
4974 2357 6644 
3354 1446 4975 
1446 2167 4975 
1368 2679 4976 
2679 856 4976 
3876 1071 5535 
1071 4977 5535 
430 3945 4978 
3945 1461 4978 
1587 4979 5642 
2734 1587 5642 
4859 2297 4980 
2297 400 4980 
5722 698 6281 
698 5470 5813 
2632 350 4982 
2644 1795 5644 
2304 3587 4983 
3587 276 4983 
1444 4984 6948 
4560 2095 5435 
3105 1880 6807 
1880 4985 6807 
7042 3340 7081 
1844 4986 7042 
2372 4476 4987 
4476 1070 4987 
1332 2132 5375 
1711 3733 4989 
3733 102 4989 
2349 4543 4990 
4543 1681 4990 
2044 3871 4991 
3871 804 4991 
1293 3550 4992 
3550 765 4992 
206 1961 4993 
1961 1293 4993 
1744 3199 6223 
3199 440 6223 
4995 3892 5775 
183 4995 5775 
3426 2034 5385 
2035 4996 5964 
746 2719 4997 
1217 4997 5122 
2718 1268 4998 
1268 2476 4998 
3016 1422 4999 
1422 2815 4999 
1702 2924 5000 
2924 491 5000 
5001 1570 5531 
239 5001 5531 
957 2028 5002 
2028 558 5002 
3457 1237 5003 
1237 3085 5003 
881 1980 5004 
5004 1980 5218 
2405 4960 5005 
4960 1300 5005 
2480 222 5006 
222 2242 5006 
644 4176 5007 
4176 2258 5007 
899 4885 5008 
4885 3273 5008 
1313 3758 5009 
3758 1998 5009 
1314 3759 5010 
3759 1996 5010 
1425 2543 5011 
2543 544 5011 
2152 4019 5012 
4019 955 5012 
1850 2741 5930 
5013 1850 5930 
5014 2361 6766 
5414 1505 7096 
2133 2844 5015 
2844 520 5015 
2021 4830 5016 
4830 1284 5016 
692 2456 5017 
2456 1860 5017 
2781 1841 6772 
1841 5018 6772 
2908 217 5019 
217 4513 5194 
3023 5020 5199 
3023 1400 5020 
1303 3419 5021 
3419 379 5021 
552 5022 6531 
1809 5220 6531 
1625 2559 5023 
2559 667 5023 
1885 6008 6917 
1885 5024 6008 
1269 4867 5025 
4867 2716 5025 
740 2770 6295 
2770 268 5026 
2842 362 5027 
2693 5027 5636 
538 2638 5028 
2638 1601 5028 
2862 5029 6648 
2862 344 5029 
1857 2881 6414 
2881 5030 6414 
3977 1814 5031 
5031 1814 6940 
4076 1882 5032 
2668 781 5816 
1533 5033 5866 
5033 5034 5866 
5033 1353 5034 
1363 3919 5035 
5035 3919 5655 
1193 2587 5036 
2587 355 5036 
1817 3723 5037 
3723 994 5037 
3320 977 5038 
977 2435 5038 
1607 3711 5039 
3711 136 5039 
3576 1504 5040 
1984 5598 6290 
5041 3259 7070 
151 5041 5343 
2953 1263 5042 
1263 2229 5042 
1772 3115 5043 
3115 71 5043 
2411 3681 5044 
3681 1112 5044 
2196 611 5045 
611 2195 5045 
5046 2446 5047 
456 5046 5047 
1471 3189 5047 
3189 456 5047 
4164 5048 6722 
4164 195 5048 
4015 221 6226 
221 2585 5049 
1438 3062 5050 
3062 792 5050 
1451 4054 5051 
4054 342 5051 
2095 4984 5052 
4984 1444 5052 
4311 2617 5053 
2617 1722 5053 
3327 1823 5802 
1823 3621 5054 
489 2413 5055 
2413 1434 5055 
178 3822 5056 
3822 1549 5056 
1549 1989 5057 
1989 583 5057 
1425 2780 5058 
2780 742 5058 
1886 4404 5059 
4404 1103 5059 
2720 1295 5060 
1295 3234 5060 
2309 1031 5061 
1031 2308 5061 
538 5028 5062 
5028 1934 5062 
4591 1516 6986 
1516 5063 6986 
3339 924 5064 
207 1901 6702 
1927 4279 5065 
4279 1117 5065 
894 2123 5066 
2123 4816 5800 
1119 4492 5067 
4492 2457 5067 
1948 4478 5068 
4478 180 5068 
1489 2719 5069 
2719 746 5069 
3335 3614 5070 
3614 1357 5070 
420 5071 5384 
2665 420 5384 
3444 3826 5072 
3826 387 5072 
1179 1960 5073 
1960 592 5073 
102 3733 5074 
3733 2084 5074 
843 3108 5075 
1393 5075 5318 
1811 4055 5076 
4055 248 5076 
761 2766 5077 
1307 5077 6635 
937 3122 5078 
3122 5207 6820 
3269 1841 5079 
1841 2986 5079 
604 2096 5080 
2096 1534 5080 
1708 4244 5081 
4244 404 5081 
1031 2470 5082 
2470 3204 5082 
1517 2880 5083 
2880 472 5083 
862 2880 5084 
2880 1517 5084 
950 2956 5085 
2956 1359 5085 
4624 2865 5086 
2865 1419 5086 
1419 2865 5087 
2865 612 5087 
153 2334 5088 
2334 1358 5088 
612 4483 5089 
4483 2166 5089 
1141 5090 6723 
3771 1141 6723 
553 3574 5091 
3574 1687 5091 
1096 4720 5092 
4720 2294 5092 
1677 3188 5093 
3188 202 5093 
1603 3041 6179 
3041 1602 5094 
258 3545 5095 
3545 1602 5095 
4772 117 5096 
117 2104 5096 
1335 2606 5097 
2606 606 5097 
1335 3295 5098 
3295 197 5098 
114 2893 5099 
2893 1761 5099 
2473 2075 5100 
1137 5100 5329 
878 3064 5101 
3064 1333 5101 
2045 5101 5102 
5101 1333 5102 
5382 1918 6361 
2366 324 5756 
2460 697 5104 
2313 5104 6525 
1437 5152 5154 
5152 1757 5154 
1474 5106 6910 
1474 3076 5106 
3186 1262 5681 
1262 2794 5107 
4758 567 5108 
2422 2238 5173 
1502 3251 5109 
3251 445 5109 
2597 824 5110 
824 2288 5110 
2598 5111 5205 
2598 989 5111 
2111 5112 6180 
5112 2111 7077 
2394 4448 5113 
4448 1693 5113 
989 3566 5114 
4059 1447 5909 
1447 3252 5115 
3252 115 5115 
1324 3449 5116 
3449 668 5116 
4214 1748 5117 
1748 3489 5117 
907 3393 5118 
5118 3393 6279 
2461 5119 5952 
2461 716 5119 
1581 2911 5120 
2911 470 5120 
244 2301 5121 
2301 1576 5121 
4997 2719 5122 
2719 358 5122 
290 3208 5123 
3208 1969 5123 
5124 228 6044 
1709 5124 6044 
897 3325 5125 
3325 1326 5125 
2164 5125 5126 
5125 1326 5126 
1600 3772 5127 
3772 4017 5127 
623 4169 5128 
4169 3005 5128 
2280 4195 5129 
4195 1055 5129 
461 2752 5130 
2752 1493 5130 
1493 3388 5131 
3388 684 5131 
979 3278 5132 
3278 1443 5132 
1452 2225 5133 
2225 163 5133 
442 3540 5134 
3540 1452 5134 
5134 3403 5135 
3403 1453 5135 
3217 1175 5136 
1175 2142 5136 
1334 3460 5137 
3460 936 5137 
901 3308 5138 
3308 1334 5138 
661 4843 5139 
4843 1690 5139 
68 2407 5140 
5140 2407 5839 
1578 3115 5141 
3115 838 5141 
4062 1852 5143 
144 5142 7112 
5142 5143 7112 
5142 1404 5143 
1191 2984 5144 
675 5144 5454 
1467 3715 5145 
3715 478 5145 
478 3087 5146 
3087 1951 5146 
1343 4674 5147 
5147 4674 5148 
669 2074 5148 
2074 1467 5148 
1661 4074 5700 
4074 1568 5700 
1183 4509 5150 
4509 2172 5150 
2130 4491 5151 
4491 448 5151 
1437 3306 5152 
3306 881 5152 
417 3306 5153 
3306 1437 5153 
152 2725 5154 
2725 1437 5154 
1340 2268 5155 
2268 584 5155 
547 5699 7008 
3847 1822 6905 
822 3210 5157 
3210 2229 5157 
364 4760 5158 
4760 1477 5158 
3032 339 5159 
339 2800 5159 
2708 868 5160 
868 3855 5196 
5161 1535 6388 
5893 2978 6388 
1785 3366 5162 
3366 965 5162 
613 2709 5163 
2709 1347 5163 
1347 2709 5164 
398 5164 5268 
5165 2927 6033 
2222 5165 6203 
794 2897 5166 
1345 5166 6418 
1341 3551 5465 
2305 633 5167 
253 2327 5168 
2327 1350 5168 
1743 2934 5169 
2934 183 5169 
2417 5170 6888 
2417 704 5170 
1182 4083 5171 
4083 1898 5171 
1638 2982 5172 
2982 175 5172 
2238 5108 5173 
5108 567 5173 
481 2904 5174 
2904 1724 5174 
5202 1789 6758 
1389 5175 5351 
3741 1115 6261 
1115 5176 6261 
3331 2188 5177 
2997 299 7073 
2419 2938 5178 
2938 94 5178 
362 2371 5713 
5179 2371 6030 
1558 3785 5180 
3785 660 5180 
5182 1592 6173 
1558 5182 6173 
463 3606 5182 
3606 1592 5182 
847 2899 6915 
2899 458 5183 
282 3436 5184 
3436 1352 5184 
529 3462 5185 
3462 1838 5185 
1348 3350 5186 
3350 763 5186 
292 2915 5187 
2915 1348 5187 
1458 5188 5408 
1458 3026 5188 
305 3471 5189 
3471 1544 5189 
1544 3471 5190 
3471 839 5190 
1398 2046 5191 
2046 559 5191 
1671 2636 5192 
2636 762 5192 
5193 1943 5973 
723 5193 5973 
1185 3452 5194 
3452 1705 5194 
2701 160 5195 
160 2877 5195 
2046 397 5196 
397 2590 5196 
2832 4174 5197 
4174 747 5197 
67 2826 5198 
2826 1848 5198 
65 2741 5199 
2741 1850 5199 
3147 1566 5981 
2754 5200 5562 
4255 1173 5201 
1173 3031 5201 
4834 131 5716 
5175 1789 6759 
240 3528 5203 
3528 1438 5203 
4553 1424 5204 
1424 3424 5204 
2688 5206 6096 
5206 1536 6096 
4937 2103 5206 
5207 1536 6820 
451 2598 5207 
2598 1536 5207 
1493 5131 5208 
5131 1846 5208 
4555 852 5209 
852 3076 5209 
3472 5210 6931 
3472 1174 5210 
585 2776 6785 
2776 5211 6785 
2429 5212 6775 
1243 5212 6332 
2252 4327 5213 
4327 1085 5213 
867 3202 5214 
3202 1113 5214 
3250 2980 5215 
2980 1417 5215 
172 2845 5216 
2845 1277 5216 
5217 1784 6623 
504 5217 6623 
973 3420 5218 
3420 1356 5218 
328 2789 5219 
2789 3348 5219 
3689 552 5484 
552 5220 5484 
2593 732 5221 
6896 1916 6897 
1435 3117 5222 
3117 689 5222 
515 3628 5223 
4042 1630 6314 
4184 2292 5224 
2292 162 5224 
1716 3595 5225 
3595 634 5225 
583 3090 5226 
3090 1951 5226 
2464 273 5227 
882 2450 6353 
1418 2052 5228 
2052 569 5228 
4718 2205 5229 
2205 357 5229 
2527 1057 5230 
444 2048 5938 
3544 326 5231 
1155 1957 5436 
47 5232 6874 
47 48 5232 
1996 38 5233 
38 39 5233 
5234 1648 6683 
791 5234 6683 
830 3821 5235 
3821 1572 5235 
4320 1518 6007 
1518 5623 6007 
2687 3740 5237 
3740 712 5237 
1362 2600 5238 
3636 415 5971 
1133 5239 5322 
276 1953 5339 
688 2485 5240 
1383 5240 5297 
5241 178 6014 
1529 5241 6014 
1529 3225 5242 
3225 707 5242 
1646 3563 5243 
3563 952 5243 
1647 3239 5244 
3239 164 5244 
709 2568 5245 
1378 5245 5293 
366 5246 5302 
1390 2173 5325 
1213 4905 5247 
4905 2584 5247 
2699 1355 5248 
1355 2649 5248 
3409 2764 5249 
1413 5249 5263 
4240 2163 5250 
2163 1407 5250 
2170 4232 5251 
4232 1381 5251 
4098 4099 5252 
4099 1088 5252 
391 3702 5253 
3702 1265 5253 
4252 3479 5254 
3479 389 5254 
3463 5255 5946 
3463 368 5255 
2946 5256 5390 
2946 884 5256 
884 2945 5257 
2945 394 5257 
399 2918 5258 
2918 1416 5258 
938 2871 5259 
2871 149 5259 
1309 2826 5260 
2826 67 5260 
5261 2786 6152 
752 5261 6152 
2774 4407 5262 
4407 360 5262 
5249 2764 5263 
2764 140 5263 
64 2744 5264 
5332 1387 7083 
388 3658 5265 
3658 1308 5265 
1308 2741 5266 
2741 65 5266 
6371 2733 6998 
148 5267 5669 
5164 2709 5268 
5268 2709 6527 
2707 4934 5269 
4934 143 5269 
1388 2699 5270 
2699 150 5270 
143 2690 5271 
2690 1370 5271 
2690 760 5272 
760 2689 5272 
1370 2689 5273 
2689 398 5273 
1376 2687 5274 
2687 395 5274 
4610 2679 5275 
2679 1368 5275 
1371 2678 5276 
2678 58 5276 
5197 2676 5277 
2676 388 5277 
948 2648 5278 
5278 2648 6873 
68 2630 5279 
2630 1382 5279 
4798 2629 5280 
5280 2629 6526 
3699 2622 5281 
2622 918 5281 
61 2615 5282 
2615 1056 5282 
1373 2613 5283 
2613 81 5283 
1194 2605 5284 
5284 2605 6274 
395 2584 5285 
5285 2584 5286 
713 2583 5286 
1375 5286 5287 
5286 2583 5287 
2583 60 5287 
2581 4669 5288 
4669 1377 5288 
409 2705 5289 
2705 1378 5289 
1377 2580 5290 
2580 409 5290 
112 2574 5291 
2574 1192 5291 
141 2684 5292 
2684 1412 5292 
5245 2568 5293 
2568 141 5293 
3977 2530 5960 
2530 281 5294 
120 2506 5295 
2506 1386 5295 
2504 4791 5296 
4791 252 5296 
5240 2485 5297 
2485 412 5297 
410 3398 5298 
5298 3398 5410 
4410 2472 5299 
2472 410 5299 
1381 2445 5300 
2445 112 5300 
2444 4610 5301 
4610 393 5301 
5246 2436 5302 
4181 1410 7091 
2425 4192 5303 
4192 1408 5303 
1408 2424 5304 
2424 345 5304 
804 2407 5305 
2407 68 5305 
285 2386 5306 
5438 1298 6450 
4039 2370 5307 
2370 1392 5307 
1385 2368 5308 
2368 76 5308 
2335 5075 5309 
5075 1393 5309 
55 2296 5310 
2296 1391 5310 
2296 627 5311 
627 2295 5311 
1391 2295 5312 
2295 401 5312 
4450 2256 5313 
2256 1288 5313 
2254 4183 5314 
4183 61 5314 
613 2252 6527 
2252 73 5315 
4902 2244 5316 
5316 2244 5976 
338 2238 5317 
2238 1310 5317 
5075 3108 5318 
3108 122 5318 
122 2232 5319 
2232 1394 5319 
1392 2213 5320 
2213 399 5320 
2192 6526 6810 
2192 1380 5321 
5239 2187 5322 
2187 142 5322 
2179 5175 5323 
5175 1389 5323 
2175 3736 5324 
3736 1194 5324 
2173 5246 5325 
5246 366 5325 
2156 4902 5326 
4902 296 5326 
1402 2133 5327 
2133 407 5327 
2082 5328 6541 
4819 1415 5616 
5100 2075 5329 
2075 411 5329 
2051 5976 6238 
2051 54 5330 
4585 4586 5331 
4586 315 5331 
2050 5332 7083 
2050 275 5332 
73 2680 5333 
2680 1137 5333 
4123 5334 6997 
4123 1369 5334 
1978 3237 5335 
3237 1401 5335 
396 1968 5336 
1968 1374 5336 
1964 3699 5337 
3699 390 5337 
1954 4260 5338 
4260 129 5338 
1953 5239 5339 
5239 1133 5339 
5894 1905 6274 
2707 1397 5763 
1896 4703 5341 
4703 1290 5341 
918 2742 5342 
2742 151 5342 
1878 3675 5343 
3675 1019 5343 
3764 1873 5344 
1873 6447 6565 
1827 6551 6552 
1121 5345 6551 
1826 4252 5346 
4252 1050 5346 
4077 5347 7105 
4077 1373 5347 
1814 6939 6940 
1814 3977 5960 
2624 3764 5349 
3764 386 5349 
1795 4982 5350 
4982 350 5350 
5351 5175 6759 
131 5351 6759 
6478 1735 6644 
5328 348 6541 
1289 2258 5353 
5354 318 5604 
5354 5604 6397 
1406 5354 6397 
1650 5402 5758 
1332 5355 5401 
6062 1605 6148 
2261 406 6147 
1074 5357 5951 
4983 1074 5951 
4931 2637 5358 
2637 987 5358 
2508 4931 5359 
4931 69 5359 
397 2046 5360 
2046 1398 5360 
1205 2590 5361 
2590 397 5361 
2397 1495 5680 
5143 1404 5679 
1472 4764 5363 
4764 976 5363 
350 2632 5364 
5364 2632 6233 
1264 2643 5365 
2643 392 5365 
2649 5240 5366 
5240 1383 5366 
5367 3900 6992 
1411 5367 6992 
252 2696 5368 
2696 1006 5368 
2816 5249 5369 
5249 1413 5369 
3810 2906 5370 
2906 405 5370 
5371 3578 6416 
1309 5371 6416 
4414 3049 5372 
3049 1396 5372 
4490 4489 5373 
4489 932 5373 
4847 2439 5374 
2439 365 5374 
2132 4988 5375 
4988 370 5375 
309 3375 5376 
3375 1543 5376 
3127 1434 5377 
1434 2413 5377 
2092 1629 7024 
1629 5378 7024 
1629 2092 5379 
2092 189 5379 
1914 3628 6374 
3628 515 6374 
515 3878 5381 
3878 1631 5381 
1612 5383 5707 
5383 1475 5707 
1475 5382 5707 
4383 154 6029 
3614 1492 6865 
1492 5384 6865 
4996 598 5964 
598 5385 5964 
1006 2696 5386 
2696 1579 5386 
934 3553 5387 
3553 2122 5387 
1327 3187 5388 
3187 732 5388 
5389 1454 6658 
442 5389 6658 
56 4485 5390 
4485 1686 5390 
3346 1468 5391 
1468 2396 5391 
2114 1073 5392 
1073 2957 5392 
3346 5393 5395 
3346 1469 5393 
