0.379065
0.366598
0.236112
0.336521
0.157395
0.161323
0.178312
0.309007
0.443036
0.291144
0.166308
0.484186
0.153123
0.495213
0.258815
0.226146
0.492682
0.407788
0.294627
0.287759
0.161937
0.355258
0.370405
0.262946
0.331215
0.31112
0.0857901
0.0582152
0.180442
0.144007
0.499041
0.440999
0.391144
0.225322
0.0777716
0.41673
0.361591
0.171781
0.351753
0.119366
0.403104
0.119093
0.231215
0.217798
0.392455
0.185593
0.455783
0.155108
0.412669
0.338965
0.221128
0.0779183
0.183937
0.176455
0.340238
0.472875
0.295056
0.431331
0.100298
0.173444
0.455034
0.439778
0.136316
0.295661
0.0233116
0.303322
0.503396
0.170642
0.505689
0.347397
0.248178
0.284941
0.185709
0.479483
0.199717
0.492984
0.250247
0.449933
0.429512
0.0791961
0.490212
0.172588
0.11493
0.20162
0.12965
0.271624
0.347429
0.433389
0.366538
0.355663
0.0848402
0.489278
0.0537784
0.427803
0.450117
0.503236
0.245376
0.395478
0.260074
0.351967
0.394893
0.38716
0.369039
0.293271
0.298667
0.12092
0.306314
0.180094
0.507682
0.225289
0.277671
0.0504518
0.254219
0.0283708
0.0414244
0.0337891
0.0719467
0.0642823
0.426969
0.128025
0.429688
0.00502834
0.174375
0.428895
0.213177
0.451102
0.0747659
0.193199
0.158714
0.11955
0.11248
0.111652
0.375451
0.393117
0.379089
0.403876
0.0956153
0.356035
0.0308393
0.33533
0.0425842
0.31861
0.388789
0.0174964
0.0136084
0.410791
0.112315
0.495854
0.177083
0.00719417
0.286291
0.496542
0.0966889
0.181645
0.136316
0.250665
0.128785
0.41155
0.146374
0.340692
0.303485
0.0834186
0.273495
0.0614153
0.245848
0.10678
0.235221
0.14904
0.390161
0.119487
0.357396
0.14487
0.500499
0.14071
0.43463
0.156397
0.408444
0.173091
0.478405
0.457308
0.262888
0.234013
0.279342
0.238819
0.127046
0.113242
0.328845
0.446513
0.410387
0.410489
0.306874
0.0704041
0.068228
0.187851
0.0406406
0.0977324
0.387976
0.470216
0.4599
0.059713
0.417002
0.0903431
0.193993
0.26978
0.301243
0.282105
0.48032
0.29844
0.468244
0.346002
0.191523
0.0525912
0.0960011
0.266703
0.137835
0.270763
0.453302
0.235421
0.425478
0.231506
0.370175
0.315455
0.407859
0.331497
0.178573
0.0824376
0.180728
0.133283
0.387972
0.503276
0.089257
0.229464
0.0682244
0.147233
0.13131
0.180708
0.211258
0.423255
0.277314
0.39406
0.0946606
0.404015
0.226836
0.509307
0.277885
0.49117
0.146963
0.0654993
0.108911
0.102699
0.322669
0.395508
0.363463
0.379575
0.162626
0.241803
0.196149
0.23308
0.241086
0.292028
0.28462
0.283414
0.135827
0.232071
0.138794
0.202017
0.32457
0.23466
0.304406
0.263461
0.0672301
0.221098
0.0658855
0.16272
0.16145
0.0236196
0.053551
0.452446
0.113121
0.381688
0.0750833
0.359162
0.104499
0.346192
0.15435
0.364073
0.170474
0.406239
0.474427
0.248318
0.465897
0.247403
0.446839
0.224349
0.382287
0.169865
0.491337
0.134727
0.354391
0.0193882
0.336796
0.0233498
0.113256
0.309866
0.0835648
0.351296
0.257385
0.0555768
0.276205
0.0944911
0.228893
0.234886
0.278835
0.177271
0.375251
0.0492109
0.363056
0.0947071
0.25923
0.424365
0.288332
0.423673
0.509313
0.136887
0.440519
0.169057
0.238172
0.483721
0.2594
0.482105
0.375016
0.133827
0.386172
0.131524
0.39051
0.173024
0.297742
0.158982
0.186631
0.42584
0.226947
0.405444
0.261513
0.062938
0.244814
0.0114468
0.425618
0.388116
0.400253
0.357581
0.0876423
0.441734
0.0579174
0.45876
0.0315435
0.368888
0.0930819
0.493418
0.0926323
0.451223
0.0400576
0.485292
0.0102223
0.48281
0.409357
0.351641
0.421036
0.359923
0.0850148
0.248704
0.0299839
0.249725
0.350038
0.318931
0.328595
0.291587
0.159832
0.304446
0.162956
0.344429
0.234889
0.360643
0.172435
0.358976
0.349913
0.0997284
0.358835
0.103518
0.341973
0.417834
0.265643
0.332094
0.243647
0.302942
0.253092
0.330761
0.442105
0.471101
0.473621
0.108036
0.483183
0.0646672
0.236954
0.494873
0.24977
0.477674
0.491315
0.299204
0.0653848
0.239297
0.0279831
0.284707
0.28789
0.0933803
0.292673
0.149923
0.332677
0.230919
0.329495
0.175488
0.329414
0.185943
0.359623
0.224141
0.474691
0.422511
0.461078
0.361934
0.214145
0.0439526
0.156795
0.0670146
0.405021
0.274224
0.446917
0.299599
0.214067
0.229714
0.27213
0.232879
0.481906
0.488628
0.178568
0.457992
0.176293
0.465694
0.462574
0.299263
0.44061
0.361332
0.474032
0.0958386
0.481874
0.122363
0.160523
0.0774796
0.198602
0.107962
0.4913
0.265178
0.475687
0.288347
0.464127
0.235051
0.497816
0.225312
0.328829
0.0517995
0.298299
0.0632781
0.25912
0.291353
0.231143
0.343874
0.108226
0.41863
0.126156
0.431681
0.502759
0.481332
0.492594
0.498017
0.102355
0.212424
0.137578
0.213516
0.444737
0.0721539
0.451321
0.0533433
0.0961053
0.413586
0.0613252
0.403523
0.0812788
0.340331
0.105048
0.303347
0.29855
0.356925
0.308719
0.369169
0.303948
0.49521
0.0330097
0.100707
0.0950087
0.0875799
0.12714
0.0290186
0.455969
0.303945
0.426018
0.318421
0.0377119
0.463584
0.0908335
0.129353
0.149245
0.134694
0.271183
0.195065
0.231858
0.165996
0.318229
0.36007
0.33537
0.358314
0.348832
0.422195
0.29085
0.401124
0.144716
0.294594
0.199261
0.300057
0.0201287
0.280534
0.0303448
0.29735
0.173951
0.178962
0.251078
0.162279
0.0338937
0.0262584
0.0142498
0.0336238
0.0336238
0.0142498
0.145779
0.0128004
0.215047
0.0961103
0.223659
0.0890108
0.240136
0.0711284
0.247125
0.0771003
0.220703
0.186753
0.180612
0.195884
0.279875
0.130949
0.258618
0.146105
0.041927
0.181728
0.0460648
0.250013
0.508535
0.436339
0.350217
0.177626
0.352205
0.154586
0.353634
0.263043
0.371693
0.282181
0.129508
0.365248
0.0963622
0.318014
0.192826
0.387378
0.222922
0.365445
0.437714
0.00967645
0.434358
0.0426136
0.239414
0.353046
0.231973
0.289578
0.0740226
0.20475
0.0568972
0.208228
0.0671232
0.131254
0.00570461
0.132636
0.0928312
0.0975748
0.0746823
0.126067
0.265064
0.509175
0.217987
0.507592
0.0845361
0.00527788
0.00523781
0.474997
0.21336
0.00538669
0.185213
0.0147918
0.0316483
0.322161
0.0129557
0.377553
0.00623866
0.416222
0.416723
0.044506
0.366483
0.0468427
0.017059
0.0751641
0.0333901
0.11249
0.0376752
0.189527
0.020049
0.174937
0.389053
0.240479
0.39525
0.20892
0.163561
0.413256
0.115637
0.349315
0.292759
0.0353295
0.319925
0.0370082
0.0642846
0.300373
0.0436906
0.283037
0.221493
0.426505
0.281854
0.445968
0.494355
0.309102
0.269463
0.173629
0.346708
0.217792
0.103882
0.0323096
0.109845
0.0424815
0.487315
0.181688
0.484206
0.16464
0.474379
0.128309
0.447553
0.123082
0.463813
0.142911
0.419422
0.132965
0.267683
0.396744
0.298573
0.394475
0.238393
0.0390842
0.184344
0.45042
0.217977
0.405826
0.455508
0.422179
0.422552
0.370154
0.501847
0.422248
0.304895
0.272626
0.317222
0.275111
0.428195
0.494449
0.390036
0.407625
0.352875
0.472686
0.358014
0.450266
0.413937
0.396136
0.417504
0.404523
0.374616
0.0838402
0.34502
0.0711263
0.21617
0.197839
0.206449
0.200396
0.243811
0.239446
0.205744
0.235608
0.203154
0.254555
0.216693
0.269522
0.109361
0.17384
0.0886677
0.151495
0.380226
0.450956
0.406463
0.477902
0.361601
0.161623
0.311926
0.0926783
0.0051946
0.164062
0.312975
0.227695
0.320898
0.190652
0.239875
0.157662
0.220816
0.166222
0.150547
0.452431
0.118284
0.410394
0.0469084
0.382681
0.0454697
0.402128
0.432172
0.335982
0.466478
0.32127
0.113781
0.437417
0.146141
0.48945
0.491943
0.0331467
0.47709
0.025422
0.0249363
0.0352157
0.0230501
0.0846957
0.0535473
0.0567479
0.0742703
0.0735641
0.372909
0.459489
0.373537
0.478596
0.0831883
0.477263
0.0714061
0.476863
0.363463
0.256845
0.381321
0.280009
0.425936
0.0392966
0.408211
0.0314916
0.379543
0.0593814
0.381687
0.0376224
0.181325
0.113418
0.192824
0.0932175
0.422024
0.457265
0.434518
0.469584
0.3776
0.469261
0.381725
0.494182
0.207502
0.29141
0.20341
0.282433
0.117531
0.278613
0.130265
0.288015
0.357185
0.489408
0.16036
0.254938
0.161883
0.27346
0.463668
0.393512
0.471882
0.3991
0.0279947
0.193738
0.0520311
0.165967
0.112246
0.271324
0.104193
0.242511
0.332843
0.101525
0.322411
0.137187
0.484077
0.0898837
0.483955
0.0500596
0.165008
0.0391503
0.171154
0.0773228
0.33229
0.464209
0.336075
0.479052
0.327943
0.492829
0.285407
0.507254
0.312617
0.479194
0.297519
0.465571
0.0268639
0.239487
0.0461286
0.273888
0.405855
0.305167
0.419455
0.25597
0.359184
0.312627
0.385122
0.329263
0.424937
0.341136
0.429266
0.354151
0.389515
0.285307
0.43193
0.308405
0.174158
0.0433306
0.16704
0.0301441
0.215591
0.157053
0.194851
0.18325
0.189159
0.371035
0.19601
0.378425
0.373977
0.412711
0.366596
0.392165
0.161709
0.494396
0.16707
0.502245
0.135284
0.0252152
0.120216
0.0435202
0.507539
0.116744
0.493399
0.0985513
0.382651
0.156746
0.418694
0.162421
0.124864
0.134082
0.120896
0.116254
0.173943
0.160172
0.164688
0.165239
0.0588594
0.290971
0.0638153
0.27073
0.43802
0.131784
0.45579
0.108593
0.0433878
0.45391
0.0696208
0.421107
0.132113
0.420352
0.13273
0.437678
0.324596
0.500778
0.320912
0.481555
0.278503
0.421448
0.270473
0.428386
0.242574
0.273615
0.277056
0.247329
0.384485
0.19417
0.363761
0.246608
0.232537
0.394453
0.210954
0.399956
0.313117
0.319756
0.302231
0.35026
0.232892
0.119904
0.244808
0.117404
0.0774382
0.0567948
0.0904458
0.0315092
0.423681
0.176404
0.451426
0.214836
0.433169
0.222462
0.412715
0.22535
0.110398
0.183396
0.102397
0.188219
0.125776
0.214845
0.106455
0.203912
0.278149
0.112514
0.316871
0.144885
0.484509
0.0180554
0.452849
0.0247346
0.498917
0.269471
0.17453
0.236712
0.16232
0.214133
0.0254184
0.135633
0.0513464
0.145329
0.120335
0.30522
0.113894
0.322349
0.214242
0.360906
0.212657
0.346946
0.204097
0.177208
0.214062
0.177084
0.341485
0.368683
0.3371
0.347914
0.255159
0.0933708
0.24537
0.0875357
0.0677162
0.377182
0.0657901
0.386006
0.0261132
0.378167
0.0535885
0.398173
0.0349247
0.223723
0.0140396
0.21631
0.0584999
0.0468928
0.0512268
0.0351069
0.0670606
0.0778266
0.0511447
0.0814425
0.0232603
0.0669904
0.0219482
0.0565737
0.410493
0.189673
0.424772
0.155203
0.447367
0.20499
0.41752
0.170727
0.324841
0.321669
0.278432
0.310861
0.267607
0.272646
0.279822
0.270988
0.324241
0.243435
0.303032
0.242908
0.194926
0.0341403
0.141794
0.239326
0.153472
0.234518
0.18558
0.241885
0.189119
0.280089
0.467147
0.1722
0.444062
0.190216
0.292484
0.440078
0.291652
0.456181
0.126656
0.483048
0.123968
0.49261
0.00613706
0.322917
0.393932
0.0247965
0.398438
0.00422001
0.351193
0.330169
0.307056
0.335107
0.288025
0.0276041
0.27125
0.0237587
0.141701
0.331043
0.156162
0.338223
0.294679
0.250328
0.283754
0.252721
0.457613
0.315165
0.448726
0.32171
0.00755836
0.226727
0.321302
0.152484
0.334367
0.150558
0.0260857
0.410791
0.0411729
0.435986
0.223736
0.306672
0.202256
0.309133
0.469018
0.503942
0.47113
0.492916
0.446424
0.460957
0.47631
0.466918
0.489759
0.215796
0.476091
0.199993
0.175553
0.124602
0.130207
0.10424
0.0855961
0.0844902
0.0979063
0.103451
0.506586
0.03897
0.431156
0.270196
0.42785
0.258658
0.41912
0.246362
0.408413
0.246955
0.0606065
0.413031
0.0873981
0.422023
0.131796
0.327493
0.138272
0.348338
0.141292
0.376538
0.134947
0.399336
0.15502
0.152062
0.139756
0.123386
0.11868
0.470828
0.139731
0.454442
0.170457
0.43899
0.163353
0.421364
0.187753
0.416214
0.196068
0.409897
0.402087
0.443645
0.414117
0.44001
0.487001
0.388419
0.488628
0.375851
0.298638
0.109689
0.311385
0.124307
0.326602
0.364024
0.354664
0.379773
0.508502
0.245361
0.411836
0.15626
0.395351
0.141135
0.116118
0.398491
0.122431
0.388327
0.244373
0.0227603
0.228418
0.0385441
0.0228299
0.432247
0.0385464
0.44635
0.190907
0.352978
0.199764
0.343186
0.479387
0.072889
0.446059
0.114534
0.287769
0.0468953
0.29823
0.0539897
0.0791255
0.305077
0.0735369
0.29644
0.0903478
0.334281
0.0875029
0.324207
0.0288445
0.35944
0.0527539
0.3236
0.341078
0.439944
0.349602
0.456113
0.229167
0.0715988
0.213864
0.0549279
0.480852
0.150986
0.462689
0.152672
0.158378
0.201334
0.172171
0.21689
0.329251
0.0415626
0.356962
0.0287997
0.373559
0.510333
0.00647338
0.290059
0.411084
0.214887
0.389504
0.217382
0.349013
0.0508878
0.358146
0.0549813
0.366326
0.00645317
0.29881
0.216937
0.264041
0.211259
0.26074
0.191246
0.260414
0.180015
0.251595
0.197213
0.250074
0.223673
0.165511
0.10194
0.159166
0.110547
0.148334
0.105162
0.12628
0.0966702
0.185928
0.316116
0.196303
0.332711
0.368718
0.224539
0.373179
0.21301
0.330563
0.403247
0.307696
0.445574
0.264246
0.388161
0.308938
0.380465
0.501547
0.461673
0.494415
0.450749
0.462302
0.449767
0.47197
0.449926
0.426909
0.0895793
0.439735
0.0798336
0.403735
0.0577101
0.396066
0.0507841
0.382533
0.07858
0.404082
0.0788293
0.203686
0.464935
0.202004
0.455698
0.214829
0.497756
0.20213
0.506374
0.337436
0.0649111
0.321807
0.0884724
0.318228
0.430869
0.334183
0.436962
0.196023
0.435473
0.192794
0.448775
0.084986
0.459236
0.0894005
0.469056
0.328217
0.339602
0.345476
0.345968
0.449759
0.488611
0.460899
0.483254
0.268672
0.313236
0.271463
0.324708
0.49006
0.255283
0.477939
0.256802
0.256442
0.417251
0.228989
0.421892
0.113745
0.165376
0.149182
0.125357
0.421356
0.445445
0.432398
0.413853
0.460655
0.372428
0.44054
0.397111
0.426818
0.422015
0.391309
0.418569
0.403498
0.10099
0.407199
0.111018
0.372348
0.0923198
0.394904
0.0959123
0.414742
0.376799
0.384174
0.374433
0.108551
0.2205
0.0932042
0.250736
0.214836
0.48308
0.237673
0.449368
0.220907
0.236659
0.225415
0.255177
0.104085
0.487279
0.117116
0.477663
0.40745
0.0393539
0.389696
0.0578383
0.26669
0.217682
0.277452
0.21763
0.0426367
0.340064
0.044788
0.349855
0.021934
0.340195
0.0578408
0.348888
0.0624287
0.357417
0.48438
0.421506
0.486294
0.411823
0.054347
0.388528
0.0979155
0.36771
0.374627
0.326864
0.359921
0.351378
0.392558
0.294396
0.394692
0.315931
0.341937
0.310841
0.344505
0.26089
0.299399
0.446513
0.313379
0.452787
0.199385
0.100903
0.197464
0.0607887
0.484412
0.475512
0.496567
0.473268
0.204338
0.376121
0.224118
0.384505
0.341633
0.117002
0.325979
0.0795336
0.12456
0.16402
0.132508
0.171271
0.00498445
0.492188
0.0556412
0.473036
0.0358041
0.479785
0.358835
0.420042
0.380959
0.420202
0.463572
0.470372
0.455999
0.460604
0.221427
0.215184
0.194616
0.222997
0.182831
0.390783
0.173004
0.368721
0.091872
0.0492139
0.0859175
0.039668
0.146659
0.386573
0.161649
0.37316
0.260067
0.408628
0.282813
0.401504
0.257351
0.0726791
0.267287
0.0889171
0.489318
0.155986
0.12668
0.0802153
0.131296
0.0892469
0.481741
0.336621
0.487558
0.328577
0.341857
0.105292
0.368262
0.125962
0.382802
0.100319
0.380743
0.110825
0.469667
0.376872
0.479508
0.369891
0.328313
0.218659
0.337427
0.213307
0.0758314
0.263908
0.105856
0.292816
0.0597802
0.128501
0.0518821
0.134922
0.248515
0.321436
0.21978
0.33955
0.0498524
0.481903
0.068373
0.487205
0.175692
0.102004
0.182082
0.0917339
0.296313
0.141662
0.289136
0.130576
0.320451
0.169432
0.310128
0.171906
0.165759
0.278805
0.175544
0.275576
0.152635
0.272711
0.15965
0.287103
0.166416
0.32216
0.167547
0.312138
0.197798
0.0426887
0.209436
0.0383317
0.339678
0.278741
0.336347
0.288751
0.229408
0.129948
0.22198
0.148205
0.1264
0.46489
0.101661
0.452895
0.339112
0.170326
0.341091
0.157444
0.322425
0.199865
0.311978
0.189514
0.362302
0.197564
0.350676
0.191673
0.0361966
0.233044
0.0429974
0.21702
0.0113407
0.252483
0.00494078
0.258925
0.0543511
0.254021
0.0540454
0.267316
0.0804631
0.139378
0.121256
0.144359
0.00475079
0.179817
0.00994539
0.172005
0.447491
0.417634
0.449521
0.385534
0.205311
0.433335
0.213255
0.442041
0.504838
0.357881
0.290037
0.360568
0.269558
0.343233
0.298324
0.341395
0.288658
0.338577
0.29968
0.308447
0.309087
0.307463
0.253569
0.386202
0.250402
0.373704
0.273116
0.366556
0.261832
0.363821
0.416981
0.206085
0.426303
0.207504
0.0724728
0.156048
0.0945466
0.166816
0.0734388
0.1098
0.0491598
0.115111
0.282339
0.455188
0.270732
0.472984
0.28026
0.478104
0.292687
0.475205
0.246342
0.501584
0.411887
0.280975
0.424579
0.279695
0.0760513
0.495434
0.502329
0.0938698
0.487917
0.0794035
0.499586
0.0756552
0.368459
0.367659
0.382409
0.384629
0.48562
0.319125
0.496642
0.360465
0.311423
0.103592
0.332551
0.12272
0.453667
0.09717
0.463327
0.0896258
0.388615
0.344104
0.392711
0.324302
0.27542
0.0304116
0.270056
0.0416934
0.496715
0.117732
0.490511
0.125114
0.145603
0.196397
0.149619
0.168612
0.383308
0.246189
0.383651
0.231306
0.348231
0.0389199
0.337814
0.0351351
0.107721
0.508081
0.0953879
0.507335
0.31381
0.0469241
0.319286
0.0549249
0.237292
0.467357
0.23163
0.458755
0.409586
0.420984
0.417762
0.426543
0.49882
0.0415631
0.500134
0.0102635
0.26067
0.265379
0.248227
0.266529
0.231756
0.270835
0.224119
0.263461
0.235577
0.242314
0.235081
0.251915
0.14713
0.0567854
0.156315
0.0436217
0.420852
0.476505
0.442006
0.482787
0.443874
0.252067
0.450367
0.246572
0.0980859
0.0688988
0.102364
0.051227
0.132229
0.0717925
0.125535
0.0616365
0.422633
0.00917301
0.418186
0.0170353
0.42244
0.0624661
0.413665
0.0552367
0.112929
0.253567
0.120015
0.222012
0.109417
0.234915
0.104407
0.226928
0.20054
0.078912
0.192395
0.0720462
0.17867
0.485886
0.183013
0.497508
0.146414
0.47941
0.157996
0.474962
0.280316
0.346102
0.282115
0.357572
0.291595
0.207982
0.295963
0.198734
0.127341
0.278762
0.102605
0.273411
0.16176
0.144988
0.17339
0.149183
0.341703
0.252753
0.353783
0.230938
0.359995
0.50461
0.361712
0.480023
0.112378
0.463667
0.106199
0.478651
0.277118
0.292344
0.266651
0.286472
0.460483
0.430561
0.486853
0.429466
0.340662
0.406077
0.34905
0.398365
0.119538
0.363341
0.1107
0.371893
0.0889894
0.37593
0.0782078
0.372121
0.417697
0.298196
0.403999
0.313779
0.395566
0.278183
0.393336
0.260158
0.386385
0.300047
0.376226
0.299594
0.415028
0.305714
0.430772
0.326183
0.459303
0.343837
0.449275
0.356383
0.458371
0.334907
0.4495
0.33206
0.464843
0.0771564
0.456833
0.0710178
0.443073
0.272139
0.459607
0.254563
0.0663805
0.210952
0.0527845
0.18229
0.176051
0.225616
0.185568
0.220707
0.166165
0.389707
0.157955
0.383351
0.16439
0.294008
0.189775
0.296192
0.277029
0.0127614
0.305138
0.0137023
0.056469
0.49841
0.0575517
0.489001
0.106271
0.430583
0.0929365
0.433055
0.0841931
0.221182
0.074454
0.224955
0.190408
0.114292
0.194187
0.124671
0.116356
0.0218626
0.107347
0.0234635
0.114911
0.0952064
0.117625
0.075536
0.414255
0.482722
0.39994
0.483273
0.373847
0.346155
0.391911
0.352551
0.287744
0.164293
0.250772
0.174044
0.496786
0.247136
0.491546
0.236389
0.476185
0.219479
0.455529
0.200946
0.489192
0.204948
0.499528
0.200695
0.179301
0.282669
0.193385
0.286305
0.0739996
0.0214633
0.0579181
0.00585732
0.17849
0.0526454
0.173017
0.0598038
0.508184
0.285708
0.481822
0.282282
0.0488932
0.291914
0.0423492
0.301161
0.503637
0.311677
0.504944
0.324937
0.430357
0.441207
0.442223
0.449972
0.293824
0.301133
0.282169
0.30302
0.260772
0.305445
0.252391
0.309947
0.393092
0.15138
0.4038
0.183946
0.431883
0.503126
0.372853
0.189645
0.372601
0.177909
0.289023
0.1053
0.271226
0.107159
0.23975
0.175526
0.235348
0.185421
0.209255
0.135269
0.218903
0.136974
0.49222
0.509507
0.43392
0.0550525
0.44206
0.0599372
0.274748
0.123425
0.265705
0.129587
0.196161
0.315967
0.20307
0.324984
0.231878
0.44031
0.222159
0.436781
0.425582
0.113572
0.435139
0.108783
0.0408403
0.0587665
0.0337071
0.0696953
0.309657
0.0257213
0.318457
0.0273144
0.313533
0.245506
0.314236
0.255639
0.189526
0.150565
0.190278
0.132478
0.299243
0.386058
0.290511
0.378405
0.356256
0.127868
0.350767
0.135998
0.331328
0.133055
0.338853
0.138828
0.329028
0.378463
0.320874
0.385805
0.106137
0.324798
0.101518
0.335404
0.142504
0.220691
0.153977
0.222133
0.123015
0.205906
0.129561
0.198208
0.00832861
0.101933
0.0133767
0.109319
0.264936
0.253179
0.257979
0.245802
0.508166
0.186003
0.498643
0.190072
0.129234
0.0379716
0.139427
0.0433145
0.114531
0.00490118
0.119291
0.0107342
0.390625
0.00841816
0.382812
0.00419815
0.0717123
0.333545
0.0763597
0.323044
0.110873
0.0831038
0.10147
0.0798499
0.0392972
0.148495
0.0342523
0.138204
0.042103
0.119942
0.043041
0.130133
0.130969
0.510978
0.131028
0.499524
0.349814
0.280244
0.358988
0.299739
0.443506
0.038181
0.452329
0.0440261
0.305109
0.503679
0.307969
0.486938
0.34434
0.505616
0.0857753
0.396501
0.0910508
0.386356
0.104615
0.397156
0.102398
0.387931
0.470017
0.354736
0.479436
0.35825
0.411643
0.0798678
0.420583
0.0728433
0.18546
0.327817
0.176713
0.33073
0.155412
0.44045
0.14271
0.417359
0.0185961
0.270234
0.0112229
0.28393
0.158621
0.181811
0.165309
0.174873
0.0229753
0.315347
0.0117078
0.316517
0.259102
0.157813
0.267845
0.163191
0.378296
0.442857
0.357173
0.440407
0.290122
0.189827
0.28023
0.187476
0.444448
0.0273809
0.43651
0.0201916
0.0683347
0.00585732
0.0747458
0.0111352
0.0575736
0.0258513
0.0672441
0.0295117
0.174933
0.341039
0.180125
0.351012
0.389509
0.454
0.392568
0.463489
0.238005
0.424387
0.240227
0.43253
0.236852
0.320375
0.234805
0.310051
0.0245179
0.494375
0.0343038
0.493912
0.0139583
0.23591
0.00639994
0.243558
0.0134475
0.156517
0.0368652
0.172878
0.0107527
0.124398
0.0050481
0.116761
0.227248
0.110408
0.217224
0.109132
0.239042
0.370993
0.227075
0.375795
0.293301
0.0837971
0.289015
0.0708393
0.447603
0.282622
0.464202
0.288194
0.355765
0.214612
0.363353
0.207799
0.0710685
0.0473725
0.0734658
0.0392471
0.0631103
0.110823
0.0579959
0.118882
0.079144
0.117576
0.090052
0.119545
0.308729
0.00551256
0.335743
0.00478799
0.326764
0.0200834
0.322205
0.118209
0.322272
0.108725
0.0227506
0.444096
0.00554457
0.442558
0.0500937
0.435252
0.0576304
0.444152
0.0312187
0.427748
0.0326494
0.41678
0.311584
0.423438
0.313388
0.402446
0.473381
0.3047
0.475641
0.315487
0.0972765
0.157505
0.107412
0.155668
0.110506
0.146171
0.104618
0.136817
0.13942
0.148882
0.128977
0.152501
0.184551
0.167299
0.206454
0.156687
0.105974
0.118681
0.0966168
0.114841
0.458665
0.280841
0.463624
0.270737
0.369638
0.144605
0.372974
0.154632
0.150894
0.423981
0.146869
0.432972
0.125899
0.342706
0.124095
0.33151
0.255229
0.441403
0.251004
0.433058
0.223467
0.0441916
0.239354
0.0595244
0.346062
0.493797
0.338577
0.489513
0.351889
0.355553
0.349628
0.367869
0.347079
0.388139
0.33895
0.38077
0.151033
0.0237504
0.150987
0.00547536
0.259253
0.123972
0.251064
0.126382
0.240682
0.138945
0.250422
0.137878
0.0746522
0.455723
0.0755458
0.444194
0.330846
0.25167
0.323563
0.258595
0.494066
0.050978
0.468455
0.0447857
0.0358585
0.156476
0.0432673
0.164737
0.0263981
0.169558
0.0245473
0.15908
0.058532
0.191192
0.0532019
0.199388
0.478768
0.0425465
0.482002
0.0350484
0.391773
0.480253
0.382384
0.485559
0.223777
0.0107734
0.223777
0.0215468
0.427764
0.241436
0.435425
0.248959
0.0536153
0.331885
0.0628829
0.337296
0.25719
0.494863
0.266146
0.498807
0.0232072
0.00758216
0.00520833
0.00520833
0.0127905
0.0127905
0.00758216
0.0232072
0.512587
0.461408
0.148894
0.510474
0.204279
0.215656
0.214135
0.219845
0.191755
0.190946
0.202306
0.208428
0.105235
0.0605622
0.115373
0.0639455
0.0670266
0.088364
0.0577644
0.0918786
0.208149
0.0612226
0.209951
0.0732571
0.155071
0.0850814
0.15903
0.0941561
0.405251
0.138228
0.409014
0.128223
0.0113972
0.465568
0.021914
0.467411
0.205865
0.0129843
0.19563
0.00759762
0.460322
0.00786876
0.294185
0.0149997
0.287359
0.00680989
0.0760284
0.254426
0.0643179
0.247953
0.0359906
0.0475936
0.0275453
0.0481057
0.403256
0.230309
0.401399
0.24074
0.493322
0.281248
0.498181
0.288078
0.305811
0.161943
0.316134
0.159469
0.465039
0.113246
0.457303
0.136679
0.229752
0.476991
0.219161
0.47743
0.403008
0.207776
0.408906
0.198974
0.278185
0.0705836
0.267723
0.0786609
0.0225139
0.353164
0.00533834
0.349029
0.494988
0.430693
0.500887
0.412321
0.0899969
0.289762
0.0986982
0.286172
0.223699
0.204596
0.241298
0.193858
0.0432026
0.198285
0.0256733
0.215775
0.507155
0.159794
0.499083
0.153086
0.505851
0.378245
0.496897
0.37152
0.418694
0.0250218
0.427146
0.0276746
0.488301
0.353155
0.497599
0.331814
0.324872
0.301493
0.314467
0.299749
0.185893
0.261161
0.19009
0.251866
0.150461
0.305963
0.144993
0.314974
0.130412
0.308576
0.133344
0.316519
0.247271
0.339313
0.250338
0.349381
0.219784
0.327816
0.230269
0.326907
0.255317
0.0120116
0.259955
0.0230089
0.0826792
0.28085
0.0847769
0.270552
0.0651935
0.28108
0.0751119
0.284557
0.0959114
0.309046
0.0880183
0.302106
0.451066
0.376852
0.440705
0.387226
0.0295248
0.205895
0.0386747
0.20717
0.363511
0.412375
0.359768
0.402588
0.38494
0.435795
0.378443
0.428234
0.398746
0.426046
0.394893
0.43524
0.444053
0.0920974
0.435255
0.0977696
0.34283
0.0809757
0.338174
0.05734
0.256025
0.458657
0.249113
0.466694
0.49385
0.395898
0.504303
0.395579
0.0467555
0.237814
0.0561087
0.233166
0.178951
0.407445
0.196624
0.393029
0.29535
0.260747
0.284424
0.26314
0.504676
0.0814539
0.0139575
0.140716
0.00825289
0.148705
0.358547
0.0106094
0.351596
0.00415619
0.0120441
0.299284
0.00557075
0.3061
0.0117039
0.448754
0.00615934
0.459321
0.239583
0.00538669
0.229167
0.00538669
0.0117832
0.426488
0.00554457
0.432141
0.27092
0.00595154
0.260503
0.00595154
0.0114754
0.333404
0.00533834
0.338612
0.0527097
0.012525
0.0416667
0.00666765
0.00648121
0.197917
0.00648121
0.208333
0.0120554
0.35679
0.00671703
0.367136
0.00623866
0.385417
0.00623866
0.395833
0.326764
0.0103006
0.319146
0.00551256
0.134968
0.013158
0.12976
0.00583301
0.166612
0.0126695
0.161404
0.00547536
0.00666765
0.0416667
0.00508934
0.0673516
0.00907922
0.0751641
0.00398988
0.0859375
0.492373
0.0235977
0.476562
0.0044945
0.452724
0.0125169
0.445527
0.00464811
0.336145
0.270114
0.32606
0.268901
0.18133
0.374336
0.178185
0.38513
0.00950801
0.5
0.0189422
0.500835
0.474004
0.228659
0.481308
0.236053
0.468663
0.0243018
0.468135
0.0123633
0.484509
0.00906644
0.492321
0.00457194
0.130759
0.388017
0.133677
0.376775
0.13798
0.356854
0.145288
0.36423
0.277555
0.158346
0.279392
0.150221
0.413503
0.0982882
0.417203
0.108317
0.0213356
0.187958
0.011232
0.190234
0.0907042
0.0127117
0.0847497
0.0230398
0.207975
0.114839
0.204867
0.124454
0.481457
0.142103
0.473135
0.138436
0.396827
0.369979
0.403608
0.377671
0.12514
0.232063
0.118686
0.238538
0.0728327
0.315837
0.0468182
0.309981
0.220115
0.459149
0.215185
0.46819
0.475019
0.181825
0.470947
0.191014
0.398274
0.404607
0.401582
0.3949
0.432422
0.381594
0.418382
0.387524
0.351252
0.29358
0.343346
0.298378
0.36425
0.458614
0.355838
0.46446
0.32518
0.0710459
0.316374
0.0666002
0.147864
0.322869
0.157842
0.326264
0.0803528
0.100367
0.0767284
0.0921655
0.380738
0.21143
0.386485
0.202968
0.302145
0.233872
0.293784
0.227981
0.397283
0.502349
0.0248376
0.114652
0.0222136
0.124523
0.457846
0.127567
0.465601
0.123673
0.166229
0.126446
0.159071
0.136721
0.00508934
0.0569349
0.011757
0.0517266
0.275802
0.410363
0.266677
0.405824
0.296994
0.416068
0.303718
0.423726
0.305221
0.402197
0.297498
0.408846
0.0578484
0.225047
0.0512206
0.216975
0.287406
0.17278
0.295633
0.180557
0.318905
0.284676
0.31073
0.289234
0.441508
0.200034
0.431231
0.199283
0.194059
0.362153
0.204501
0.366321
0.127459
0.0531653
0.138211
0.0520308
0.234006
0.225461
0.243603
0.228734
0.249514
0.248225
0.244027
0.256752
0.234181
0.201947
0.238386
0.209253
0.500185
0.0203003
0.236825
0.10092
0.235412
0.0925441
0.457467
0.175615
0.452683
0.167359
0.287629
0.321295
0.283721
0.328322
0.245714
0.0538702
0.245002
0.0439054
0.228928
0.0275457
0.238903
0.0280858
0.261752
0.0452958
0.255358
0.0385176
0.449274
0.34702
0.442357
0.339828
0.480393
0.272146
0.473619
0.267209
0.0136084
0.400819
0.0260857
0.400819
0.316856
0.412669
0.32532
0.41326
0.214686
0.312861
0.213892
0.322787
0.509295
0.262833
0.455632
0.393692
0.450028
0.401895
0.173722
0.190696
0.164021
0.192834
0.498243
0.341206
0.489051
0.344379
0.0279831
0.461669
0.0285129
0.449961
0.0891323
0.0685648
0.0831041
0.0764263
0.0994275
0.470734
0.104042
0.462586
0.149075
0.0964393
0.139601
0.0737205
0.440687
0.419427
0.432174
0.431245
0.511384
0.0599547
0.241576
0.51176
0.407769
0.016227
0.401737
0.0235805
0.336046
0.0832482
0.331874
0.092187
0.35489
0.0676486
0.359603
0.0749408
0.254224
0.10424
0.261373
0.112454
0.143232
0.39813
0.147668
0.40735
0.156059
0.405865
0.162972
0.398848
0.481678
0.112517
0.491411
0.108987
0.27234
0.204387
0.28161
0.208708
0.473437
0.164116
0.471407
0.15708
0.0339087
0.396305
0.0345889
0.386503
0.0481108
0.37158
0.0574755
0.368604
0.0385226
0.356675
0.0412216
0.366123
0.0840372
0.166997
0.0800989
0.158004
0.306207
0.32673
0.297222
0.320768
0.325481
0.474152
0.322973
0.464661
0.121319
0.293229
0.115048
0.287344
0.0578409
0.159408
0.0582793
0.150112
0.0713691
0.176338
0.0807973
0.173749
0.360899
0.111445
0.37
0.114996
0.0728991
0.506323
0.169819
0.453662
0.175596
0.446089
0.180463
0.300109
0.174257
0.292802
0.365149
0.274356
0.355409
0.27377
0.378755
0.261145
0.385627
0.254218
0.31023
0.218801
0.317461
0.213506
0.339491
0.194829
0.334247
0.203048
0.217925
0.247349
0.208239
0.247102
0.469063
0.413715
0.474864
0.406555
0.501291
0.492965
0.432572
0.487395
0.428658
0.478489
0.431652
0.459714
0.435038
0.450246
0.407444
0.466454
0.417084
0.46515
0.344642
0.0177231
0.343589
0.00894418
0.082268
0.237969
0.0743485
0.235035
0.366527
0.437581
0.366786
0.42841
0.34954
0.0891138
0.356443
0.0865566
0.317468
0.341039
0.314886
0.349931
0.396723
0.0431586
0.389679
0.0365123
0.377511
0.0197296
0.374139
0.0106513
0.366081
0.0326291
0.374662
0.0281397
0.398861
0.451496
0.401919
0.460984
0.109924
0.447455
0.116496
0.454509
0.123873
0.454211
0.130456
0.447167
0.135602
0.465644
0.137421
0.476966
0.140847
0.138504
0.134012
0.131847
0.409675
0.262648
0.402629
0.257226
0.444548
0.148423
0.444944
0.139754
0.0587875
0.310137
0.0617469
0.316963
0.509867
0.206512
0.340941
0.234822
0.345859
0.227047
0.119199
0.126785
0.109702
0.127708
0.203531
0.265282
0.208681
0.271718
0.223464
0.297112
0.216356
0.290681
0.228247
0.279711
0.220276
0.279508
0.203194
0.146134
0.194898
0.143126
0.306122
0.0462531
0.303437
0.034744
0.150224
0.179466
0.14285
0.185551
0.179703
0.207006
0.186703
0.210101
0.0480778
0.104685
0.0566331
0.101828
0.139968
0.107667
0.136807
0.11667
0.432996
0.374357
0.442824
0.371306
0.0516105
0.418185
0.0442103
0.412632
0.0701614
0.395649
0.0775935
0.40078
0.00474956
0.275122
0.00969034
0.268422
0.0386259
0.25548
0.0346261
0.264132
0.0233989
0.0928784
0.0123185
0.0941202
0.0345964
0.0792314
0.0425762
0.0844397
0.395922
0.0858628
0.389716
0.0786631
0.40092
0.0679745
0.393737
0.0678914
0.368485
0.0746117
0.376401
0.0693514
0.457705
0.264086
0.448216
0.263708
0.307274
0.140649
0.312814
0.132951
0.469621
0.386129
0.477835
0.391717
0.0203216
0.484163
0.025854
0.478193
0.0415929
0.470917
0.0516352
0.467557
0.0679497
0.460453
0.0663736
0.469792
0.0347848
0.279641
0.0372228
0.270492
0.20002
0.0870733
0.206582
0.0947583
0.0893379
0.213138
0.0848391
0.205989
0.266054
0.444622
0.273071
0.440296
0.416481
0.508297
0.418171
0.496438
0.371939
0.241335
0.37332
0.232018
0.201713
0.16598
0.193081
0.162867
0.0383555
0.499356
0.400176
0.166836
0.402394
0.158312
0.427979
0.1897
0.421298
0.184495
0.412433
0.146422
0.42022
0.144199
0.143444
0.165261
0.145939
0.154391
0.146195
0.0303323
0.148245
0.0394786
0.439162
0.429941
0.44453
0.43963
0.363679
0.496047
0.3728
0.498135
0.231957
0.413195
0.250733
0.404704
0.383128
0.270383
0.390927
0.26954
0.387326
0.309344
0.377167
0.308891
0.278819
0.22496
0.286031
0.2309
0.453198
0.186156
0.458805
0.19193
0.49523
0.0602547
0.503104
0.0647282
0.228685
0.0552793
0.223705
0.0606428
0.33194
0.331062
0.344239
0.335076
0.184994
0.470201
0.1974
0.470091
0.427722
0.298232
0.431929
0.29016
0.190723
0.500255
0.205771
0.497144
0.272633
0.461633
0.265131
0.456738
0.0653751
0.172058
0.0564865
0.17467
0.460975
0.032025
0.461397
0.0405164
0.301695
0.365695
0.293182
0.369338
0.162401
0.46743
0.159816
0.458544
0.0666589
0.430728
0.0682515
0.439841
0.14398
0.0828375
0.141223
0.0899412
0.272362
0.378398
0.280513
0.382739
0.180332
0.0267917
0.184319
0.0347279
0.314753
0.204972
0.307138
0.198884
0.149346
0.286172
0.146207
0.277124
0.168143
0.263044
0.177262
0.264376
0.141023
0.259027
0.150061
0.260828
0.478126
0.436587
0.470979
0.43077
0.452359
0.409048
0.460376
0.413593
0.354466
0.241336
0.346421
0.244394
0.466462
0.330662
0.473526
0.337537
0.294802
0.492531
0.298823
0.484259
0.242905
0.411429
0.245994
0.417801
0.419141
0.315765
0.411849
0.321212
0.34241
0.452809
0.334125
0.456767
0.316086
0.438965
0.321768
0.446177
0.308303
0.466881
0.31409
0.459753
0.478458
0.443441
0.484892
0.450824
0.0818733
0.131568
0.0711374
0.140213
0.43397
0.177306
0.43718
0.185886
0.212443
0.384894
0.207914
0.392848
0.191858
0.401355
0.182801
0.400027
0.210898
0.414549
0.203874
0.408679
0.057375
0.0732727
0.0606242
0.0647152
0.0960916
0.136846
0.0891978
0.143836
0.11625
0.18922
0.12483
0.187745
0.0998659
0.012335
0.104114
0.00490118
0.106242
0.25251
0.0990619
0.258169
0.12015
0.24719
0.126773
0.253492
0.476477
0.0577567
0.467965
0.0546651
0.402052
0.29704
0.409212
0.291405
0.465124
0.205602
0.464652
0.21424
0.273771
0.142334
0.265713
0.140224
0.440018
0.308788
0.440183
0.319679
0.432228
0.398621
0.428559
0.406416
0.0220191
0.255072
0.0245249
0.263327
0.247648
0.211855
0.25374
0.207904
0.412791
0.491677
0.403469
0.492863
0.0848072
0.189706
0.0876974
0.181769
0.0997736
0.196335
0.0911753
0.197698
0.360462
0.336886
0.369407
0.335396
0.398027
0.332434
0.390438
0.337395
0.383375
0.357114
0.380079
0.348667
0.0973637
0.24123
0.0961634
0.230692
0.147172
0.502362
0.140189
0.496599
0.193777
0.205162
0.197919
0.19713
0.407008
0.00836468
0.41482
0.00414466
0.329248
0.42853
0.331069
0.42169
0.206383
0.0243966
0.213878
0.0275723
0.219782
0.492952
0.228226
0.499205
0.199046
0.483834
0.204574
0.478996
0.177147
0.0686319
0.184565
0.0737468
0.156416
0.0522122
0.163297
0.0580297
0.115699
0.262565
0.123294
0.262716
