1.58852
0.523397
1.72457
0.502329
1.73749
0.767451
1.6922
0.674326
1.68558
0.813306
1.76309
0.487464
1.8709
0.501058
1.75045
0.52023
1.55622
0.927583
1.87916
0.638896
1.92417
0.69615
1.82856
0.636851
1.65666
0.561729
1.67842
0.729806
1.84604
0.900484
1.92432
0.888622
1.98856
0.838979
1.60978
0.823071
1.91572
0.887795
1.81791
0.719026
1.59938
0.947865
1.66609
0.950115
1.6449
0.676548
1.65447
0.553378
1.6963
0.516254
1.78234
0.585486
1.64476
0.717575
1.70194
0.944905
1.82443
0.782225
1.93589
0.607999
1.90397
0.706516
1.60988
0.5968
1.7577
0.547614
1.64649
0.695473
1.80861
0.54781
1.84995
0.584532
1.77505
0.932676
1.7584
0.851894
1.83509
0.807781
1.83234
0.791612
1.58391
0.597633
1.49408
0.702969
1.60178
0.772818
1.72626
0.816664
1.743
0.899611
1.52439
0.648775
1.55662
0.8681
1.5895
0.877235
1.79077
0.496511
1.78432
0.502277
1.88594
0.507175
1.53737
0.735012
1.66896
0.709297
1.89756
0.71592
1.97524
0.770721
1.51753
0.594658
1.57168
0.584696
1.52849
0.923861
1.56633
0.979034
1.52657
0.994724
1.93336
0.811075
1.90875
0.83899
1.96281
0.885339
1.88928
0.912963
1.70967
0.906334
1.50759
0.803012
1.61363
0.783179
1.94338
0.844035
1.98647
0.775869
1.82329
0.952424
1.86397
0.971333
1.65311
0.974994
1.69712
0.914986
1.8712
0.695534
1.95521
0.512843
1.8437
0.619706
1.7768
0.621357
1.89895
0.696427
1.95363
0.74995
1.80308
0.720441
1.74307
0.679601
1.74516
0.771501
1.66966
0.768826
1.53157
0.596258
1.55476
0.706565
1.4966
0.496455
1.5294
0.912429
1.7395
0.617724
1.67376
0.612885
1.57407
0.559838
1.60749
0.494009
1.56903
0.495244
1.54
0.509754
1.65285
0.49617
1.64346
0.657257
1.67568
0.668815
1.49677
0.808789
1.65262
0.871879
1.65085
0.91559
1.67666
0.755894
1.744
0.884436
1.70021
0.87384
1.68892
0.750489
1.83097
0.972213
1.78272
0.986444
1.88237
0.82286
1.82061
0.943985
1.59415
0.756866
1.59744
0.738527
1.77399
0.593907
1.72553
0.596938
1.94675
0.814474
1.97815
0.836301
1.83064
0.677979
1.83937
0.693298
1.86238
0.806234
1.84524
0.791499
1.51024
0.714657
1.54509
0.620663
1.56879
0.6698
1.77845
0.954643
1.79724
0.953096
1.91104
0.972714
1.95255
0.945411
1.94905
0.912836
1.93972
0.571737
1.92536
0.536807
1.89101
0.548265
1.91113
0.549179
1.87622
0.508379
1.84994
0.613472
1.87472
0.630312
1.55214
0.740731
1.62661
0.699064
1.81773
0.808791
1.74731
0.818514
1.49296
0.876446
1.51478
0.57538
1.49777
0.598168
1.66847
0.500449
1.66066
0.505444
1.74321
0.608526
1.72327
0.639542
1.55576
0.518846
1.51274
0.54957
1.72262
0.743853
1.72035
0.664555
1.63999
0.706474
1.61588
0.667288
1.84935
0.739414
1.8863
0.716403
1.62247
0.520199
1.81415
0.858352
1.84109
0.88289
1.81038
0.772472
1.82882
0.771153
1.78687
0.747215
1.70681
0.761389
1.49652
0.953159
1.62634
0.94332
1.6112
0.89666
1.55233
0.659917
1.53319
0.715135
1.73398
0.802243
1.73224
0.825334
1.68622
0.860454
1.71181
0.823516
1.91024
0.802531
1.9294
0.78015
1.64472
0.759933
1.62405
0.784399
1.85912
0.589551
1.84376
0.547847
1.92197
0.687315
1.99379
0.647981
1.49783
0.529986
1.53538
0.573134
1.59543
0.665764
1.57843
0.672529
1.54702
0.860049
1.59749
0.854158
1.75508
0.510465
1.76917
0.575982
1.79781
0.551342
1.90794
0.580863
1.89739
0.600487
1.95533
0.795748
1.83926
0.989547
1.50894
0.747747
1.51588
0.754429
1.52108
0.769961
1.51335
0.763225
1.54637
0.925801
1.51619
0.93859
1.93579
0.637221
1.94231
0.599983
1.76261
0.829574
1.75846
0.934218
1.97376
0.532078
1.97768
0.507475
1.69755
0.727621
1.73851
0.726582
1.6522
0.994985
1.88379
0.833953
1.92578
0.841601
1.69402
0.495912
1.70025
0.507533
1.93854
0.740706
1.95286
0.697835
1.70861
0.839676
1.74528
0.783182
1.8114
0.830274
1.77864
0.887644
1.64423
0.854346
1.62666
0.823922
1.57678
0.918726
1.5681
0.914461
1.61772
0.828296
1.60245
0.845174
1.48622
0.649802
1.7392
0.59961
1.69131
0.590169
1.67504
0.591814
1.72665
0.648063
1.73523
0.758598
1.74469
0.807463
1.59536
0.887688
1.5709
0.9041
1.92399
0.490252
1.92198
0.506432
1.94963
0.52224
1.97456
0.573501
1.91841
0.583179
1.62665
0.498475
1.59986
0.520904
1.68362
0.969158
1.74058
0.920266
1.84615
0.631156
1.82552
0.62481
1.51099
0.820694
1.50314
0.875752
1.64044
0.899476
1.5969
0.913678
1.99305
0.615843
1.9152
0.749456
1.88495
0.725909
1.84857
0.730252
1.86563
0.713999
1.67779
0.857542
1.69538
0.896845
1.61255
0.541677
1.67043
0.535284
1.6312
0.627946
1.62928
0.706998
1.59827
0.496851
1.57127
0.593381
1.55845
0.550549
1.58317
0.547029
1.58821
0.995108
1.58436
0.979449
1.6014
0.979111
1.61187
0.759866
1.53245
0.74701
1.82638
0.538439
1.78771
0.512684
1.78336
0.541332
1.77677
0.547316
1.92701
0.923304
1.89777
0.908367
1.98894
0.542928
1.96733
0.55249
1.76561
0.90992
1.78606
0.93109
1.7246
0.915281
1.7553
0.924846
1.96622
0.846645
1.5176
0.65769
1.52851
0.615715
1.86194
0.907057
1.86079
0.853498
1.83835
0.892149
1.80456
0.822121
1.91672
0.719892
1.94087
0.705268
1.90423
0.505609
1.50559
0.659708
1.85635
0.521592
1.90174
0.542169
1.78222
0.868573
1.78699
0.857972
1.85647
0.685198
1.86494
0.674684
1.8142
0.671613
1.79359
0.641671
1.71989
0.653975
1.72868
0.668741
1.97238
0.728795
1.99433
0.712723
1.59623
0.836051
1.57046
0.787748
1.54373
0.798287
1.54911
0.817215
1.9293
0.651338
1.96148
0.628032
1.90525
0.64997
1.91885
0.667031
1.75603
0.994063
1.97421
0.912917
1.96289
0.854685
1.90296
0.95687
1.78407
0.972876
1.65236
0.939805
1.96243
0.971176
1.9671
0.980805
1.83746
0.9801
1.88375
0.993503
1.5422
0.810788
1.51777
0.783512
1.89122
0.813298
1.87156
0.749293
1.729
0.702579
1.70825
0.684581
1.80602
0.660732
1.77721
0.676635
1.87967
0.76573
1.85056
0.783679
1.7834
0.813812
1.77
0.754457
1.74165
0.751825
1.81903
0.709531
1.77192
0.763949
1.75274
0.755109
1.65133
0.860776
1.62962
0.845283
1.81438
0.849796
1.83895
0.840024
1.97254
0.67331
1.9501
0.705836
1.50556
0.953998
1.5066
0.942736
1.91637
0.656594
1.89885
0.586813
1.87204
0.949688
1.87352
0.969347
1.97584
0.711185
1.955
0.904518
1.96757
0.864916
1.79315
0.544619
1.79301
0.561656
1.66058
0.938978
1.66152
0.919826
1.50625
0.533441
1.52469
0.943918
1.52093
0.907084
1.90029
0.826754
1.90108
0.793054
1.61931
0.578435
1.61069
0.575691
1.90293
0.967339
1.90945
0.986606
1.6951
0.962473
1.68254
0.980136
1.82729
0.581048
1.86415
0.603812
1.52311
0.703049
1.65596
0.627881
1.66943
0.662215
1.50273
0.669288
1.6933
0.571609
1.73565
0.548501
1.66632
0.607731
1.70076
0.59263
1.89175
0.933694
1.88867
0.970401
1.85562
0.899294
1.84401
0.94224
1.6484
0.57693
1.6932
0.551833
1.93661
0.856929
1.94361
0.885075
1.91693
0.845796
1.93948
0.828169
1.57873
0.497216
1.84016
0.913757
1.82069
0.893283
1.65386
0.80315
1.63351
0.779914
1.69956
0.532589
1.70856
0.535524
1.68438
0.493637
1.71176
0.496004
1.7034
0.553073
1.66246
0.548433
1.5669
0.550905
1.53172
0.535574
1.63513
0.648059
1.61679
0.63037
1.97753
0.624336
1.973
0.58391
1.78514
0.879667
1.76333
0.893957
1.8598
0.827779
1.82721
0.813001
1.57723
0.681163
1.56949
0.721698
1.58472
0.664837
1.62465
0.683717
1.6196
0.537308
1.61611
0.527941
1.63047
0.564211
1.60409
0.582483
1.56166
0.76425
1.59406
0.78067
1.99357
0.927083
1.6158
0.96644
1.60647
0.968897
1.54474
0.965186
1.55591
0.976717
1.52226
0.873365
1.55327
0.880289
1.5957
0.799819
1.5684
0.823192
1.83436
0.713029
1.85015
0.716317
1.4916
0.907994
1.92844
0.711412
1.91231
0.726382
1.78536
0.695028
1.79132
0.702832
1.87449
0.545934
1.86464
0.568981
1.79056
0.688023
1.79552
0.663964
1.63045
0.900971
1.64269
0.921287
1.70874
0.67307
1.67974
0.684912
1.65426
0.610074
1.63959
0.584933
1.82371
0.669423
1.80772
0.628142
1.79733
0.625781
1.76855
0.617774
1.87763
0.776133
1.89471
0.743471
1.71857
0.757581
1.72608
0.807403
1.65578
0.755838
1.6548
0.744121
1.70108
0.839937
1.68729
0.830568
1.64701
0.889948
1.66029
0.855027
1.59947
0.791642
1.58512
0.779548
1.76552
0.509066
1.77007
0.498997
1.81775
0.588125
1.79182
0.586606
1.79945
0.595711
1.78998
0.633513
1.7623
0.590665
1.7538
0.55758
1.64982
0.905939
1.67394
0.900112
1.58473
0.60743
1.58039
0.624694
1.92918
0.757941
1.93978
0.749249
1.53609
0.665824
1.5682
0.662028
1.8293
0.909394
1.82861
0.896767
1.81855
0.880372
1.82402
0.871361
1.77515
0.736303
1.79414
0.740178
1.75153
0.90383
1.73749
0.854975
1.7597
0.670722
1.74818
0.664748
1.97529
0.846718
1.95533
0.809564
1.91988
0.757429
1.94741
0.787248
1.79445
0.726958
1.7844
0.720575
1.69822
0.749264
1.7033
0.737616
1.6084
0.566356
1.57303
0.568232
1.90621
0.881305
1.89703
0.852007
1.62373
0.587626
1.64996
0.618612
1.53638
0.78755
1.52717
0.792481
1.73128
0.634878
1.75279
0.611083
1.614
0.717269
1.5749
0.702209
1.56263
0.897208
1.56328
0.887549
1.93577
0.922334
1.89732
0.942015
1.94054
0.932745
1.96393
0.945907
1.93938
0.913279
1.69069
0.871983
1.71557
0.882896
1.56593
0.81416
1.57204
0.857272
1.62627
0.812061
1.64505
0.784796
1.59107
0.630124
1.60066
0.657956
1.65712
0.694816
1.67942
0.703552
1.81574
0.956857
1.76995
0.938941
1.80323
0.927485
1.52606
0.515851
1.54089
0.54964
1.57805
0.713178
1.58499
0.696419
1.63302
0.757424
1.60675
0.724159
1.74137
0.957632
1.70596
0.970028
1.72564
0.973789
1.54001
0.585144
1.5587
0.596006
1.75752
0.974966
1.73977
0.938596
1.63411
0.973217
1.61628
0.993589
1.99398
0.583755
1.97846
0.601935
1.9444
0.561099
1.92021
0.547649
1.96697
0.610407
1.92321
0.591472
1.91267
0.622145
1.90713
0.639763
1.53256
0.546899
1.5435
0.562076
1.5572
0.606857
1.57573
0.613331
1.54329
0.634738
1.51706
0.618864
1.87464
0.675061
1.88713
0.639223
1.86559
0.525071
1.85247
0.53189
1.89007
0.58133
1.88011
0.583681
1.87549
0.650688
1.84526
0.650581
1.73314
0.949556
1.73715
0.969437
1.7629
0.968095
1.77466
0.966402
1.49839
0.64996
1.50236
0.636208
1.8337
0.519935
1.82523
0.498498
1.80574
0.51502
1.93809
0.973979
1.93024
0.9783
1.73198
0.499499
1.94532
0.977801
1.95217
0.969085
1.98616
0.934869
1.99521
0.960647
1.96815
0.937412
1.97636
0.933189
1.97791
0.963971
1.97842
0.954386
1.63771
0.727944
1.6421
0.739559
1.71238
0.630909
1.71991
0.603933
1.87285
0.7065
1.85999
0.694921
1.9755
0.685124
1.98683
0.688126
1.9675
0.775929
1.97214
0.760166
1.78826
0.794389
1.79156
0.80543
1.7897
0.83803
1.77093
0.831746
1.78242
0.846523
1.77278
0.867055
1.92727
0.500852
1.90072
0.532941
1.75377
0.7062
1.78131
0.7107
1.67506
0.93193
1.69475
0.936932
1.80252
0.872997
1.79352
0.881164
1.66965
0.525712
1.6595
0.5245
1.64344
0.496283
1.65623
0.5161
1.97634
0.498403
1.9674
0.794049
1.97201
0.805339
1.8454
0.862966
1.84975
0.852433
1.49798
0.613372
1.84682
0.930956
1.86457
0.921712
1.61129
0.6417
1.59854
0.646698
1.72737
0.842909
1.71571
0.847337
1.57045
0.966669
1.57316
0.974275
1.87642
0.844482
1.84784
0.842549
1.978
0.754746
1.97833
0.738992
1.58169
0.854437
1.57806
0.842082
1.51224
0.973447
1.5182
0.928384
1.67272
0.681805
1.6832
0.693324
1.66066
0.705615
1.6548
0.717374
1.99524
0.505682
1.53103
0.72368
1.54727
0.733356
1.66279
0.773109
1.68539
0.759617
1.7179
0.723207
1.71594
0.736013
1.95786
0.662773
1.96669
0.689165
1.92865
0.643066
1.92832
0.628694
1.60898
0.622831
1.57461
0.631567
1.50781
0.994614
1.53932
0.528951
1.49435
0.518713
1.93353
0.847873
1.9478
0.823459
1.88765
0.858322
1.87786
0.896765
1.79908
0.762141
1.80954
0.726018
1.80362
0.794048
1.80291
0.772661
1.66635
0.837854
1.66354
0.825508
1.64581
0.931679
1.60893
0.944063
1.60495
0.888866
1.61194
0.879127
1.88675
0.890255
1.91295
0.899635
1.87838
0.957098
1.87453
0.922922
1.92102
0.784283
1.93747
0.791043
1.7697
0.659255
1.77069
0.667898
1.71629
0.964847
1.71957
0.952419
1.508
0.677274
1.50276
0.697053
1.71155
0.795154
1.70216
0.7735
1.75971
0.820023
1.7425
0.826599
1.99513
0.600696
1.98819
0.607165
1.79961
0.78336
1.77591
0.78455
1.93578
0.903582
1.9468
0.875528
1.72539
0.531039
1.7241
0.510878
1.56236
0.953532
1.5398
0.955827
1.88372
0.605172
1.86396
0.58495
1.82255
0.973489
1.81514
0.965558
1.61935
0.744323
1.63138
0.748767
1.63482
0.522657
1.64482
0.552296
1.93358
0.76846
1.94969
0.77655
1.88613
0.746903
1.8555
0.744823
1.66425
0.930486
1.6396
0.935406
1.77783
0.745037
1.77615
0.727061
1.82897
0.571623
1.813
0.553985
1.82278
0.515849
1.82842
0.549755
1.81177
0.564367
1.80258
0.568507
1.70323
0.79089
1.69489
0.795469
1.90507
0.686858
1.91568
0.68342
1.87722
0.987252
1.60196
0.763497
1.64462
0.767749
1.6445
0.87971
1.63229
0.87585
1.53176
0.887986
1.52801
0.855547
1.53704
0.842673
1.70189
0.630536
1.69734
0.639204
1.7173
0.57397
1.73878
0.538567
1.75969
0.566132
1.77849
0.575636
1.52564
0.667159
1.52317
0.692922
1.91062
0.528364
1.92257
0.529493
1.82785
0.938961
1.85307
0.94544
1.80529
0.972143
1.79602
0.966746
1.85041
0.554163
1.83676
0.553852
1.64959
0.599363
1.6409
0.59683
1.80975
0.637032
1.82723
0.65907
1.67163
0.819212
1.66347
0.799346
1.64315
0.833756
1.65053
0.822796
1.90432
0.784181
1.89963
0.775525
1.88916
0.870197
1.8795
0.856316
1.87411
0.620111
1.85786
0.635009
1.87969
0.744142
1.8648
0.742051
1.70699
0.652055
1.68852
0.639455
1.61839
0.734403
1.62603
0.727232
1.50281
0.55563
1.51229
0.585064
1.87939
0.804482
1.88416
0.78066
1.50591
0.858658
1.49729
0.853517
1.59761
0.925644
1.56108
0.93459
1.50097
0.728491
1.51593
0.690605
1.529
0.684648
1.91139
0.922476
1.91914
0.915376
1.84743
0.66709
1.86046
0.665209
1.62336
0.974582
1.62337
0.986624
1.84976
0.603762
1.83545
0.587417
1.51778
0.881186
1.53993
0.892183
1.5097
0.883344
1.50976
0.892655
1.50179
0.905599
1.84722
0.774014
1.83857
0.768679
1.74714
0.868
1.75309
0.875358
1.60837
0.68931
1.5867
0.686383
1.72468
0.561559
1.70071
0.569903
1.54364
0.694835
1.53896
0.685136
1.54396
0.947382
1.55553
0.94543
1.57221
0.934391
1.57933
0.926536
1.49977
0.718382
1.61065
0.550735
1.63145
0.545798
1.52281
0.569775
1.52259
0.555976
1.98581
0.568117
1.99398
0.573338
1.99424
0.537032
1.98881
0.526615
1.74805
0.720184
1.74543
0.712966
1.98787
0.622093
1.99481
0.631249
1.54825
0.849238
1.53875
0.83203
1.62496
0.912249
1.60727
0.908148
1.63349
0.833761
1.6178
0.860504
1.84187
0.513896
1.853
0.514546
1.59066
0.975306
1.59789
0.959468
1.51875
0.989338
1.52205
0.979357
1.54195
0.712073
1.56709
0.700045
1.99513
0.663502
1.91739
0.740692
1.92853
0.736214
1.93691
0.590224
1.94469
0.580586
1.97012
0.620278
1.94471
0.637693
1.92046
0.615859
1.90477
0.60628
1.58334
0.835375
1.58459
0.798101
1.49349
0.628782
1.69986
0.692228
1.70635
0.718149
1.60043
0.80888
1.62478
0.79153
1.61466
0.612075
1.60653
0.606424
1.72288
0.986534
1.69556
0.992436
1.60118
0.864984
1.60973
0.868393
1.90821
0.829185
1.91416
0.821371
1.93094
0.881659
1.91735
0.859745
1.7339
0.912585
1.73544
0.902525
1.72419
0.887219
1.70611
0.88538
1.64205
0.545213
1.64631
0.536216
1.71557
0.931216
1.71258
0.943673
1.74004
0.668525
1.73784
0.69601
1.83525
0.597125
1.83311
0.616928
1.58022
0.769535
1.58418
0.758883
1.95602
0.609194
1.96983
0.602985
1.71791
0.523469
1.71167
0.543723
1.6203
0.956387
1.61776
0.948788
1.64336
0.514045
1.63838
0.503502
1.5568
0.811764
1.51462
0.809421
1.67807
0.541673
1.68544
0.520438
1.79941
0.683585
1.82658
0.705857
1.95754
0.713015
1.95756
0.735188
1.979
0.667939
1.95853
0.646152
1.75597
0.801242
1.76489
0.809317
1.53197
0.767465
1.53786
0.776084
1.56635
0.754346
1.57729
0.751007
1.53443
0.49867
1.67777
0.517438
1.67711
0.504874
1.56874
0.867301
1.58699
0.892389
1.90587
0.561119
1.89392
0.559991
1.54981
0.491704
1.68566
0.565854
1.65743
0.580905
1.70829
0.585434
1.70767
0.576438
1.85312
0.702376
1.85712
0.710488
1.88202
0.707653
1.88826
0.697081
1.52987
0.82449
1.51857
0.828194
1.52551
0.805694
1.53318
0.813263
1.5177
0.838562
1.5008
0.842208
1.95707
0.532117
1.94159
0.523393
1.96542
0.528809
1.97945
0.52408
1.54667
0.641809
1.55811
0.641472
1.67356
0.624915
1.66666
0.631626
1.71662
0.621753
1.68361
0.628263
1.975
0.826321
1.96741
0.824512
1.57946
0.943739
1.57516
0.952041
1.54478
0.915571
1.55242
0.901376
1.81048
0.931524
1.83998
0.924061
1.90213
0.900262
1.89664
0.890701
1.80971
0.880924
1.82108
0.914459
1.76801
0.885126
1.76508
0.87563
1.54847
0.71446
1.5519
0.723087
1.83743
0.864749
1.83423
0.874127
1.74331
0.734703
1.73609
0.74272
1.64681
0.965004
1.63751
0.965176
1.73424
0.789868
1.7245
0.78281
1.76589
0.782082
1.7563
0.789336
1.88203
0.542433
1.87276
0.520717
1.70339
0.894915
1.68858
0.885453
1.92924
0.829065
1.92417
0.820955
1.64682
0.812852
1.63511
0.808023
1.81489
0.621764
1.81313
0.611251
1.79223
0.614098
1.80087
0.605946
1.9068
0.861602
1.90157
0.871897
1.68226
0.822293
1.71761
0.817152
1.63637
0.61787
1.62159
0.594635
1.4974
0.989343
1.49853
0.978158
1.89331
0.500896
1.89692
0.491193
1.70609
0.707423
1.69796
0.704168
1.82971
0.604153
1.82036
0.601522
1.80148
0.578514
1.80911
0.587619
1.61151
0.657928
1.64002
0.668542
1.75294
0.940279
1.75397
0.952109
1.74562
0.988121
1.74563
0.976245
1.8679
0.778117
1.84114
0.758291
1.82224
0.761212
1.82116
0.739109
1.82645
0.749929
1.8356
0.749482
1.69047
0.849406
1.71415
0.854705
1.81692
0.532256
1.81507
0.521299
1.78914
0.901772
1.78548
0.919462
1.50081
0.514291
1.51042
0.516715
1.53524
0.517856
1.56709
0.529582
1.55364
0.502623
1.56332
0.504045
1.5838
0.555867
1.58453
0.531485
1.88872
0.804113
1.89152
0.795004
1.74792
0.538334
1.75475
0.528927
1.52246
0.638031
1.51271
0.632038
1.98057
0.990744
1.97786
0.982072
1.68639
0.724297
1.68706
0.711571
1.99513
0.989925
1.98992
0.995133
1.8386
0.640419
1.84057
0.659147
1.59592
0.704976
1.59076
0.715288
1.76614
0.530574
1.77684
0.516806
1.91053
0.569143
1.95256
0.540503
1.84614
0.97622
1.61665
0.805147
1.60909
0.811784
1.66987
0.862935
1.66599
0.873839
1.67
0.883005
1.68019
0.888483
1.81402
0.691912
1.80931
0.683588
1.6677
0.760131
1.66337
0.738134
1.63842
0.637002
1.66691
0.643246
1.66723
0.596381
1.6573
0.591442
1.70112
0.812992
1.69326
0.808285
1.55093
0.749925
1.53655
0.757731
1.68878
0.616425
1.69824
0.618949
1.59701
0.566004
1.60321
0.591661
1.56093
0.571202
1.55352
0.562453
1.55116
0.586544
1.56013
0.579396
1.95216
0.558223
1.95687
0.547776
1.97542
0.55034
1.97782
0.540509
1.62895
0.672644
1.62488
0.664664
1.59701
0.623539
1.59533
0.612208
1.59191
0.641805
1.58061
0.643706
1.7366
0.576821
1.74436
0.5824
1.53814
0.649587
1.54179
0.657167
1.5705
0.732749
1.58024
0.738604
1.8217
0.831402
1.84812
0.822673
1.77918
0.632341
1.77233
0.640089
1.84243
0.504311
1.85397
0.488764
1.65914
0.891284
1.66118
0.899717
1.7351
0.685354
1.72652
0.68102
1.70138
0.669908
1.70011
0.659473
1.76965
0.687363
1.76068
0.683182
1.65548
0.645301
1.64959
0.636194
1.9887
0.722836
1.97738
0.722904
1.536
0.606336
1.5465
0.610559
1.925
0.720096
1.93104
0.726686
1.5236
0.956339
1.51405
0.962273
1.65338
0.781766
1.65291
0.772459
1.76851
0.566356
1.76792
0.542218
1.88242
0.616714
1.891
0.627241
1.78791
0.652765
1.77745
0.652355
1.60338
0.511939
1.59646
0.505856
1.50695
0.922022
1.50878
0.912153
1.77464
0.806809
1.77898
0.795042
1.76117
0.95705
1.77163
0.949944
1.54582
0.757715
1.55422
0.781844
1.95324
0.922485
1.94834
0.933339
1.92898
0.944264
1.92175
0.952783
1.83853
0.828299
1.82852
0.823364
1.85911
0.83593
1.86654
0.844264
1.86377
0.864757
1.85548
0.871327
1.84599
0.812518
1.85306
0.804622
1.66667
0.572674
1.68898
0.580328
1.93958
0.65926
1.93393
0.66888
1.93783
0.677017
1.94804
0.68152
1.7637
0.740119
1.76053
0.750044
1.73462
0.930352
1.72408
0.926716
1.71791
0.905786
1.72488
0.897076
1.69731
0.929625
1.69259
0.907454
1.80298
0.497208
1.83637
0.49915
1.80819
0.503677
1.81932
0.50432
1.5002
0.745429
1.7921
0.912435
1.80305
0.915909
1.79286
0.935639
1.78908
0.947467
1.76621
0.917942
1.77447
0.921048
1.59084
0.930534
1.59103
0.941621
1.66217
0.685162
1.65263
0.655306
1.5997
0.747338
1.61071
0.750179
1.85703
0.979417
1.86846
0.993749
1.95953
0.568333
1.96718
0.565501
1.95147
0.626901
1.94916
0.617935
1.83546
0.531569
1.8445
0.536879
1.86416
0.558406
1.85822
0.551739
1.9621
0.742083
1.97297
0.744193
1.94394
0.768656
1.95864
0.75748
1.87729
0.490388
1.90824
0.490978
1.68069
0.92372
1.69132
0.922966
1.89216
0.98655
1.89903
0.993047
1.76316
0.637225
1.75625
0.642419
1.81791
0.986407
1.80749
0.985495
1.67342
0.649095
1.68419
0.647797
1.66006
0.666372
1.65577
0.676329
1.85826
0.646549
1.8666
0.653233
1.75017
0.858945
1.738
0.846457
1.63209
0.993036
1.63932
0.98526
1.64902
0.987209
1.58935
0.576023
1.58021
0.57724
1.61769
0.501391
1.61539
0.510317
1.71771
0.688344
1.71744
0.699247
1.7396
0.516043
1.74627
0.493092
1.80373
0.863566
1.79554
0.856528
1.7684
0.854733
1.77326
0.844801
1.78167
0.823796
1.79129
0.828359
1.98138
0.857209
1.99004
0.857209
1.99437
0.849396
1.98729
0.967601
1.55914
0.830811
1.54897
0.82723
1.61243
0.933382
1.62316
0.933998
1.67345
0.915977
1.67954
0.90769
1.69423
0.951318
1.67434
0.951815
1.92314
0.566051
1.92714
0.573081
1.99464
0.74464
1.99435
0.770833
1.88156
0.529455
1.88952
0.526059
1.93113
0.80237
1.92107
0.798685
1.8048
0.89359
1.79626
0.893216
1.70489
0.984913
1.71246
0.992477
1.89364
0.651431
1.87905
0.663041
1.88922
0.663458
1.89271
0.675872
1.7637
0.770358
1.75399
0.765931
1.56745
0.9891
1.53507
0.976983
1.80779
0.650692
1.80297
0.64283
1.87076
0.888815
1.88393
0.879159
1.80698
0.842977
1.79855
0.844494
1.58603
0.817107
1.57914
0.825212
1.57942
0.788802
1.56626
0.79612
1.86417
0.766321
1.87155
0.759216
1.61746
0.64838
1.62763
0.651364
1.85437
0.881873
1.86121
0.889942
1.9886
0.638605
1.97826
0.63564
1.95027
0.646854
1.94864
0.657928
1.83314
0.725112
1.82424
0.727436
1.90181
0.676801
1.91242
0.673363
1.76693
0.607085
1.75899
0.605299
1.7245
0.615784
1.73228
0.622673
1.53857
0.929475
1.53678
0.939327
1.87551
0.878326
1.87259
0.867356
1.93624
0.552889
1.92756
0.556496
1.92383
0.933729
1.91495
0.934077
1.49973
0.566702
1.96148
0.834419
1.96531
0.813947
1.60748
0.731448
1.62237
0.717388
1.93711
0.964694
1.94595
0.960632
1.97002
0.887645
1.99453
0.900856
1.98542
0.786286
1.97203
0.786286
1.98452
0.808166
1.98541
0.818582
1.99567
0.867188
1.98304
0.893044
1.62341
0.882312
1.62306
0.89275
1.56864
0.771563
1.56458
0.780522
1.94268
0.994697
1.91667
0.993559
1.82292
0.994579
1.83333
0.994579
1.99457
0.520833
1.98981
0.510891
1.99401
0.679315
1.98915
0.670943
1.98716
0.705908
1.99282
0.69631
1.94789
0.988563
1.97502
0.99561
1.76271
0.986841
1.77231
0.992778
1.72917
0.994057
1.73958
0.994057
1.79167
0.993667
1.80208
0.993667
1.9881
0.916481
1.99453
0.911273
1.92705
0.988256
1.93226
0.994697
1.55183
0.986784
1.55704
0.994543
1.9907
0.893044
1.99617
0.882812
1.6615
0.97457
1.68775
0.988336
1.989
0.739129
1.99437
0.728863
1.98899
0.760265
1.99464
0.755057
1.9933
0.802083
1.9933
0.791667
1.99419
0.833333
1.99419
0.822917
1.57292
0.994557
1.583
0.989665
1.9878
0.952808
1.99259
0.945286
1.49918
0.787084
1.50908
0.790316
1.97255
0.652051
1.96398
0.654967
1.97878
0.657438
1.98892
0.655233
1.95666
0.679609
1.96131
0.670333
1.55255
0.671695
1.54383
0.674654
1.66201
0.540397
1.65372
0.534182
1.69004
0.532328
1.68744
0.541118
1.74713
0.654853
1.75766
0.652184
1.72944
0.863722
1.72091
0.863487
1.75219
0.688284
1.74924
0.698161
1.72722
0.720606
1.73205
0.711496
1.55021
0.627768
1.56542
0.613571
1.82821
0.929657
1.82016
0.924417
1.54755
0.774937
1.55093
0.766302
1.6142
0.848111
1.62013
0.84132
1.63478
0.856344
1.62889
0.864775
1.64872
0.843278
1.65892
0.844665
1.79728
0.518579
1.79477
0.528361
1.86274
0.785905
1.86674
0.795337
1.8514
0.755129
1.85567
0.764445
1.87312
0.555725
1.88832
0.56897
1.63149
0.689106
1.64067
0.686039
1.94534
0.952642
1.93693
0.94425
1.81439
0.78316
1.81092
0.794036
1.79016
0.760579
1.78304
0.767894
1.80677
0.812737
1.79962
0.805445
1.78484
0.77677
1.79232
0.783717
1.80636
0.75465
1.81384
0.761596
1.81148
0.738409
1.80472
0.746051
1.96283
0.587634
1.95673
0.580058
1.95214
0.50272
1.94191
0.498865
1.68563
0.665258
1.69013
0.65736
1.51897
0.723893
1.51374
0.731985
1.63122
0.601721
1.62765
0.609538
1.61364
0.915517
1.60772
0.926784
1.54219
0.986965
1.53698
0.994724
1.81122
0.909989
1.81152
0.901441
1.80305
0.706191
1.81063
0.702273
1.59228
0.869838
1.5886
0.859012
1.9947
0.552771
1.98654
0.557967
1.97848
0.882991
1.97699
0.867366
1.96135
0.873027
1.95274
0.86918
1.8
0.535321
1.80989
0.537397
1.77549
0.524742
1.78385
0.530402
1.72633
0.833512
1.71454
0.831205
1.58952
0.539876
1.59694
0.542202
1.55073
0.532458
1.55147
0.541821
1.57474
0.649578
1.57744
0.658008
1.9283
0.901638
1.91984
0.907087
1.92823
0.869566
1.93713
0.866411
1.94446
0.893982
1.95401
0.89536
1.53789
0.907814
1.54224
0.898731
1.56115
0.84726
1.56459
0.839537
1.86433
0.72396
1.85366
0.724738
1.58114
0.516074
1.58556
0.507498
1.96445
0.698131
1.96793
0.707552
1.95559
0.720679
1.96248
0.727101
1.51071
0.842877
1.51388
0.852397
1.87462
0.905657
1.88052
0.913305
1.49789
0.924941
1.68252
0.946261
1.68313
0.938482
1.50056
0.82524
1.87739
0.686188
1.88527
0.686582
1.553
0.911351
1.56041
0.917544
1.70617
0.561524
1.71721
0.56518
1.49467
0.5874
1.50128
0.582558
1.50377
0.572874
1.50962
0.602921
1.51007
0.612909
1.77991
0.897698
1.77126
0.901924
1.75494
0.839792
1.74722
0.838324
1.89939
0.629242
1.90426
0.619334
1.9164
0.601466
1.92368
0.608233
1.93914
0.617488
1.93021
0.621898
1.62461
0.555208
1.61526
0.557598
1.64826
0.567562
1.64009
0.561884
1.76331
0.710108
1.75955
0.719298
1.8367
0.961966
1.84594
0.965583
1.8554
0.961915
1.85861
0.952519
1.85876
0.988718
1.84967
0.994968
1.7468
0.626487
1.74771
0.636587
1.60053
0.826651
1.59453
0.81787
1.8994
0.843344
1.89408
0.83498
1.89886
0.816164
1.90796
0.812223
1.87174
0.821275
1.87127
0.812082
1.82253
0.862253
1.82999
0.857383
1.681
0.784807
1.68502
0.793037
1.73364
0.881769
1.73425
0.871885
1.64518
0.79441
1.63437
0.796659
1.63355
0.772174
1.62597
0.765811
1.78495
0.679281
1.79379
0.674843
1.7698
0.706619
1.77218
0.697015
1.70632
0.612453
1.70669
0.602668
1.93599
0.505593
1.91273
0.501435
1.86686
0.537309
1.85955
0.540433
1.66679
0.487433
1.62771
0.488578
1.90873
0.7706
1.91342
0.779256
1.55984
0.624378
1.56436
0.631011
1.58892
0.73365
1.59484
0.723305
1.82495
0.694779
1.83085
0.689211
1.65064
0.956002
1.67455
0.963557
1.55778
0.528318
1.54961
0.511908
1.61835
0.767188
1.61232
0.776121
1.70553
0.86643
1.71586
0.872212
1.50313
0.505109
1.52334
0.496223
1.95314
0.764417
1.9589
0.772312
1.84101
0.675569
1.84557
0.684201
1.87982
0.975966
1.89447
0.974734
1.88866
0.958398
1.89449
0.952262
1.68436
0.597585
1.68398
0.607306
1.97939
0.59068
1.98911
0.590701
1.9373
0.712255
1.93973
0.721672
1.8179
0.801488
1.82927
0.799998
1.66454
0.966421
1.65998
0.957842
1.67969
0.9959
1.67043
0.982685
1.67043
0.990885
1.66262
0.994985
1.85912
0.599073
1.85965
0.613447
1.84492
0.589105
1.84473
0.598813
1.86512
0.628914
1.86451
0.618713
1.77518
0.60201
1.78251
0.610845
1.90247
0.514025
1.89043
0.516117
1.75393
0.620988
1.76175
0.625893
1.58332
0.902135
1.58757
0.910758
1.61519
0.684699
1.61048
0.67625
1.60725
0.706103
1.61295
0.698287
1.51238
0.524593
1.52103
0.52596
1.90357
0.919087
1.89508
0.923684
1.87996
0.932592
1.87335
0.939638
1.7769
0.559665
1.7835
0.565634
1.58031
0.960896
1.58931
0.964359
1.60553
0.988697
1.59862
0.995108
1.90871
0.941777
1.91037
0.949948
1.74088
0.558233
1.73563
0.566217
1.5172
0.740637
1.52415
0.747319
1.86881
0.731293
1.87794
0.731991
1.62762
0.573624
1.63204
0.582815
1.57522
0.884694
1.57733
0.876635
1.85401
0.499281
1.85925
0.50517
1.91139
0.735584
1.8999
0.737683
1.83682
0.94465
1.83342
0.953628
1.85816
0.929686
1.86152
0.937942
1.94785
0.734513
1.94652
0.725007
1.67081
0.807154
1.67921
0.803504
1.49399
0.675058
1.51487
0.679797
1.52342
0.675501
1.51391
0.707181
1.50944
0.698716
1.574
0.542805
1.57412
0.534349
1.95419
0.832157
1.94587
0.836867
1.95135
0.851704
1.94742
0.858088
1.67769
0.582165
1.67577
0.573815
1.72574
0.580954
1.71984
0.588477
1.87598
0.796309
1.88354
0.789239
1.74722
0.891071
1.75575
0.89529
1.68522
0.558469
1.6776
0.552758
1.67042
0.554404
1.66604
0.562865
1.93969
0.54274
1.93616
0.535506
1.62884
0.539056
1.6377
0.532147
1.52261
0.534588
1.51358
0.539508
1.50789
0.867523
1.51893
0.867294
1.67332
0.745614
1.68095
0.741009
1.51541
0.503342
1.51885
0.509962
1.73193
0.518425
1.73224
0.529017
1.72623
0.550573
1.72251
0.542661
1.70619
0.915796
1.70749
0.925143
1.55188
0.793729
1.55805
0.800778
1.58081
0.806399
1.57145
0.805472
1.82341
0.843876
1.83065
0.847561
1.56392
0.51409
1.57012
0.519395
1.49489
0.894115
1.504
0.896274
1.53647
0.969552
1.53153
0.960193
1.87866
0.565472
1.87417
0.573666
1.70775
0.782123
1.71607
0.786387
1.5521
0.967826
1.55981
0.962537
1.85032
0.574418
1.85966
0.574761
1.87488
0.589184
1.87506
0.598524
1.7147
0.63766
1.70518
0.644261
1.6684
0.782772
1.66313
0.787575
1.56114
0.70859
1.5604
0.719274
1.69005
0.770504
1.68328
0.775476
1.53283
0.631773
1.53453
0.622631
1.75777
0.734187
1.76447
0.72518
1.82223
0.555074
1.821
0.565457
1.76133
0.582591
1.75359
0.577457
1.52932
0.70621
1.53808
0.703149
1.55379
0.695863
1.56195
0.691442
1.7036
0.856778
1.69763
0.84967
1.69689
0.830757
1.70168
0.822807
1.67565
0.842823
1.68431
0.839484
1.56194
0.739415
1.56073
0.748608
1.71098
0.809073
1.7153
0.802545
1.97458
0.897697
1.96834
0.904549
1.98181
0.875179
1.99184
0.875
1.70291
0.523957
1.71191
0.526892
1.96868
0.963263
1.96919
0.953678
1.91122
0.763425
1.90653
0.755452
1.89598
0.73005
1.90312
0.72396
1.89896
0.75311
1.89037
0.756542
1.5273
0.845502
1.52159
0.858128
1.96167
0.926062
1.96988
0.921839
1.91761
0.638114
1.91827
0.630405
1.81997
0.642694
1.81948
0.65122
1.59327
0.592344
1.59415
0.583167
1.59402
0.558764
1.60081
0.552253
1.7485
0.918619
1.75346
0.910492
1.60395
0.536106
1.60551
0.527023
1.56478
0.684515
1.56067
0.676279
1.55987
0.656728
1.56249
0.6479
1.8418
0.710804
1.8434
0.701749
1.83971
0.740911
1.83893
0.731749
1.95242
0.600731
1.96059
0.595454
1.53653
0.86353
1.53343
0.872181
1.53637
0.879012
1.54454
0.883209
1.52435
0.888976
1.51971
0.896911
1.96298
0.638122
1.97236
0.641672
1.99524
0.495266
1.8467
0.566335
1.83854
0.565338
1.73941
0.640029
1.73742
0.648531
1.92144
0.969711
1.92563
0.961565
1.88863
0.763885
1.8928
0.773351
1.72786
0.772074
1.72561
0.76322
1.93621
0.516529
1.91146
0.51939
1.59727
0.683061
1.60089
0.674697
1.91394
0.708066
1.92174
0.703373
1.93105
0.683971
1.93444
0.697201
1.9373
0.690715
1.94649
0.69078
1.71693
0.5139
1.71039
0.506773
1.68928
0.680991
1.69274
0.689402
1.98721
0.976046
1.99513
0.979508
1.4953
0.68536
1.50238
0.686419
1.49955
0.93545
1.66862
0.722825
1.6612
0.726547
1.50296
0.766663
1.74665
0.502452
1.73918
0.505665
1.85788
0.913495
1.84716
0.909464
1.9644
0.517395
1.97308
0.514882
1.74535
0.59385
1.75555
0.596982
1.80711
0.949791
1.81129
0.941787
1.9646
0.99561
1.95939
0.989476
1.92247
0.515971
1.92799
0.521327
1.63416
0.947956
1.63126
0.956488
1.63022
0.928735
1.6314
0.919801
1.64853
0.949101
1.64036
0.945305
1.6159
0.795981
1.6085
0.790848
