1.09223
0.503735
1.04516
0.509052
0.995859
0.305154
1.05076
0.436575
0.998622
0.393137
1.01139
0.407306
0.996326
0.491531
1.22784
0.147169
1.0337
0.444147
1.0532
0.409082
1.00583
0.438625
1.14479
0.399789
1.06668
0.389858
1.08242
0.401353
0.997492
0.434872
1.11793
0.382211
1.06729
0.445474
1.03605
0.505348
1.27322
0.282584
1.07096
0.437489
1.09325
0.482213
1.0943
0.490502
1.11187
0.483911
1.09745
0.455639
1.08615
0.385344
1.08884
0.412386
1.4242
0.310504
1.47608
0.279024
1.3589
0.172573
0.989346
0.345158
1.40262
0.161896
1.32035
0.400741
1.46908
0.395683
1.2266
0.486337
1.13274
0.43031
1.4493
0.063316
1.44672
0.444065
1.48931
0.460721
1.39914
0.078455
1.44369
0.159624
1.08951
0.0227621
1.12111
0.246252
1.02065
0.390973
1.41994
0.377743
1.41109
0.463571
1.29328
0.0964513
1.14221
0.147916
1.04475
0.163082
1.28249
0.387814
1.15527
0.269696
1.23352
0.231427
1.03368
0.487559
1.19092
0.135327
1.10744
0.0808732
1.34815
0.463896
1.45697
0.438341
1.27056
0.121278
1.25499
0.101926
1.50313
0.287414
1.45713
0.238462
1.50173
0.446185
1.50222
0.483642
1.34068
0.314705
1.35195
0.164997
1.34449
0.0893104
1.38642
0.0601554
1.14825
0.457648
1.12674
0.366525
1.32853
0.218221
1.31508
0.171168
1.29465
0.312412
1.33717
0.272876
1.42008
0.0683507
1.39654
0.0966811
1.38048
0.29213
1.46706
0.353128
1.21598
0.238075
1.1678
0.16079
1.28239
0.25056
1.27851
0.211173
1.27467
0.434962
1.0144
0.12398
0.998581
0.0713299
1.13681
0.245684
1.00886
0.165053
1.32586
0.429476
1.40578
0.339713
1.04484
0.079956
1.00415
0.0790072
1.31806
0.237817
1.3419
0.333934
1.02126
0.316788
1.49905
0.246779
1.28381
0.308
1.15315
0.359743
1.07296
0.323467
1.06771
0.301763
0.99204
0.274993
1.05722
0.284396
1.25952
0.465772
1.26369
0.395934
1.35025
0.453562
1.28014
0.465698
1.19871
0.130398
1.30993
0.0787044
1.24141
0.00521617
1.17551
0.0364987
1.08891
0.00561809
1.25509
0.291855
1.28372
0.278073
1.13896
0.479829
1.16175
0.460436
1.09598
0.101867
1.16777
0.0656275
1.44834
0.0313769
1.46567
0.116171
1.1881
0.0640944
1.09597
0.0897455
1.4966
0.496455
1.40731
0.320573
1.12831
0.311093
1.16299
0.380638
1.24702
0.514684
1.25383
0.499655
1.36641
0.146924
1.41256
0.172755
1.22566
0.0346069
1.22517
0.0587533
1.23619
0.0899385
1.08841
0.264131
1.08052
0.209279
1.25558
0.132781
1.28759
0.218027
1.17165
0.269055
1.22054
0.229763
1.17931
0.207583
1.15439
0.24472
1.49972
0.0951878
1.05312
0.376407
1.05228
0.35234
1.05583
0.422518
1.05431
0.449972
1.38428
0.371853
1.42951
0.407066
1.39054
0.380542
1.25689
0.326718
1.33136
0.0225009
1.03406
0.276426
1.04847
0.206549
1.17421
0.39621
1.22451
0.376918
1.3658
0.403943
1.32506
0.418932
1.40881
0.182979
1.39906
0.286367
1.35977
0.469791
1.10765
0.165447
1.09624
0.162362
1.05389
0.16995
1.47364
0.248828
1.50202
0.313206
1.48972
0.364282
1.47735
0.423986
1.4186
0.261471
1.42478
0.278322
1.21137
0.477354
1.20773
0.450505
1.47159
0.139568
1.36242
0.107565
1.19359
0.143651
1.08308
0.114595
1.34827
0.0273314
1.32991
0.154144
1.27913
0.109085
1.23237
0.0261907
1.19639
0.0908014
1.45359
0.487739
1.3475
0.0990872
1.32117
0.0616484
1.10044
0.429414
1.08164
0.421136
1.18155
0.427005
1.18472
0.443602
1.41395
0.144097
1.4038
0.149398
1.41065
0.130919
1.45215
0.152207
1.3062
0.155725
1.32321
0.171503
1.02307
0.372566
1.03486
0.38423
1.09147
0.332906
1.09893
0.354389
1.33233
0.319039
1.3043
0.377528
1.45486
0.218096
1.42462
0.218311
1.41619
0.215676
1.4395
0.255201
1.37019
0.464458
1.31241
0.494043
1.22219
0.392715
1.24747
0.349396
1.40537
0.475851
1.41273
0.441771
1.45663
0.350032
1.44287
0.377677
1.12869
0.475423
1.12288
0.441863
1.49815
0.115918
1.31982
0.331689
1.35718
0.321329
1.04473
0.154074
1.06252
0.144898
1.23514
0.492001
1.24579
0.503434
1.14855
0.117063
1.16545
0.0971664
1.08648
0.0839948
1.18038
0.418697
1.24569
0.453577
1.47718
0.0360826
1.4651
0.292708
1.50783
0.342333
1.38045
0.22329
1.32593
0.258367
1.12025
0.189445
1.10185
0.186066
1.06898
0.49023
1.08705
0.494236
1.21449
0.220276
1.14545
0.240678
1.22243
0.193199
1.23031
0.187804
1.26718
0.194228
1.24185
0.191221
1.22159
0.246398
1.25917
0.258613
1.23261
0.28546
1.20165
0.311917
1.00573
0.386692
1.00585
0.375838
1.37432
0.158188
1.3827
0.155327
1.49303
0.43104
1.4695
0.419009
1.05229
0.145402
1.0628
0.191287
1.02725
0.0304842
1.29003
0.419672
1.29341
0.379099
1.41914
0.42845
1.39092
0.414053
1.35807
0.396695
1.36338
0.446434
1.04024
0.10521
1.01706
0.134538
1.04199
0.03206
1.03635
0.00516007
1.06785
0.0952953
1.02986
0.0686251
1.31119
0.0541622
1.30687
0.0363694
1.33971
0.0305466
1.3804
0.0877573
1.48681
0.036853
1.4577
0.0289559
1.22838
0.416615
1.20325
0.439276
1.38739
0.285663
1.3759
0.330817
1.02218
0.276959
1.04626
0.329649
1.36261
0.257762
1.34444
0.244183
1.50684
0.180999
1.49734
0.123504
1.49047
0.197348
1.46173
0.199949
1.4507
0.209743
1.09755
0.381128
1.14061
0.348596
1.04126
0.431824
1.02459
0.443417
1.45999
0.159403
1.47344
0.150597
1.20808
0.277433
1.19672
0.293172
1.13359
0.32899
1.10624
0.317231
1.27576
0.232486
1.29575
0.210388
1.12757
0.32158
1.12755
0.337435
1.30528
0.325858
1.36986
0.320482
1.35521
0.477919
1.30101
0.504468
1.0996
0.412054
1.07171
0.421241
1.2222
0.323295
1.18402
0.317548
1.46333
0.00541329
1.49036
0.0448419
1.10571
0.49335
1.12828
0.491372
1.07119
0.23087
1.06433
0.221037
1.03958
0.268737
1.03629
0.236473
1.1154
0.230219
1.08309
0.282418
1.47869
0.372353
1.43637
0.435628
1.12898
0.204783
1.15574
0.218936
1.26606
0.16597
1.28161
0.176405
1.4009
0.383842
1.4082
0.376098
1.41164
0.486016
1.3547
0.511645
1.47475
0.23707
1.50244
0.224814
1.37492
0.178089
1.32799
0.181589
1.35855
0.0976447
1.30655
0.0919371
1.20916
0.32242
1.18338
0.376568
1.46868
0.509092
1.27027
0.0273275
1.33009
0.0587914
1.29197
0.0251595
1.24058
0.0285529
1.26292
0.10713
1.20262
0.0973083
1.41747
0.355056
1.3889
0.342214
1.26917
0.328819
1.23297
0.295754
1.3404
0.234777
1.28738
0.228311
1.01017
0.19724
1.08517
0.0301413
1.0739
0.0320319
1.29507
0.0352891
1.39477
0.0436784
1.37423
0.0122069
1.1846
0.0294109
1.11719
0.00424412
1.23006
0.0174288
1.18822
0.0122438
1.18749
0.505527
1.22579
0.505015
1.1786
0.473922
1.28749
0.123242
1.27884
0.118737
1.14237
0.359245
1.10693
0.360857
1.48265
0.0535409
1.45837
0.107003
1.11904
0.100781
1.12315
0.14217
1.14975
0.167664
1.12901
0.173046
1.21606
0.0854899
1.21244
0.0963679
1.01635
0.269502
1.30036
0.449807
1.27889
0.418212
1.4448
0.509213
1.10639
0.0704685
1.14012
0.0484923
1.12498
0.0396613
1.12608
0.0561617
1.35092
0.22721
1.3471
0.218307
1.1657
0.153944
1.19054
0.116649
1.35179
0.494578
1.37855
0.466748
1.02989
0.139255
1.04696
0.135479
1.01136
0.319675
1.06402
0.359465
1.51203
0.483161
1.04441
0.465465
1.46779
0.159134
1.48166
0.168004
1.08156
0.452554
1.08558
0.459876
1.21415
0.252263
1.18435
0.250193
0.996806
0.243648
1.0072
0.207172
1.26501
0.147899
1.25012
0.126379
1.10888
0.203366
1.12859
0.241873
1.4759
0.300773
1.4472
0.284889
1.12801
0.109688
1.19312
0.0821336
1.30222
0.470973
1.30376
0.496021
1.24203
0.47499
1.23648
0.499444
1.00243
0.0626264
1.03658
0.0249491
1.14506
0.233524
1.09311
0.281068
0.985326
0.071831
1.46228
0.0225835
1.27322
0.243623
1.32299
0.294398
1.01061
0.476675
1.03681
0.478237
1.19487
0.389126
1.20798
0.368008
1.03821
0.30192
1.04752
0.28798
1.45863
0.425604
1.41222
0.430705
1.49282
0.141157
1.49202
0.10861
1.30976
0.46531
1.32299
0.482531
1.43818
0.409622
1.46314
0.402829
0.99954
0.0487631
1.0206
0.0691621
1.14954
0.0797973
1.15653
0.068821
1.00603
0.328171
1.00556
0.308663
1.38932
0.20373
1.39088
0.213391
1.25248
0.182936
1.25079
0.174731
1.12661
0.449946
1.16421
0.4197
1.43256
0.180093
1.43435
0.198492
1.46684
0.502016
1.48251
0.448883
1.47366
0.483762
1.43016
0.470762
1.12111
0.460114
1.12794
0.466331
1.38825
0.0329893
1.36947
0.0474726
1.50632
0.172817
1.48887
0.173546
1.33771
0.508987
1.13604
0.103789
1.1041
0.088822
1.16329
0.0229266
1.13126
0.0325623
1.23912
0.126261
1.23585
0.116564
1.24313
0.168865
1.21353
0.159807
1.02221
0.48865
1.19065
0.367461
1.20542
0.351638
1.11113
0.44116
1.10991
0.432705
1.31573
0.355672
1.26228
0.362285
1.17312
0.415841
1.13627
0.390744
1.1474
0.276181
1.11833
0.304795
1.06022
0.202997
1.03024
0.19051
1.00162
0.18767
1.35657
0.502197
1.33961
0.485499
1.1821
0.0947442
1.15351
0.0886753
1.2425
0.277544
1.24333
0.29855
1.38663
0.051286
1.38882
0.0811227
1.07385
0.273764
1.07465
0.309145
1.01221
0.301781
1.35589
0.150545
1.39095
0.165472
1.19496
0.16464
1.19354
0.193044
1.20364
0.234642
1.1757
0.2267
1.35387
0.428815
1.3638
0.435839
1.04654
0.476594
1.04803
0.445135
0.989292
0.436749
1.18673
0.387907
1.18361
0.398319
1.36941
0.127317
1.39311
0.11775
1.32339
0.116033
1.35835
0.121473
1.33113
0.328239
1.29559
0.321337
1.42852
0.299819
1.39119
0.311136
1.45349
0.360616
1.49728
0.341224
1.34088
0.361628
1.32044
0.369712
1.27282
0.338401
1.2851
0.341046
1.42754
0.388355
1.40666
0.421685
1.25358
0.425433
1.21354
0.468977
1.03262
0.166273
1.01279
0.0332025
1.4268
0.147486
1.42746
0.192196
1.2882
0.486073
1.29916
0.0182341
1.30806
0.277756
1.30087
0.266152
1.30464
0.303107
1.32941
0.301093
1.2314
0.456036
1.24941
0.446145
1.35212
0.347342
1.34036
0.343111
1.15836
0.182146
1.20376
0.209024
1.47921
0.475791
1.478
0.466567
1.47488
0.312614
1.49317
0.331142
1.348
0.122553
1.34102
0.110088
1.00206
0.0144262
1.00344
0.0287481
1.26869
0.487959
1.27081
0.47783
1.07681
0.156588
1.09028
0.16916
1.12143
0.178423
1.12713
0.194437
1.39844
0.00525732
1.48296
0.329468
1.45114
0.3125
1.06729
0.0244913
1.05656
0.0245463
1.22244
0.211012
1.24489
0.203055
1.50109
0.0458202
1.20707
0.500071
1.47412
0.334546
1.43395
0.360488
1.10807
0.130744
1.11439
0.158299
1.33082
0.0469015
1.37635
0.0447559
1.16436
0.275036
1.17757
0.310111
1.35149
0.355647
1.38205
0.387428
1.40269
0.397717
1.3597
0.420572
1.04123
0.311771
1.02793
0.336415
1.26986
0.0730505
1.30244
0.0586277
1.03708
0.133315
1.02968
0.0992174
1.06211
0.0860999
1.05101
0.0894692
1.04915
0.125472
1.072
0.116861
1.38157
0.265248
1.37053
0.26667
1.40623
0.259895
1.36525
0.247121
1.2402
0.390219
1.25323
0.411446
1.12467
0.211548
1.12597
0.231041
1.36574
0.49948
1.04409
0.216624
1.06736
0.211898
1.41929
0.12227
1.44175
0.112273
1.43823
0.0763734
1.4639
0.0583624
1.43184
0.0669195
1.44095
0.091541
1.30968
0.179574
1.31572
0.195768
1.17517
0.101575
1.15857
0.103037
1.21094
0.00487799
1.22593
0.0823024
1.19723
0.0487941
1.34502
0.288096
1.37071
0.288152
1.30968
0.220282
1.31916
0.213993
1.40631
0.294824
1.41929
0.291049
1.38383
0.33285
1.3983
0.337115
1.19718
0.285265
1.18564
0.28231
1.12195
0.49998
1.34665
0.143178
1.34419
0.132039
1.44109
0.0290164
1.42909
0.0452996
1.20089
0.494063
1.19191
0.497171
1.31783
0.412857
1.33522
0.416279
1.00451
0.120937
1.15957
0.34174
1.16695
0.33109
1.05161
0.0313606
1.09993
0.0248357
1.3619
0.369071
1.36919
0.341413
1.0503
0.399428
1.03946
0.400339
1.09235
0.321653
1.10794
0.308878
1.33731
0.18021
1.32633
0.19263
1.30054
0.177615
1.27044
0.156711
1.23259
0.354915
1.24618
0.369441
1.30626
0.356401
1.32409
0.378402
1.39322
0.0239727
1.26112
0.386226
1.2487
0.383011
1.40171
0.107363
1.43567
0.100061
1.1145
0.353765
1.09009
0.35414
1.03402
0.341093
1.01029
0.338059
1.21125
0.0377735
1.21723
0.031676
1.29202
0.0536972
1.25409
0.0712137
1.25953
0.0269941
1.28585
0.060574
1.28686
0.0436258
1.50606
0.0248026
1.47851
0.0211145
1.16401
0.480001
1.16798
0.471244
1.18889
0.486999
1.16724
0.454075
1.43956
0.0206783
1.44219
0.0049112
1.3182
0.435157
1.33993
0.446406
1.2421
0.322449
1.20588
0.331944
1.07298
0.453779
1.0683
0.466287
1.0997
0.447601
1.08244
0.431801
1.42229
0.0986777
1.41499
0.10904
1.42892
0.127232
1.43313
0.139269
1.12282
0.408792
1.13301
0.411795
1.13538
0.368483
1.10799
0.396
1.30092
0.349464
1.27619
0.358234
1.07809
0.266666
1.09713
0.244984
1.22731
0.514531
1.40345
0.0860708
1.41591
0.0863907
1.16985
0.383662
1.17591
0.374433
1.06883
0.334055
1.06046
0.336755
1.37856
0.194391
1.38867
0.186575
1.06961
0.508907
1.09807
0.0666004
1.1075
0.0344881
1.48021
0.509294
1.46157
0.481303
1.44386
0.479658
1.43314
0.496405
1.35181
0.0722568
1.35916
0.0622512
1.42717
0.253623
1.42214
0.240597
1.4027
0.232623
1.41008
0.241017
1.46553
0.232845
1.47114
0.202957
1.01478
0.369845
1.27573
0.0785557
1.27559
0.0893488
1.22536
0.155749
1.23373
0.167267
1.39242
0.248308
1.40273
0.252467
1.15574
0.481024
1.48807
0.352279
1.47512
0.347274
1.39283
0.403622
1.38035
0.415123
1.33626
0.0691088
1.33219
0.109412
0.995201
0.054733
1.00077
0.0880148
0.994132
0.0950938
1.40414
0.445038
1.39777
0.422927
1.39334
0.358418
1.38704
0.349479
1.4235
0.366006
1.44357
0.366502
1.47487
0.270073
1.48335
0.253486
1.06108
0.244641
1.0662
0.25342
0.998493
0.36887
1.00084
0.347588
1.48596
0.280201
1.50019
0.302459
1.24455
0.0748623
1.24449
0.0855856
1.46675
0.2824
1.43504
0.276938
1.45182
0.383531
1.47956
0.382592
1.42498
0.170833
1.43175
0.158389
1.14772
0.17707
1.13749
0.157178
1.02491
0.382315
1.01336
0.394277
1.01381
0.156922
1.00776
0.144524
1.32918
0.231449
1.30794
0.230878
1.08583
0.0739958
1.09821
0.0588356
1.41851
0.0469666
1.41157
0.0623764
1.35254
0.212573
1.36826
0.204821
1.10277
0.470002
1.10773
0.462258
1.27237
0.425826
1.28266
0.440402
1.50803
0.196148
1.48035
0.196243
1.43299
0.460122
1.42149
0.483234
1.4454
0.470247
1.42588
0.454215
1.44163
0.419608
1.45164
0.4197
1.43931
0.286205
1.43828
0.296359
1.0844
0.184387
1.08474
0.199891
1.08218
0.248962
1.08042
0.236136
1.17795
0.333392
1.18521
0.326528
1.24083
0.430789
1.22921
0.425083
1.12403
0.257124
1.13522
0.261696
1.07427
0.342628
1.08358
0.341839
1.17135
0.497207
1.23757
0.144133
1.23384
0.132189
1.15077
0.322308
1.16225
0.322378
1.40952
0.496357
1.31511
0.099969
1.31023
0.125915
1.1758
0.436012
1.14164
0.430613
1.05596
0.480155
1.06554
0.499695
1.21383
0.347566
1.20952
0.3601
1.04343
0.1993
1.02067
0.179556
1.01867
0.198025
1.02169
0.189034
1.50458
0.0572879
1.20624
0.0551485
1.20997
0.0652523
1.43296
0.210516
1.41087
0.208007
1.12603
0.120335
1.09994
0.124271
1.33668
0.281762
1.32521
0.269137
1.43785
0.336967
1.45429
0.333786
1.44324
0.330433
1.44003
0.320343
1.47366
0.212979
1.46434
0.221317
1.46127
0.0969679
1.48543
0.0878981
1.47742
0.0828208
1.47591
0.0737062
1.50992
0.0791487
1.32713
0.45187
1.31777
0.445398
1.23522
0.212214
1.24024
0.223143
1.21317
0.192395
1.19462
0.175292
1.30733
0.4526
1.29151
0.432725
1.46284
0.329006
1.46289
0.317809
1.1862
0.149208
1.15699
0.149151
1.1996
0.106614
1.22773
0.113173
1.45365
0.0563612
1.44737
0.0480147
1.12391
0.482765
1.10485
0.478095
1.26808
0.353478
1.26473
0.344037
1.31731
0.507953
1.0196
0.408872
1.03468
0.413286
1.02353
0.416763
1.01847
0.428065
1.31657
0.251436
1.304
0.255608
1.33853
0.253702
1.34592
0.264688
1.2505
0.464306
1.27922
0.475515
1.08508
0.146577
1.09636
0.151845
1.18388
0.117048
1.17662
0.110567
1.15728
0.131113
1.13976
0.140263
1.29063
0.38673
1.31027
0.393215
1.20522
0.155883
1.18597
0.159355
1.17341
0.24963
1.15469
0.229215
1.20507
0.219093
1.19878
0.225146
1.06752
0.15632
1.0638
0.1682
1.11599
0.0673431
1.12916
0.0478922
1.33855
0.386919
1.3334
0.379234
1.1883
0.0535536
1.1779
0.0470427
1.15083
0.312806
1.1647
0.283628
1.11142
0.500812
1.28385
0.296826
1.30153
0.289298
1.09126
0.124555
1.0834
0.135021
1.39599
0.47375
1.3717
0.451435
1.30387
0.00414754
0.988485
0.372299
1.49739
0.383351
1.4879
0.38608
1.33279
0.396758
1.34043
0.40622
0.99231
0.324136
1.41042
0.0388495
1.41478
0.0303762
1.07206
0.400307
1.05689
0.388882
1.08405
0.0499758
1.07241
0.0450932
1.22844
0.267599
1.24044
0.268645
1.24824
0.259738
1.26201
0.247661
1.27732
0.261937
1.2653
0.265952
1.05517
0.328342
1.04746
0.296797
1.29158
0.287429
1.28648
0.268338
1.26441
0.184986
1.25893
0.222876
1.49243
0.45137
1.46505
0.443822
1.04862
0.0611132
1.05082
0.0704321
1.28296
0.495925
1.27186
0.495496
1.22885
0.0723437
1.23917
0.0692564
1.45029
0.139644
1.46011
0.133247
1.38381
0.0956999
1.38586
0.075281
1.47614
0.117812
1.48226
0.107819
1.15913
0.192382
1.14778
0.197676
1.16651
0.198771
1.17453
0.196013
1.18751
0.184399
1.17853
0.184125
1.37213
0.0240307
1.37742
0.0337626
1.24745
0.150445
1.25469
0.144202
1.2273
0.175519
1.2151
0.172115
1.37545
0.106257
1.37959
0.117624
1.4636
0.253923
1.4563
0.247781
1.44163
0.231271
1.42914
0.230713
1.38572
0.489483
1.37681
0.485457
1.06868
0.0681159
1.0624
0.0750903
1.08589
0.104365
1.07841
0.0943732
1.06692
0.12541
1.07013
0.13361
1.38285
0.305947
1.37177
0.310475
0.993719
0.294368
1.00224
0.287822
1.0005
0.278876
1.00656
0.271226
1.41172
0.402647
1.42358
0.398935
1.39474
0.435213
1.38494
0.436925
0.999358
0.473852
1.01909
0.448383
1.01492
0.466908
0.991413
0.00755033
1.2683
0.225031
1.27084
0.214002
1.29712
0.235306
1.29467
0.246418
1.37204
0.135917
1.383
0.141522
1.39243
0.139171
1.39776
0.128075
1.22976
0.386161
1.21193
0.391426
1.03522
0.049324
1.03729
0.0587437
1.486
0.402256
1.48926
0.420377
1.49356
0.411962
1.50624
0.41234
1.49002
0.225962
1.48501
0.215416
1.33205
0.131558
1.32293
0.124613
1.28803
0.13175
1.28066
0.139079
1.03521
0.0805185
1.02782
0.0901399
0.995523
0.106318
1.00865
0.092613
1.02374
0.116429
1.02034
0.106759
1.31238
0.0445486
1.32308
0.0401448
1.34439
0.0665355
1.33934
0.0437078
1.25182
0.0106613
1.25129
0.0214009
1.22383
0.400538
1.21036
0.430274
1.51629
0.111826
1.11505
0.211512
1.11117
0.193368
1.19603
0.350767
1.19588
0.333886
1.38674
0.177038
1.37076
0.169384
1.21632
0.259167
1.2047
0.251699
1.19015
0.263216
1.18308
0.272902
1.02416
0.214914
1.01348
0.217415
1.4966
0.0670132
1.48539
0.0642445
1.38742
0.497458
1.36239
0.293766
1.36108
0.302273
1.10722
0.385551
1.1184
0.373281
1.12361
0.355011
1.13048
0.34632
1.502
0.435144
1.36099
0.339946
1.35502
0.330197
1.14516
0.306951
1.13558
0.30562
1.12076
0.289533
1.1302
0.288835
1.40301
0.362606
1.40872
0.353302
1.15563
0.0190191
1.16007
0.0506859
1.14308
0.408387
1.15769
0.426803
1.27856
0.0221049
1.27876
0.0110319
1.01973
0.341855
1.02018
0.351743
1.51044
0.0894389
1.50427
0.375937
1.50218
0.366283
1.48508
0.12619
1.48308
0.134639
1.20485
0.514928
0.998617
0.461021
1.50428
0.2057
1.4926
0.206499
1.19268
0.427207
1.19463
0.436689
1.38814
0.273211
1.41737
0.2712
1.44425
0.17839
1.45261
0.202619
1.4954
0.0113848
1.13857
0.27276
1.11605
0.281127
1.38969
0.0129221
1.38187
0.00766481
1.02167
0.46163
1.03015
0.466361
1.40885
0.0117003
1.40718
0.0227509
1.12602
0.390495
1.11972
0.400224
1.382
0.233417
1.39172
0.236763
1.05615
0.122201
1.04894
0.101371
1.21854
0.432611
1.22163
0.449443
1.15864
0.290952
1.13593
0.294151
1.33743
0.0057488
1.3643
0.0244635
1.25867
0.0602046
1.27531
0.0440926
1.08942
0.444042
1.09138
0.434311
1.15447
0.501038
1.14385
0.329335
1.14794
0.340055
1.35194
0.30578
1.34996
0.314829
1.197
0.0742262
1.2073
0.0749871
1.23986
0.25023
1.2527
0.228452
0.997586
0.142842
1.1577
0.436392
1.16573
0.441153
1.33618
0.147168
1.32917
0.140083
1.04722
0.253363
1.03742
0.258116
1.05244
0.268082
1.06055
0.274862
1.15528
0.368623
1.15959
0.412977
1.25384
0.240151
1.24262
0.241595
1.50912
0.39431
1.25369
0.360257
1.25271
0.341983
1.04306
0.357443
1.04284
0.375714
1.32398
0.474146
1.33091
0.467908
1.45807
0.170374
1.44861
0.170365
1.10775
0.27914
1.11547
0.295211
1.08184
0.291223
1.06928
0.292103
1.04538
0.186515
1.053
0.182054
1.47075
0.0517596
1.46884
0.0422901
1.27197
0.175887
1.29308
0.19964
1.27375
0.313589
1.26499
0.307408
1.25253
0.320065
1.25554
0.311162
1.35953
0.387148
1.34273
0.370839
1.38509
0.364225
1.36254
0.360793
1.3325
0.358857
1.33134
0.348646
1.10476
0.247571
1.11254
0.240788
1.28925
0.504814
1.3139
0.486371
1.3197
0.499109
1.28258
0.200935
1.27892
0.193773
1.28155
0.158548
1.28681
0.168325
1.29466
0.138414
1.31314
0.159257
1.19945
0.371671
1.20032
0.381997
1.16301
0.35078
1.18813
0.358559
1.06855
0.411446
1.06025
0.413559
1.06309
0.369799
1.07047
0.378065
1.23587
0.348143
1.23054
0.332455
1.22627
0.315446
1.22338
0.304788
1.22759
0.33998
1.21597
0.340344
1.46888
0.388183
1.46018
0.381379
1.36294
0.189238
1.35547
0.182744
1.36048
0.19889
1.33593
0.212646
1.33133
0.162275
1.34032
0.168651
1.25464
0.281143
1.26396
0.276864
1.23598
0.0996182
1.25312
0.117256
1.15254
0.0585824
1.16961
0.0540496
1.14153
0.031931
1.14622
0.0396301
1.26705
0.130264
1.27182
0.138696
1.15148
0.254035
1.14054
0.254635
1.17782
0.457781
1.18295
0.466819
1.48532
0.234246
1.49131
0.244937
1.35984
0.0422996
1.35771
0.0334065
1.01255
0.484364
1.00473
0.491517
1.49835
0.167117
1.49903
0.157065
1.46898
0.366204
1.46116
0.36964
1.37175
0.508116
1.2989
0.412082
1.30779
0.417687
1.23672
0.315939
1.24418
0.308078
1.47375
0.0108533
1.47324
0.0265029
1.35491
0.286824
1.35479
0.26525
1.20309
0.0123217
1.19527
0.0074437
1.21431
0.0229216
1.20478
0.0219879
1.15744
0.0402891
1.16458
0.0331088
1.3525
0.0812495
1.36243
0.0855029
1.32683
0.0976616
1.33265
0.0885606
1.3297
0.0790709
1.32024
0.0738416
1.30211
0.0709767
1.29135
0.0718029
1.26974
0.0555497
1.27513
0.0619597
1.2742
0.292637
1.2654
0.297629
1.2865
0.0786937
1.28636
0.0894868
1.08878
0.394632
1.10094
0.400864
1.25346
0.043037
1.25332
0.0537888
1.26975
0.0380655
1.259
0.0377321
1.19239
0.343493
1.18166
0.343974
1.24241
0.403669
1.23361
0.407433
1.05713
0.00545667
1.0837
0.0120328
1.37502
0.404282
1.38256
0.396633
1.11848
0.264361
1.1078
0.260272
1.25896
0.0934205
1.26962
0.094592
1.50642
0.12984
1.50391
0.139043
1.18759
0.21064
1.19419
0.204096
1.3716
0.382442
1.37258
0.374163
1.429
0.319085
1.43526
0.349743
1.40191
0.305749
1.41058
0.312659
1.44636
0.393128
1.43741
0.387274
1.07556
0.475799
1.07601
0.487152
1.32295
0.363001
1.30557
0.341338
1.50934
0.461051
1.39067
0.323037
1.39812
0.325564
1.07438
0.256077
1.08992
0.25327
1.21596
0.298407
1.20634
0.300944
1.21731
0.103614
1.22681
0.104015
1.1294
0.422051
1.10412
0.419133
1.10714
0.0183504
1.10714
0.00986221
1.09932
0.00561809
1.07856
0.377916
1.08632
0.369998
1.14882
0.379735
1.13969
0.380093
1.35747
0.412814
1.34975
0.405566
1.22095
0.286662
1.21884
0.277699
1.09064
0.301028
1.09951
0.300449
1.34308
0.426955
1.33822
0.434253
1.05559
0.302874
1.05311
0.312431
1.01961
0.500429
1.00987
0.501752
1.44702
0.402699
1.45523
0.407051
1.01347
0.175756
1.00377
0.179935
0.99545
0.165468
0.993231
0.173669
0.998356
0.20647
1.20645
0.178843
1.20606
0.18813
1.10828
0.052775
1.11773
0.0574144
1.13287
0.0721859
1.13814
0.081304
1.14641
0.0228413
1.13211
0.00408574
1.14007
0.00886851
1.14859
0.00478277
1.29995
0.436892
1.30736
0.429445
1.08213
0.168654
1.06938
0.186336
1.0627
0.236358
1.04423
0.236712
1.3818
0.447386
1.3857
0.457105
1.39423
0.460081
1.40346
0.455132
1.12186
0.0749571
1.11808
0.0832218
1.45756
0.462456
1.45584
0.470751
1.49261
0.0875277
1.49884
0.0778052
1.05766
0.430561
1.06524
0.431398
1.33046
0.0111883
1.32116
0.00543946
1.45713
0.0117551
1.44641
0.011253
1.48958
0.00544002
1.47917
0.00544002
1.27083
0.00544513
1.26042
0.00544513
1.50581
0.00594478
1.0516
0.0119264
1.04124
0.0116298
1.43014
0.0207795
1.41667
0.00644299
1.07275
0.0118714
1.06754
0.00545667
1.02173
0.0240407
1.01065
0.00687587
1.35209
0.0138463
1.34784
0.0057488
1.29617
0.00973434
1.28917
0.0055868
1.18301
0.0209341
1.1564
0.00913197
1.23359
0.00905141
1.22656
0.00383524
1.0165
0.23666
1.00669
0.235307
1.00678
0.225376
1.02064
0.259976
1.31619
0.340473
1.32102
0.347869
1.12975
0.137497
1.13251
0.127476
1.12298
0.15451
1.1297
0.161425
1.1391
0.179692
1.13839
0.190061
1.10653
0.147703
1.11125
0.138441
1.10666
0.115826
1.1148
0.122298
1.30367
0.116237
1.31228
0.11041
1.28938
0.106666
1.2953
0.115203
1.18154
0.483915
1.17274
0.489441
1.18522
0.452448
1.20509
0.460213
1.30405
0.211564
1.31353
0.205275
1.26805
0.510446
1.26346
0.503105
1.26095
0.445936
1.26624
0.454834
1.27373
0.456402
1.28214
0.45037
1.48366
0.318733
1.49387
0.320407
1.02946
0.298921
1.02056
0.305113
1.11073
0.222681
1.08771
0.216944
1.1022
0.345409
1.11126
0.345408
1.3239
0.286553
1.31758
0.278438
1.38416
0.252065
1.37576
0.242845
1.36069
0.23043
1.35819
0.24058
1.46631
0.0696054
1.45652
0.0727311
1.45161
0.0797569
1.45296
0.0899478
1.438
0.0608879
1.43653
0.0507136
1.50923
0.154137
1.09754
0.373366
1.10769
0.368859
1.22534
0.440551
1.23883
0.439712
1.2733
0.409546
1.26073
0.405746
1.02544
0.157772
1.03222
0.150092
1.10327
0.0435024
1.09135
0.0412291
1.4598
0.190093
1.46755
0.186073
1.43298
0.0822547
1.42131
0.078488
1.10111
0.204969
1.07867
0.191066
1.21759
0.136793
1.22187
0.128905
1.44492
0.50107
1.45539
0.498185
1.42603
0.504333
1.36119
0.0126396
1.36736
0.00454209
1.25989
0.0776497
1.25451
0.0873344
1.01103
0.291726
1.01921
0.286966
1.09778
0.214355
1.10123
0.223922
1.08663
0.229123
1.0956
0.233663
1.47456
0.436062
1.48285
0.439594
1.08427
0.470613
1.09117
0.474119
1.0564
0.25914
1.04932
0.245708
1.00644
0.455621
1.00897
0.445785
1.00388
0.358083
1.01377
0.358443
1.16406
0.0043492
1.17263
0.0178396
1.17263
0.0091493
1.18045
0.0048001
1.16401
0.0874947
1.17585
0.0691613
1.03359
0.121046
1.04074
0.117369
1.22692
0.0437651
1.22165
0.0657963
1.03217
0.220154
1.02927
0.229104
1.48791
0.297316
1.49131
0.2878
1.50125
0.269319
1.48375
0.264137
1.49185
0.270182
1.05197
0.230108
1.05281
0.222211
1.37335
0.422542
1.37525
0.430379
1.33386
0.201243
1.35122
0.202389
1.37403
0.358258
1.37525
0.350712
1.24401
0.485281
1.25339
0.488946
1.21647
0.497722
1.21863
0.486489
1.22594
0.465862
1.23175
0.474087
1.05217
0.461277
1.06047
0.469287
1.05584
0.496172
1.05928
0.486707
1.01023
0.102953
1.00375
0.109579
0.993764
0.125084
1.15727
0.259856
1.16778
0.258806
1.35841
0.276758
1.36695
0.277261
1.47456
0.458628
1.4654
0.457099
1.1146
0.417057
1.11832
0.425148
1.12285
0.0912374
1.1319
0.0920909
1.3437
0.19672
1.3455
0.186727
1.13866
0.01704
1.11668
0.0342771
1.18558
0.296709
1.17821
0.290026
1.05644
0.11026
1.06425
0.107553
1.36519
0.212697
1.36951
0.221652
1.16074
0.138397
1.17527
0.147705
1.17714
0.164698
1.17436
0.174243
1.17224
0.13897
1.1805
0.132148
1.05254
0.343085
1.04303
0.337573
1.03033
0.174203
1.03601
0.18236
1.45955
0.262676
1.46498
0.268982
1.47712
0.494028
1.48586
0.498684
1.16651
0.233014
1.16582
0.241365
1.04036
0.367574
1.03054
0.36634
1.3527
0.373136
1.35131
0.382934
1.11656
0.0232507
1.13007
0.0227756
1.28558
0.356629
1.28963
0.34887
1.30179
0.364166
1.2924
0.364988
1.02897
0.323347
1.03829
0.320102
1.05908
0.319455
1.0685
0.317279
1.02096
0.0120359
1.02594
0.00516007
1.45235
0.343454
1.44315
0.344372
1.31492
0.0260925
1.32324
0.0289054
1.18529
0.303841
1.19175
0.311277
1.42054
0.330688
1.41246
0.330022
1.04014
0.4953
1.04925
0.499004
1.15484
0.396715
1.15545
0.387312
1.01257
0.253784
1.01808
0.245657
1.03002
0.255091
1.02982
0.245417
1.40463
0.275469
1.39918
0.268892
1.31284
0.323914
1.32506
0.311501
1.14291
0.20613
1.14625
0.215331
1.4832
0.154936
1.4911
0.150425
1.37054
0.187771
1.37873
0.201789
1.1444
0.106524
1.14995
0.0985162
1.17362
0.0800066
1.18199
0.082847
1.38113
0.475917
1.39003
0.479943
1.41613
0.19316
1.40936
0.199583
1.50313
0.505109
1.20025
0.037418
1.19671
0.0303868
1.1626
0.120266
1.15725
0.11353
1.24327
0.039451
1.23632
0.046247
1.03466
0.393928
1.02594
0.398984
1.26209
0.114672
1.27169
0.104083
1.1457
0.287748
1.15112
0.293657
1.12225
0.275183
1.13114
0.27901
1.45013
0.276938
1.45887
0.276477
1.4543
0.294736
1.44885
0.302722
1.48974
0.021646
1.4941
0.0278048
1.29918
0.160726
1.29666
0.170053
1.46032
0.0390829
1.45097
0.0415038
1.14676
0.132728
1.14339
0.125414
1.28578
0.185049
1.30809
0.18909
1.24915
0.160999
1.25682
0.166864
1.29849
0.19196
1.29485
0.184531
1.05239
0.0420224
1.04277
0.0427218
1.02512
0.0441972
1.01552
0.0451997
1.10125
0.336228
1.1159
0.323636
1.16088
0.167704
1.16488
0.175229
1.18504
0.228589
1.19087
0.221621
1.01503
0.078258
1.01689
0.0873423
1.25614
0.208408
1.26317
0.204219
0.994549
0.0372548
1.08399
0.361565
1.0732
0.355264
1.05617
0.0509941
1.06464
0.0533386
1.20664
0.419308
1.21399
0.413177
1.21301
0.405299
1.20552
0.399345
0.990332
0.187997
1.50003
0.392519
1.49053
0.395248
1.21903
0.119586
1.21171
0.11434
1.44525
0.19495
1.45005
0.18695
1.19594
0.478925
1.20303
0.482579
1.07829
0.0682043
1.0859
0.0583096
1.16305
0.306414
1.16876
0.312044
1.03322
0.199865
1.02638
0.205457
1.47923
0.0978432
1.47122
0.0927658
1.42661
0.438374
1.42301
0.447111
1.41153
0.41284
1.43502
0.423642
1.19979
0.2424
1.1891
0.239872
1.45829
0.122046
1.45099
0.112878
1.29084
0.464064
1.2914
0.455608
1.43748
0.123287
1.44169
0.135324
1.3132
0.383374
1.30876
0.370148
1.31767
0.46714
1.32461
0.460902
1.42657
0.0113542
1.43178
0.0049112
1.2644
0.438684
1.2621
0.429548
1.22035
0.0507993
1.21309
0.0477385
1.2147
0.376466
1.20969
0.384419
1.23668
0.365352
1.22792
0.368779
1.29274
0.150569
1.28497
0.150119
1.28848
0.37254
1.26718
0.374684
1.49921
0.102578
1.50534
0.109886
1.31985
0.15146
1.32064
0.142903
1.30308
0.140705
1.31081
0.13568
1.30164
0.334498
1.27687
0.324008
1.34424
0.4946
1.33724
0.500825
1.34248
0.477771
1.33838
0.469342
1.35988
0.485624
1.36849
0.489327
1.34674
0.0530244
1.35462
0.051105
1.25985
0.48486
1.26198
0.474731
1.44606
0.247348
1.44689
0.238029
1.17765
0.124019
1.17039
0.117537
1.22218
0.353974
1.21965
0.360419
1.14844
0.423767
1.15064
0.414689
1.14633
0.441337
1.14116
0.449117
1.39775
0.187315
1.39824
0.197073
1.40662
0.222826
1.4013
0.215158
1.44611
0.22245
1.44195
0.214097
1.33034
0.487632
1.32854
0.496538
1.29725
0.486514
1.30412
0.480213
1.17096
0.290531
1.16491
0.297855
1.14381
0.0570477
1.13534
0.0633191
0.99702
0.256399
1.00454
0.260312
1.17693
0.358022
1.17411
0.350711
1.49738
0.465322
1.49286
0.475211
1.21948
0.203042
1.21022
0.202237
1.47636
0.401738
1.47042
0.408883
1.31688
0.312926
1.31409
0.302933
1.01116
0.0522537
1.01357
0.0612079
1.3368
0.303914
1.34337
0.298546
1.20766
0.136727
1.20362
0.145042
1.44012
0.461109
1.44697
0.454903
1.43574
0.48116
1.4309
0.48903
1.4232
0.471904
1.41907
0.462407
1.11179
0.331379
1.11743
0.337768
1.2443
0.112294
1.24535
0.104506
1.43145
0.0355572
1.42523
0.0287509
1.20762
0.267065
1.19981
0.262194
1.23
0.250971
1.22638
0.259434
1.0343
0.351709
1.02866
0.35692
1.47871
0.189215
1.48834
0.183319
1.04109
0.421333
1.04877
0.418041
1.00251
0.411335
0.997308
0.42045
1.03632
0.458419
1.03781
0.449394
1.27626
0.377197
1.27946
0.369554
1.28082
0.401744
1.27599
0.395008
1.29859
0.395
1.29528
0.40282
1.28788
0.327344
1.29246
0.3348
1.16397
0.36917
1.17199
0.36479
1.19552
0.460174
1.19295
0.468738
1.14053
0.464696
1.14593
0.474078
1.13748
0.493304
1.13691
0.502408
1.15218
0.491557
1.14339
0.489104
1.10463
0.292486
1.10163
0.284821
1.09419
0.269879
1.10327
0.269106
1.42447
0.346405
1.42617
0.338481
1.4729
0.171092
1.46616
0.1772
1.22043
0.0170907
1.21875
0.00871323
1.11093
0.100714
1.10512
0.107696
1.24852
0.334246
1.23999
0.331116
1.3928
0.0661124
1.40172
0.0678239
1.3703
0.0834035
1.37439
0.0752972
1.37375
0.0664328
1.36707
0.0602801
1.0293
0.290829
1.0381
0.285011
1.13092
0.223538
1.13856
0.225974
1.41128
0.0524378
1.40319
0.0443208
0.996283
0.223697
1.17324
0.216676
1.1651
0.212711
1.15027
0.152021
1.14556
0.161283
1.42365
0.419978
1.42159
0.413388
1.08502
0.30929
1.08375
0.318244
1.02531
0.434407
1.03442
0.435137
1.0012
0.426629
1.00954
0.430382
1.11008
0.173589
1.09958
0.17731
1.09371
0.189264
1.09526
0.198169
1.06948
0.175352
1.07852
0.175539
1.19303
0.106872
1.18996
0.0971501
1.16209
0.403601
1.17106
0.404564
1.1908
0.412865
1.19758
0.418828
1.19783
0.399466
1.19119
0.405589
1.49882
0.192074
1.49834
0.185073
1.23656
0.0552363
1.24336
0.059192
1.31253
0.009587
1.31032
0.0180868
1.12367
0.0188482
1.12429
0.00832986
1.20383
0.1164
1.19792
0.123206
1.44238
0.271155
1.44569
0.264388
