1.26198
0.541569
1.01192
0.524306
1.09817
0.546194
1.0037
0.552148
1.41093
0.626179
1.09223
0.503735
1.11114
0.594335
1.02556
0.575817
1.02659
0.591461
1.15914
0.726866
1.01311
0.55425
1.1072
0.765925
1.0903
0.519436
1.10556
0.713132
1.08383
0.510703
0.99552
0.558371
1.11358
0.697688
1.01921
0.561919
1.04516
0.509052
1.06027
0.70765
1.03742
0.615496
1.08822
0.527529
1.30737
0.536996
1.12718
0.506234
1.03605
0.505348
1.19846
0.745516
1.1051
0.731517
1.33114
0.67662
1.47732
0.593473
1.37174
0.658808
1.09882
0.532109
1.28432
0.529456
1.05712
0.6596
1.00833
0.643342
1.31987
0.635038
1.3706
0.649252
1.05754
0.59817
1.14155
0.580351
1.31497
0.759802
1.45017
0.777053
1.48922
0.886503
1.48234
0.573728
1.46171
0.516113
1.36943
0.868479
1.31426
0.813148
1.02239
0.871285
1.25548
0.54796
1.10661
0.523123
1.34953
0.647815
1.06663
0.6584
1.0668
0.631498
1.02729
0.650979
1.04912
0.593207
1.31506
0.627262
1.17167
0.547253
1.14243
0.765618
1.08474
0.911708
1.47983
0.793904
1.08544
0.540705
1.36873
0.835602
1.38298
0.722277
1.3878
0.731592
1.41873
0.80688
1.08378
0.565909
1.08869
0.559149
1.43683
0.752921
1.20807
0.843126
1.33347
0.942361
1.15517
0.954235
1.49408
0.702969
1.19751
0.603966
1.20558
0.656859
1.42336
0.922977
1.07158
0.834482
1.43309
0.939911
1.40321
0.989308
1.30734
0.975263
1.33019
0.932142
1.17076
0.830513
1.19239
0.830961
1.27789
0.706608
1.22368
0.723392
1.34523
0.577156
1.3559
0.880868
1.21961
0.778343
1.12548
0.820426
1.15995
0.794522
1.44136
0.595604
1.09906
0.95793
1.0166
0.836431
1.30899
0.838356
1.38928
0.837532
1.34823
0.676403
1.39102
0.539909
1.4677
0.944986
1.43154
0.684342
1.4047
0.726203
1.01884
0.888886
1.50759
0.803012
1.19465
0.615773
1.18546
0.652884
1.1691
0.611266
1.17588
0.620335
1.05279
0.935621
1.17975
0.947268
1.10308
0.701666
1.10829
0.649831
1.47302
0.895911
1.40883
0.888886
1.36633
0.949976
1.30971
0.985688
1.20901
0.970349
1.16382
0.956206
1.10114
0.720539
1.0183
0.784616
1.48021
0.973046
1.27851
0.938808
1.20193
0.863503
1.34121
0.834098
1.35688
0.820291
1.23526
0.65955
1.30465
0.704782
1.31316
0.788858
1.26196
0.761769
1.24702
0.514684
1.11119
0.954843
1.02604
0.986996
1.39801
0.790559
1.3782
0.763913
1.31864
0.61994
1.35025
0.568674
1.31641
0.558946
1.33336
0.53577
1.30527
0.656696
1.20943
0.64639
1.49677
0.808789
1.42888
0.800343
1.24072
0.813271
1.2057
0.817641
1.14544
0.943023
1.19234
0.884189
1.45572
0.756606
1.46351
0.734012
1.43452
0.651115
1.45222
0.72327
1.02645
0.702458
1.00708
0.798225
1.05627
0.548144
1.02157
0.546168
1.51024
0.714657
1.47816
0.762295
1.19186
0.537016
1.18361
0.58732
1.31987
0.741035
1.32153
0.822431
1.38757
0.929949
1.45308
0.934721
0.999017
0.971631
1.05104
0.953256
1.41434
0.538901
1.36207
0.566108
1.43267
0.519381
1.15555
0.525589
1.19687
0.553555
1.45845
0.775888
1.43718
0.845947
1.26653
0.897058
1.13293
0.978852
1.49296
0.876446
1.45589
0.871051
1.12781
0.850013
1.09528
0.839126
1.49777
0.598168
1.51274
0.54957
1.45054
0.639807
1.43974
0.614311
1.00749
0.887701
1.2451
0.885072
1.22164
0.918497
1.49652
0.953159
1.46001
0.994029
1.25329
0.635388
1.26033
0.641993
1.46932
0.525412
1.07645
0.725531
1.01038
0.730372
1.08354
0.81199
1.0601
0.759182
1.14988
0.651822
1.17116
0.600432
1.13818
0.915169
1.12268
0.887961
1.10338
0.605465
1.14966
0.591997
1.09072
0.848547
1.05503
0.874223
1.15847
0.827905
1.13706
0.833001
1.49783
0.529986
1.24035
0.845262
1.26665
0.908466
1.27122
0.987578
1.29811
0.880669
1.29396
0.863368
1.33546
0.970169
1.35046
0.942875
1.39703
0.61553
1.37925
0.5755
1.35767
0.905775
1.34204
0.947405
1.08654
0.576
1.0949
0.599557
1.0998
0.623535
1.12517
0.669167
1.28643
0.669422
1.27096
0.641709
1.2723
0.749647
1.29843
0.741349
1.50894
0.747747
1.51335
0.763225
1.07304
0.667535
1.2615
0.620744
1.25538
0.555488
1.24579
0.503434
1.05551
0.790242
1.08779
0.795525
1.20746
0.793966
1.15697
0.815849
1.34888
0.798169
1.34687
0.765771
1.23694
0.545394
1.21504
0.552798
1.4571
0.606586
1.43707
0.660974
1.03366
0.813304
1.00455
0.836524
1.14787
0.836409
1.19605
0.809351
1.12798
0.580835
1.15602
0.566117
1.11548
0.679581
1.08811
0.677038
1.08705
0.494236
1.19869
0.699453
1.18892
0.670397
1.3775
0.632376
1.38246
0.666421
1.15257
0.735021
1.1335
0.706219
1.00107
0.607552
1.27342
0.82765
1.22032
0.829349
1.25458
0.746006
1.26928
0.771763
1.45849
0.847767
1.42723
0.858144
1.26091
0.790567
1.27835
0.772415
1.19895
0.969856
1.23029
0.970098
1.48622
0.649802
1.46279
0.613606
1.00718
0.633751
0.997399
0.657986
1.38326
0.556156
1.39699
0.586622
1.01152
0.753565
1.00088
0.727009
1.45833
0.748738
1.3977
0.733733
1.32606
0.6484
1.30377
0.628792
1.51099
0.820694
1.50314
0.875752
1.02464
0.916663
1.02426
0.899739
1.00712
0.97698
1.0253
0.725274
1.4473
0.853432
1.46196
0.885571
1.03271
0.867765
1.04639
0.879902
1.37103
0.858582
1.42792
0.848726
1.14408
0.88698
1.1494
0.846184
1.05199
0.825662
1.08594
0.823781
1.09707
0.980032
1.26538
0.843206
1.28563
0.815348
1.22005
0.64701
1.20388
0.679216
1.33816
0.770598
1.3687
0.766319
1.41528
0.839332
1.31992
0.831366
1.30101
0.504468
1.44498
0.995669
1.10571
0.49335
1.12828
0.491372
1.47865
0.660417
1.38087
0.507489
1.41164
0.486016
1.3366
0.558414
1.3547
0.511645
1.16204
0.856533
1.11868
0.855831
1.42464
0.563312
1.46868
0.509092
1.17093
0.7527
1.16952
0.800174
1.14423
0.729249
1.17346
0.714773
1.14505
0.719582
1.17793
0.675226
1.18155
0.753522
1.17227
0.736084
1.239
0.738257
1.27552
0.671056
1.21131
0.733882
1.2441
0.71724
1.01688
0.570393
1.02166
0.586236
1.32161
0.729605
1.34962
0.717716
1.41877
0.711515
1.40828
0.708982
1.18741
0.911173
1.21384
0.928602
1.22565
0.994808
1.19475
0.957918
1.25749
0.915299
1.2011
0.949051
1.42287
0.624486
1.40541
0.617049
1.45187
0.989698
1.34337
0.956382
1.29434
0.965335
1.03646
0.986996
1.18749
0.505527
1.16761
0.521393
1.22579
0.505015
1.36769
0.825844
1.36029
0.842015
1.23844
0.879506
1.24086
0.866923
1.35992
0.926824
1.36254
0.916039
1.04548
0.611176
1.05504
0.616418
1.27037
0.541527
1.27353
0.529628
1.0464
0.690931
1.03339
0.662543
1.42422
0.533328
1.4448
0.509213
1.36179
0.854222
1.34828
0.841476
1.17733
0.557248
1.19339
0.588489
1.50556
0.953998
1.5066
0.942736
1.46859
0.592663
1.49231
0.60342
1.28618
0.894204
1.33034
0.910043
1.2991
0.770507
1.3116
0.768356
1.2324
0.987564
1.50625
0.533441
0.995652
0.521603
1.05283
0.530781
1.0487
0.581223
1.05933
0.725107
1.06488
0.741232
1.07439
0.772468
1.06283
0.76985
1.40105
0.595436
1.41194
0.609142
1.33107
0.609964
1.3542
0.630813
1.30376
0.496021
1.47049
0.798511
1.48055
0.784481
1.47593
0.829808
1.46692
0.853228
1.43904
0.81675
1.43542
0.784124
1.41324
0.995313
1.43653
0.932693
1.47993
0.725611
1.48323
0.673281
1.50273
0.669288
1.16693
0.705574
1.1889
0.723755
1.34625
0.693617
1.35567
0.680247
1.31239
0.722581
1.30132
0.677534
1.32138
0.911285
1.31558
0.86717
1.30228
0.870224
1.29859
0.855725
1.10926
0.897671
1.09674
0.925156
1.27012
0.702441
1.24728
0.680719
1.43335
0.725244
1.41226
0.745648
1.42372
0.694221
1.40158
0.716728
1.38465
0.705867
1.35477
0.689166
1.24101
0.592164
1.23218
0.597501
1.14235
0.907098
1.12799
0.931106
1.1049
0.993656
1.08084
0.931399
1.06204
0.92806
1.1368
0.758045
1.11231
0.758308
1.29797
0.623064
1.31748
0.601669
1.21909
0.611676
1.25462
0.627614
1.25544
0.882734
1.23256
0.850762
1.14401
0.603507
1.16409
0.647894
1.40106
0.872891
1.38069
0.872785
1.40029
0.882422
1.4118
0.907139
1.05802
0.847574
1.02466
0.882463
1.32173
0.774368
1.26353
0.752807
1.37422
0.916615
1.40518
0.932612
1.48398
0.748435
1.47942
0.740024
1.46684
0.502016
1.4916
0.907994
1.4837
0.938402
1.24197
0.987783
1.25429
0.952436
1.23835
0.788042
1.24438
0.74823
1.31618
0.583957
1.3217
0.576173
1.34614
0.559064
1.34671
0.515098
1.29982
0.544565
1.33771
0.508987
0.994461
0.689227
1.027
0.509386
1.02221
0.48865
1.30547
0.582634
1.2688
0.620511
1.43201
0.974991
1.43431
0.957087
1.44948
0.919188
1.48476
0.915911
1.0957
0.966278
1.1073
0.936119
1.40898
0.634707
1.41228
0.692244
1.13729
0.896496
1.15814
0.877676
1.19038
0.871113
1.17294
0.888879
1.18239
0.78534
1.19553
0.799935
1.22908
0.82837
1.21751
0.84294
1.48081
0.822174
1.47843
0.848227
1.44341
0.559379
1.46063
0.597766
1.35657
0.502197
1.07303
0.935439
1.05558
0.944378
1.43351
0.558866
1.41111
0.572474
1.02156
0.678097
1.01015
0.671273
1.14588
0.569481
1.14064
0.55778
1.2387
0.836102
1.21462
0.81675
1.18109
0.924423
1.15455
0.945182
1.1478
0.550555
1.12438
0.543178
0.997643
0.648366
1.03684
0.572258
1.04214
0.562957
1.01558
0.796889
1.02037
0.848544
1.14201
0.642325
1.14757
0.628888
1.40854
0.79195
1.41712
0.784326
1.28803
0.567965
1.27837
0.558872
1.08395
0.685515
1.09764
0.68089
0.988285
0.809531
1.0291
0.806001
1.18248
0.795421
1.18777
0.74446
0.989532
0.941174
0.993012
0.905375
1.23616
0.618424
1.22918
0.609711
1.25527
0.603318
1.25024
0.596136
1.30298
0.521018
1.06484
0.593319
1.06348
0.583879
1.03557
0.830654
1.06499
0.795217
1.44353
0.623002
1.46781
0.658835
1.22882
0.761939
1.22092
0.752349
1.45274
0.954714
1.48091
0.930398
1.03735
0.796322
1.04718
0.797898
1.05243
0.708898
1.04264
0.699364
1.29671
0.947968
1.32736
0.945984
1.32013
0.991707
1.37216
0.70677
1.36036
0.742803
1.32017
0.781788
1.33962
0.789455
1.28246
0.832808
1.27385
0.803025
1.40863
0.964841
1.38572
0.96777
1.44276
0.719112
1.44198
0.685328
1.44802
0.568503
1.46708
0.534486
1.07671
0.594859
1.08273
0.603221
1.19066
0.52622
1.20707
0.500071
1.22591
0.591368
1.21875
0.571664
1.27503
0.922829
1.28476
0.947417
1.02297
0.953591
1.04199
0.957536
1.04288
0.969517
1.07031
0.994038
1.01656
0.960268
1.01827
0.970697
1.472
0.767955
1.47365
0.779755
1.24953
0.820482
1.25749
0.811012
1.33793
0.634153
1.32933
0.639314
1.16195
0.906511
1.17108
0.899826
1.44742
0.929073
1.46182
0.954051
0.986028
0.829599
1.40037
0.51049
1.39005
0.51541
1.34529
0.524164
1.36574
0.49948
1.17215
0.841442
1.1614
0.848608
1.49839
0.64996
1.50236
0.636208
1.29747
0.819652
1.30587
0.811985
1.32862
0.694201
1.32693
0.667352
0.990759
0.924641
1.01146
0.77407
1.02801
0.78163
1.0494
0.75884
1.03735
0.786959
1.075
0.614716
1.07878
0.624981
1.10524
0.614724
1.10911
0.63025
1.28847
0.884049
1.26435
0.860564
1.45787
0.699906
1.46361
0.690611
1.37412
0.95693
1.12328
0.51728
1.12195
0.49998
1.33841
0.914187
1.34778
0.904518
1.18009
0.572756
1.16231
0.591154
1.19191
0.497171
1.35285
0.549156
1.4025
0.53588
1.10695
0.782575
1.11289
0.772639
1.11213
0.790681
1.12442
0.789656
1.14742
0.993491
1.18424
0.957383
1.06496
0.809404
1.05179
0.815135
1.46457
0.866437
1.4406
0.890124
1.43189
0.924331
1.43951
0.917095
1.20586
0.625241
1.19378
0.660312
1.27643
0.995073
1.29495
0.973688
1.48972
0.54243
1.4949
0.550445
1.2267
0.88633
1.20386
0.889151
1.38074
0.985754
1.38817
0.975073
1.3146
0.711666
1.32636
0.70538
1.34481
0.823489
1.35828
0.812839
1.10618
0.926085
1.10841
0.916751
1.18322
0.71332
1.16899
0.69423
1.49798
0.613372
1.48314
0.636597
1.30507
0.78806
1.29715
0.778779
1.23838
0.674868
1.2305
0.681327
1.08903
0.718452
1.08573
0.725206
1.32142
0.680507
1.29167
0.676599
1.37757
0.896523
1.39034
0.886458
1.08731
0.879993
1.07795
0.883186
1.51224
0.973447
1.04504
0.524459
1.03645
0.530486
1.49145
0.972696
1.50781
0.994614
1.49435
0.518713
1.16792
0.878405
1.17704
0.8673
1.23923
0.520212
1.22731
0.514531
1.18205
0.977519
1.19286
0.978332
1.10769
0.563953
1.12921
0.555841
1.16
0.674408
1.14848
0.66608
1.13581
0.821618
1.12966
0.800044
1.3889
0.620832
1.35086
0.600019
1.24755
0.97812
1.24563
0.995027
1.22725
0.977162
1.24103
0.970837
1.0493
0.515947
1.06961
0.508907
1.15773
0.625407
1.15949
0.614267
1.20647
0.707628
1.22715
0.715208
1.45584
0.546189
1.43061
0.54986
1.48021
0.509294
1.49006
0.534097
1.45248
0.516039
1.43314
0.496405
1.37812
0.784517
1.40933
0.80308
1.20036
0.9121
1.20488
0.926599
1.05097
0.718478
1.03447
0.704529
1.01863
0.721669
1.01972
0.712152
1.09341
0.885743
1.06666
0.858828
1.04129
0.843548
1.07389
0.865452
1.13906
0.687129
1.13769
0.673111
1.1455
0.517812
1.12673
0.91899
1.11831
0.912733
1.09817
0.865495
1.10669
0.873423
1.1094
0.657687
1.12249
0.65937
1.38186
0.686167
1.40467
0.699794
1.50276
0.697053
1.33968
0.879263
1.34858
0.86533
1.44788
0.587217
1.44273
0.576715
1.10436
0.675486
1.10096
0.663389
1.22929
0.922765
1.26227
0.948625
1.08117
0.531615
1.07001
0.531749
1.41516
0.77577
1.42554
0.759006
1.23606
0.712596
1.23287
0.701725
1.0342
0.952039
1.03433
0.940175
1.44666
0.665293
1.44801
0.67704
1.47348
0.571576
1.45531
0.589936
1.40635
0.837604
1.43734
0.806449
1.01717
0.626236
1.0323
0.640813
1.0345
0.841247
1.02877
0.850119
1.39927
0.666649
1.40581
0.655304
1.11567
0.734167
1.12632
0.726869
1.25986
0.588271
1.28458
0.576095
1.1626
0.50329
1.17135
0.497207
1.09052
0.95199
1.07885
0.95688
1.40219
0.52801
1.40952
0.496357
1.4323
0.825811
1.40634
0.82624
1.07798
0.989413
1.08798
0.973555
1.1057
0.840465
1.11076
0.831247
1.09067
0.804144
1.1056
0.814542
1.06665
0.566527
1.0531
0.558658
1.23971
0.920465
1.22715
0.899131
1.21983
0.906597
1.20751
0.902203
1.22011
0.879017
1.21981
0.860957
1.08855
0.734457
1.0973
0.769062
1.3452
0.658312
1.33205
0.658582
1.48699
0.8574
0.989468
0.855212
1.06554
0.499695
1.1566
0.925744
1.16496
0.932751
1.39416
0.938578
1.39035
0.94818
1.36994
0.98598
1.35561
0.969249
1.12
0.995104
1.11552
0.98876
1.26186
0.710084
1.27955
0.716258
1.33276
0.885762
1.30226
0.897601
1.29195
0.91576
1.30721
0.902315
1.30211
0.91218
1.27592
0.913353
1.2923
0.641778
1.27488
0.631663
1.19937
0.541908
1.20956
0.537175
1.33859
0.925955
1.35029
0.931643
1.15742
0.975275
1.15742
0.987419
1.38086
0.587331
1.3729
0.610138
1.31964
0.59285
1.34971
0.582784
1.12932
0.604574
1.12141
0.593549
1.09969
0.557421
1.10788
0.57337
1.39536
0.781228
1.36076
0.793961
1.33248
0.728491
1.35924
0.75362
1.35228
0.737006
1.36921
0.736374
1.00275
0.877535
1.01182
0.867542
1.00296
0.540426
0.99312
0.505789
1.38083
0.882076
1.36367
0.897644
1.37325
0.901691
1.37892
0.910399
1.17042
0.637843
1.16647
0.629923
1.50281
0.55563
1.50591
0.858658
1.49729
0.853517
1.48381
0.838221
1.49587
0.836084
1.50097
0.728491
1.48357
0.716765
0.994056
0.994099
1.00447
0.988007
1.1716
0.565975
1.16306
0.571221
1.48814
0.902286
1.50179
0.905599
1.28644
0.701816
1.28467
0.692172
1.29374
0.724653
1.30333
0.726896
1.26209
0.68057
1.24168
0.667474
1.24319
0.651141
1.25466
0.651369
1.1633
0.784611
1.15182
0.762058
1.06457
0.640261
1.05092
0.64505
1.01304
0.603243
1.01996
0.609197
1.01676
0.651409
1.00845
0.661766
1.2477
0.560831
1.22097
0.55858
1.12616
0.877213
1.11769
0.869777
1.3039
0.603126
1.29977
0.59061
1.29951
0.569536
1.30456
0.558171
1.28974
0.541916
1.27897
0.549672
1.30727
0.511335
1.31731
0.507953
1.3219
0.549944
1.33269
0.549361
1.49204
0.712844
1.49977
0.718382
1.12165
0.979016
1.14854
0.960096
1.22525
0.64047
1.21655
0.622408
1.38716
0.628047
1.3797
0.642688
1.37191
0.54988
1.36407
0.555348
1.346
0.638157
1.36997
0.628547
1.4
0.580301
1.38687
0.568043
1.41443
0.656673
1.42169
0.648469
1.19496
0.779192
1.20699
0.783304
1.20288
0.758669
1.19392
0.768218
1.15672
0.778726
1.17278
0.780182
1.25747
0.867141
1.2607
0.876333
1.3288
0.838785
1.32656
0.850364
1.37244
0.688082
1.35201
0.666189
1.49181
0.618884
1.49349
0.628782
1.2462
0.945975
1.24272
0.936094
1.10519
0.507462
1.11142
0.500812
1.36603
0.783456
1.36175
0.774623
1.41672
0.980265
1.44015
0.869607
1.44704
0.863507
1.0915
0.764195
1.09102
0.754278
1.43913
0.742081
1.43209
0.736326
1.47603
0.75303
1.48413
0.733029
1.0599
0.987945
1.05938
0.958871
1.01053
0.856978
0.999796
0.850019
1.01661
0.816133
0.998249
0.827526
1.32768
0.618988
1.33667
0.623977
1.13963
0.776715
1.12876
0.77879
1.16917
0.809631
1.17808
0.818782
1.33599
0.580818
1.32175
0.567094
1.47074
0.977923
1.47043
0.988758
1.01085
0.706385
0.991656
0.67474
1.05778
0.735409
1.0325
0.741688
1.20196
0.830426
1.18732
0.818664
1.27002
0.660659
1.25933
0.660079
1.04164
0.682157
1.03083
0.675545
1.28296
0.495925
1.00296
0.777207
1.07206
0.647795
1.0846
0.648684
1.09147
0.640622
1.08954
0.628205
1.19045
0.640677
1.20262
0.637636
1.1699
0.6695
1.17257
0.657242
1.1937
0.678341
1.18815
0.700785
1.20319
0.73431
1.21378
0.72281
1.06665
0.850494
1.08088
0.862975
1.43938
0.836392
1.44772
0.803359
0.999648
0.753147
1.38572
0.489483
1.32707
0.522565
1.32662
0.513544
1.45646
0.911466
1.47271
0.918465
1.25237
0.764776
1.26026
0.781098
1.22876
0.788138
1.22081
0.79769
1.24235
0.580594
1.26685
0.574528
1.40911
0.579933
1.41682
0.584816
1.36001
0.598058
1.3639
0.589367
1.39221
0.549393
1.40352
0.556535
1.25048
0.829847
1.22327
0.851328
1.22246
0.807105
1.23206
0.814904
1.48812
0.766589
1.4957
0.734824
1.14947
0.692747
1.15962
0.687057
1.01372
0.592488
0.996636
0.593162
1.46652
0.634759
1.4541
0.661337
1.48145
0.601539
1.47481
0.610812
1.12237
0.809655
1.10061
0.805957
1.14209
0.802167
1.14512
0.81297
1.36196
0.532119
1.37019
0.539223
1.26231
0.832855
1.24986
0.862281
1.30665
0.920891
1.31652
0.920859
1.5008
0.842208
1.34299
0.852188
1.33368
0.856389
0.994965
0.537341
1.21151
0.576423
1.2091
0.585942
1.28011
0.754728
1.31226
0.744523
1.29745
0.7951
1.27392
0.794431
1.29204
0.764238
1.28301
0.763615
1.00411
0.586372
1.00337
0.574697
1.44823
0.980525
1.46591
0.962339
1.42807
0.788919
1.46206
0.793622
1.30777
0.694086
1.31999
0.689792
1.05407
0.900747
1.04195
0.932658
1.14613
0.925371
1.14083
0.934105
1.42795
0.614861
1.44525
0.607143
1.13532
0.534894
1.13339
0.523578
1.20034
0.852332
1.18965
0.844121
1.05949
0.96685
1.05204
0.973216
1.38742
0.497458
1.399
0.500359
1.26312
0.720124
1.25968
0.736921
1.27223
0.95915
1.28282
0.957787
1.42192
0.884932
1.43043
0.892481
1.4974
0.989343
1.49853
0.978158
1.46479
0.830355
1.45921
0.83816
1.0077
0.907298
1.01941
0.923958
1.03531
0.902816
1.05276
0.912917
1.07256
0.696408
1.07641
0.686884
1.33028
0.899768
1.33515
0.894405
1.48082
0.692115
1.47372
0.696736
1.44769
0.699205
1.44013
0.708303
1.01131
0.693626
1.02058
0.691071
1.50081
0.514291
1.04783
0.672642
1.05561
0.671072
1.37749
0.7951
1.36783
0.800719
1.01075
0.534336
1.01994
0.537976
1.24026
0.901986
1.24559
0.912141
1.12492
0.714081
1.11606
0.709154
1.09716
0.748835
1.0958
0.738681
1.20485
0.514928
1.19424
0.517276
1.01703
0.763823
1.0438
0.767799
1.27552
0.57605
1.26593
0.560958
1.29866
0.931715
1.3021
0.940211
1.10328
0.883413
1.08865
0.869735
1.47316
0.871966
1.48406
0.867929
1.46135
0.893572
1.43846
0.909165
1.2245
0.536099
1.21751
0.542766
1.13644
0.732816
1.13544
0.742517
1.05637
0.626447
1.06168
0.611205
1.34665
0.976879
1.34665
0.98844
1.09348
0.828154
1.10353
0.822456
1.10479
0.972754
1.116
0.972011
1.15447
0.501038
1.14511
0.507689
1.11428
0.525048
1.10414
0.515752
1.11568
0.644128
1.12588
0.614446
1.08351
0.668122
1.08963
0.659875
1.08339
0.900338
1.1108
0.890515
1.38796
0.824847
1.3975
0.819768
1.39883
0.843818
1.39097
0.867635
1.04181
0.913043
1.03716
0.920995
1.44586
0.758733
1.44389
0.768579
1.24384
0.799894
1.25273
0.799089
1.43154
0.867074
1.42325
0.874861
1.40958
0.859541
1.41092
0.869284
1.28085
0.860966
1.27752
0.843044
1.27354
0.819216
1.2656
0.811083
1.28586
0.807174
1.29821
0.803594
1.22006
0.769156
1.21216
0.759565
1.22945
0.735727
1.22057
0.742774
1.01727
0.943335
1.02431
0.935807
1.27598
0.651664
1.30127
0.638537
1.08142
0.548027
1.07237
0.560436
1.24546
0.728353
1.25595
0.729241
1.23739
0.764702
1.24375
0.758038
1.20561
0.688965
1.2166
0.690294
1.13008
0.963086
1.11904
0.962447
1.1136
0.942548
1.12363
0.940612
1.13876
0.875122
1.15467
0.865067
1.18328
0.73417
1.16811
0.727123
1.36617
0.972569
1.37453
0.965041
1.47727
0.946711
1.49203
0.960569
1.50695
0.922022
1.15271
0.889369
1.15248
0.902266
1.42254
0.608647
1.426
0.598651
1.45894
0.625
1.45146
0.628083
1.23314
0.553918
1.23854
0.561565
1.39402
0.761047
1.40329
0.764209
1.39812
0.808992
1.3917
0.799848
1.44767
0.964666
1.43835
0.965468
1.35541
0.724146
1.38975
0.714944
1.33753
0.720304
1.33483
0.709477
1.34904
0.757735
1.32862
0.749833
1.21516
0.672761
1.22264
0.681033
1.4201
0.738486
1.42661
0.704305
1.12504
0.640152
1.13074
0.647538
1.5002
0.745429
1.4932
0.752044
1.29022
0.521063
1.28925
0.504814
1.3197
0.499109
1.18402
0.89085
1.18216
0.901796
1.37851
0.927503
1.37051
0.934223
1.46202
0.765287
1.4645
0.784289
1.18636
0.936466
1.19719
0.937714
1.17763
0.968508
1.1668
0.967259
1.21339
0.949322
1.2171
0.958681
1.01824
0.905634
1.00238
0.900218
1.28754
0.650897
1.2925
0.658258
1.03553
0.752178
1.04529
0.750479
1.48738
0.556441
1.46632
0.553986
1.43815
0.54346
1.44767
0.548974
1.33933
0.748675
1.34145
0.738763
1.42798
0.671736
1.41817
0.67008
1.32285
0.806409
1.33401
0.819241
1.00157
0.936739
1.00636
0.943353
1.00473
0.491517
1.03835
0.875793
1.0337
0.884454
1.18139
0.847207
1.17464
0.858038
1.36779
0.524729
1.39035
0.524124
1.37175
0.508116
1.36514
0.516749
1.4126
0.52229
1.42279
0.524588
1.4177
0.504852
1.41108
0.513485
1.18747
0.559497
1.18873
0.56961
1.17889
0.538458
1.17769
0.527663
1.3934
0.922555
1.40333
0.923411
0.993898
0.87683
1.19244
0.989228
1.16625
0.993928
1.27131
0.678745
1.27569
0.687862
1.22397
0.657968
1.21504
0.664077
1.1271
0.838846
1.11975
0.830912
1.14392
0.864901
1.13929
0.853943
1.38273
0.801491
1.37807
0.820076
1.38043
0.842519
1.38123
0.853293
1.42288
0.721645
1.41551
0.728587
1.39999
0.678647
1.41028
0.680709
1.39287
0.698464
1.39019
0.688852
1.37188
0.724928
1.36616
0.718497
1.15878
0.767503
1.18329
0.764128
1.14895
0.794939
1.14696
0.784378
1.16613
0.745552
1.15541
0.744745
1.059
0.566627
1.05576
0.576746
1.0756
0.826547
1.0732
0.814756
1.16147
0.546725
1.15626
0.554971
1.25688
0.532276
1.28275
0.511726
1.33785
0.540589
1.33674
0.527074
1.17841
0.505463
1.16966
0.511546
1.2451
0.691411
1.23591
0.693344
1.17471
0.769943
1.1673
0.763149
0.993862
0.569097
1.41447
0.756055
1.40393
0.774064
1.27049
0.969628
1.26001
0.969834
1.40911
0.598641
1.41704
0.593045
1.45834
0.568819
1.46699
0.562685
1.26474
0.519955
1.25648
0.522561
1.27404
0.865262
1.27265
0.875769
1.39781
0.635674
1.39121
0.661999
0.997898
0.959846
1.00429
0.954767
1.01961
0.500429
1.00987
0.501752
1.08186
0.765199
1.06588
0.752064
1.04031
0.73289
1.04862
0.739427
1.11703
0.743434
1.10781
0.750939
1.02857
0.629857
1.03745
0.624196
1.49973
0.566702
1.48928
0.565565
1.10852
0.850583
1.09901
0.856601
1.16335
0.917702
1.1717
0.924709
1.23775
0.949443
1.21844
0.939988
1.25701
0.927273
1.24688
0.929938
1.31023
0.674247
1.31295
0.664946
1.38535
0.778329
1.38464
0.768003
1.09694
0.989032
1.08579
0.995376
1.46115
0.667331
1.45946
0.681623
1.11958
0.689616
1.13064
0.693221
1.35844
0.950001
1.35267
0.958703
1.45716
0.811382
1.45021
0.834269
1.33483
0.811103
1.34703
0.8079
1.32824
0.985926
1.33624
0.99422
1.41999
0.989963
1.42862
0.99465
1.47917
0.994729
1.48958
0.994729
1.3858
0.993995
1.39622
0.993995
1.28729
0.979185
1.30208
0.993981
1.17643
0.988414
1.18205
0.994486
1.35417
0.99422
1.36458
0.99422
1.01042
0.993908
1.02083
0.993908
1.02604
0.974812
1.03646
0.974812
1.04167
0.993908
1.05208
0.993908
1.25643
0.977869
1.27687
0.977709
1.19789
0.994742
1.2083
0.994742
1.27584
0.891864
1.27814
0.881709
1.49743
0.777426
1.48887
0.776974
1.49918
0.787084
1.50908
0.790316
1.47735
0.812759
1.46894
0.808358
1.45106
0.795446
1.44522
0.787278
1.2152
0.989549
1.21526
0.979147
1.17274
0.489441
1.45647
0.53486
1.44948
0.525712
0.995966
0.771751
1.28518
0.790085
1.28543
0.78131
1.26805
0.510446
1.26346
0.503105
1.11647
0.616857
1.11796
0.626394
1.06326
0.879829
1.07231
0.875404
1.03693
0.5978
1.0437
0.601
1.04362
0.639745
1.04684
0.629905
1.09703
0.584642
1.10545
0.58224
1.2741
0.609133
1.28336
0.611316
1.36155
0.635094
1.35999
0.645486
1.35671
0.620162
1.36686
0.61846
1.21126
0.602701
1.21508
0.594603
1.07568
0.705965
1.08416
0.707355
1.31312
0.943536
1.32746
0.973436
1.3899
0.858041
1.39865
0.853553
1.13226
0.953545
1.14123
0.952957
1.04703
0.776622
1.05536
0.778331
1.51374
0.731985
1.44492
0.50107
1.43321
0.511546
1.42603
0.504333
1.44127
0.526721
1.43571
0.535245
1.15695
0.709154
1.1545
0.718096
1.09952
0.901252
1.0912
0.896427
1.38201
0.748697
1.37918
0.739311
1.40067
0.743279
1.3936
0.750524
1.27304
0.722132
1.26997
0.73926
1.3578
0.871262
1.35097
0.858188
1.02334
0.520519
1.02794
0.529403
1.04976
0.541013
1.03975
0.542118
1.0622
0.516833
1.06318
0.526856
1.07331
0.549993
1.06617
0.542805
1.04232
0.661403
1.0489
0.653784
1.06154
0.919283
1.06195
0.894244
1.22639
0.960414
1.23573
0.956654
1.42195
0.974466
1.41715
0.949314
1.14115
0.749867
1.15008
0.751453
1.4256
0.768866
1.43491
0.772627
1.47505
0.630758
1.47949
0.618205
1.51071
0.842877
1.30926
0.850778
1.31795
0.855367
1.4883
0.921984
1.49789
0.924941
1.49337
0.819743
1.50056
0.82524
1.03304
0.769404
1.02889
0.762144
1.17754
0.581034
1.16584
0.581538
1.48508
0.584586
1.49467
0.5874
1.50128
0.582558
1.50377
0.572874
1.50962
0.602921
1.51007
0.612909
1.06852
0.94461
1.07022
0.953236
1.42039
0.941501
1.4153
0.932929
1.42099
0.911113
1.42848
0.904537
1.32882
0.79048
1.32181
0.797549
1.32721
0.759356
1.33139
0.768387
1.04349
0.808602
1.0206
0.807399
1.10875
0.800238
1.11375
0.808823
1.4138
0.555073
1.4183
0.547218
1.07562
0.790932
1.07913
0.781643
1.09635
0.786038
1.0924
0.77924
1.47968
0.525244
1.4836
0.516147
1.48586
0.498684
1.39551
0.957658
1.40621
0.956186
1.42464
0.957181
1.41864
0.965037
1.40022
0.978626
1.40698
0.974934
1.00505
0.509591
1.00567
0.519461
1.2941
0.708055
1.29025
0.717901
1.29205
0.989054
1.28685
0.995073
1.14248
0.621531
1.1499
0.611909
1.28615
0.909222
1.29135
0.900927
1.28702
0.930863
1.28486
0.92362
1.22717
0.577948
1.23478
0.572511
1.30495
0.737409
1.29081
0.734248
1.19053
0.598272
1.18076
0.597103
1.04014
0.4953
1.04925
0.499004
1.29443
0.828678
1.29917
0.837283
1.28176
0.84976
1.29145
0.84813
1.19922
0.583445
1.2046
0.558854
1.03287
0.549228
1.0332
0.558041
1.19811
0.72284
1.20552
0.716441
1.1478
0.970084
1.13832
0.972485
1.13721
0.988595
1.13041
0.995104
1.25681
0.892413
1.24647
0.894752
1.4331
0.591915
1.43354
0.580001
1.14731
0.540332
1.15544
0.536793
1.30857
0.527325
1.31883
0.527405
1.2237
0.630541
1.23322
0.628522
1.2371
0.643019
1.24152
0.636641
1.24579
0.618769
1.25268
0.6119
1.46308
0.934311
1.46986
0.928032
1.06219
0.680159
1.07011
0.677821
0.994407
0.632716
1.33513
0.960218
1.32769
0.954864
1.13315
0.623
1.12679
0.629821
1.35158
0.774262
1.34287
0.779089
1.38302
0.611823
1.3955
0.604418
1.44535
0.900656
1.45338
0.900865
1.30029
0.688088
1.29065
0.687153
1.07608
0.755462
1.08112
0.74971
1.21148
0.524602
1.22055
0.52343
1.26661
0.938653
1.26528
0.929917
1.38837
0.602364
1.38822
0.590668
1.31326
0.648921
1.3103
0.641326
1.27042
0.591186
1.2694
0.600785
1.3443
0.609146
1.34725
0.617329
1.20329
0.569395
1.19681
0.574209
1.00189
0.677664
1.00403
0.687043
1.37033
0.678453
1.37975
0.676539
1.36311
0.664683
1.3644
0.674212
1.35344
0.706655
1.3453
0.702507
1.06928
0.899481
1.07624
0.892847
1.0054
0.817179
1.00089
0.809781
1.44878
0.823332
1.45652
0.821053
1.25332
0.708088
1.2535
0.696878
1.08004
0.976593
1.07461
0.968759
1.46515
0.67587
1.47639
0.680238
1.48182
0.956216
1.47635
0.96278
1.48896
0.695461
1.49399
0.675058
1.46624
0.710486
1.47541
0.708136
1.45077
0.740024
1.45411
0.73292
1.23152
0.537519
1.23949
0.530531
1.07019
0.912349
1.0785
0.917086
1.09303
0.91648
1.1
0.909935
1.09635
0.942475
1.09079
0.934697
1.36745
0.573848
1.3601
0.582041
1.00366
0.709176
1.40538
0.896858
1.40518
0.914042
1.48989
0.796056
1.48897
0.805064
1.28466
0.6325
1.28783
0.623531
1.47698
0.550823
1.4771
0.542652
1.06992
0.578553
1.0784
0.582553
1.37286
0.593004
1.36897
0.601695
1.2982
0.610296
1.31231
0.608535
1.32294
0.881887
1.32293
0.872446
1.14132
0.71088
1.14886
0.7035
1.46047
0.57975
1.46749
0.581623
1.46352
0.719971
1.46905
0.726468
1.28951
0.603067
1.29036
0.585643
1.31118
0.955239
1.30238
0.957782
1.45393
0.880698
1.44449
0.880832
1.09702
0.694301
1.08858
0.696429
1.41759
0.856188
1.41828
0.84677
1.30672
0.887499
1.31615
0.887051
1.04078
0.717266
1.03641
0.723895
1.1285
0.895387
1.11963
0.902336
1.41636
0.819264
1.42219
0.826677
1.33913
0.681113
1.33804
0.689409
1.11996
0.563333
1.12014
0.572751
1.37999
0.5281
1.38035
0.536015
1.44132
0.641525
1.43665
0.631211
1.05684
0.863175
1.05067
0.856076
1.0751
0.844824
1.0821
0.850682
1.0445
0.828961
1.04783
0.837756
1.04249
0.854937
1.03437
0.859687
1.26969
0.693339
1.26161
0.689772
1.25428
0.667775
1.25616
0.676984
1.00828
0.919935
1.00283
0.926353
1.04088
0.580095
1.03453
0.588879
1.33724
0.500825
1.12278
0.76052
1.12242
0.769879
1.02419
0.738486
1.0156
0.742212
1.0684
0.713622
1.06892
0.721499
1.49489
0.894115
1.504
0.896274
1.46724
0.911375
1.47583
0.903113
1.4725
0.881453
1.47967
0.887473
1.2624
0.568128
1.25069
0.569193
1.10118
0.643356
1.10856
0.637654
1.00129
0.789089
0.992007
0.788362
1.12792
0.755555
1.12668
0.745838
1.25058
0.850674
1.25988
0.850411
1.23379
0.860816
1.22478
0.866086
1.43611
0.990319
1.43768
0.981146
1.46103
0.971906
1.45188
0.973569
1.38959
0.647822
1.39804
0.645138
1.36305
0.887903
1.37232
0.887308
1.3945
0.908595
1.38904
0.913892
1.08
0.740043
1.07396
0.734963
1.21821
0.705814
1.22142
0.698968
1.30877
0.753767
1.29979
0.751482
1.27616
0.733587
1.28449
0.739294
1.18489
0.689422
1.1774
0.687308
1.45553
0.649575
1.46403
0.647608
1.44862
0.946059
1.43951
0.947629
1.05917
0.690502
1.06325
0.697688
1.16379
0.940667
1.17016
0.94734
1.18486
0.622477
1.1839
0.634985
1.33935
0.869609
1.33241
0.866667
1.25079
0.775414
1.24183
0.777003
1.11346
0.539628
1.1045
0.541684
1.36561
0.692758
1.36522
0.701358
1.46783
0.747772
1.46968
0.74015
1.21103
0.88032
1.21106
0.867748
1.03006
0.824956
1.02151
0.826387
1.31698
0.968792
1.31755
0.960171
1.31916
0.939587
1.32067
0.930551
1.0277
0.607901
1.02899
0.600382
1.22884
0.940281
1.2319
0.933164
1.01479
0.617471
1.00786
0.611517
1.26126
0.987532
1.25605
0.995027
1.24367
0.963917
1.25378
0.963166
1.37616
0.811551
1.36719
0.809867
1.13748
0.493304
1.13691
0.502408
1.15218
0.491557
1.24625
0.542819
1.24768
0.534718
1.42778
0.632145
1.41962
0.639813
1.4953
0.68536
1.50238
0.686419
1.06608
0.973094
1.05863
0.979461
1.49274
0.940498
1.49955
0.93545
1.32936
0.595232
1.3272
0.604051
1.33115
0.567145
1.3311
0.576224
1.34436
0.592071
1.33535
0.590958
1.49522
0.760934
1.50296
0.766663
1.34702
0.88459
1.34458
0.89501
1.2858
0.59093
1.27659
0.586151
1.25737
0.581714
1.2491
0.57801
1.35253
0.532006
1.34847
0.539735
1.36647
0.757537
1.37597
0.755131
1.39584
0.571451
1.40354
0.566705
1.42193
0.570543
1.42622
0.578507
1.2861
0.750048
1.29379
0.755135
1.37236
0.943227
1.38015
0.950181
1.31662
0.901452
1.3211
0.89629
1.31759
0.5416
1.32389
0.536197
1.39326
0.899742
1.38675
0.895806
1.04674
0.89201
1.03892
0.893954
1.06147
0.833222
1.05637
0.840643
