0.506978
0.714996
0.285458
0.524611
0.226353
0.995437
0.48636
0.7314
0.439081
0.842462
0.218974
0.899687
0.367048
0.956227
0.410791
0.8601
0.50432
0.673287
0.240216
0.64559
0.357044
0.646581
0.225106
0.806156
0.105571
0.713257
0.258306
0.854704
0.254338
0.887621
0.143166
0.919284
0.11608
0.769041
0.22619
0.561934
0.295855
0.966164
0.418052
0.736914
0.335349
0.641027
0.455527
0.613576
0.358452
0.582722
0.127595
0.631235
0.107194
0.629167
0.225136
0.784725
0.288861
0.700273
0.154836
0.883877
0.0399511
0.828002
0.457906
0.961919
0.342176
0.809541
0.276961
0.797919
0.184635
0.579766
0.0536732
0.565118
0.445182
0.54417
0.0813021
0.814603
0.103732
0.901778
0.199717
0.492984
0.298722
0.654735
0.173025
0.633309
0.0978537
0.628819
0.0677976
0.632186
0.388559
0.863588
0.422621
0.874624
0.470128
0.533242
0.386121
0.737325
0.450117
0.503236
0.497985
0.557328
0.382812
0.996058
0.36092
0.937088
0.115694
0.752923
0.183855
0.916423
0.290033
0.850341
0.332083
0.865256
0.295024
0.840444
0.0599578
0.572125
0.210056
0.554398
0.288656
0.613424
0.319111
0.606305
0.42187
0.666005
0.425194
0.583256
0.419496
0.767443
0.409523
0.732716
0.442003
0.597727
0.474353
0.656849
0.182689
0.715424
0.161411
0.704938
0.0140323
0.710443
0.0145431
0.722985
0.0279686
0.766148
0.0386019
0.880214
0.0421133
0.974892
0.0266333
0.899867
0.112315
0.495854
0.43379
0.918892
0.214279
0.925599
0.286291
0.496542
0.21977
0.569199
0.0378329
0.595367
0.383311
0.779676
0.399428
0.720389
0.240416
0.969265
0.108778
0.795763
0.133019
0.798898
0.207983
0.849435
0.242373
0.827483
0.227722
0.704854
0.21356
0.747822
0.0246681
0.535683
0.428204
0.523659
0.362433
0.727919
0.278587
0.671932
0.129657
0.89164
0.133071
0.881931
0.343935
0.880718
0.459946
0.944042
0.289777
0.623602
0.34849
0.551045
0.339837
0.704685
0.307212
0.65358
0.117212
0.716934
0.0509472
0.738827
0.243669
0.591662
0.251219
0.640405
0.166338
0.582011
0.199395
0.54035
0.504567
0.906366
0.441504
0.956428
0.154295
0.829798
0.16405
0.789304
0.152981
0.531337
0.1594
0.516286
0.404905
0.522015
0.34487
0.530376
0.387972
0.503276
0.409609
0.512943
0.0341048
0.711319
0.124616
0.705025
0.13507
0.746461
0.390127
0.944368
0.362375
0.866455
0.409126
0.697179
0.419435
0.652257
0.359567
0.7826
0.314765
0.791945
0.226836
0.509307
0.275582
0.885436
0.252968
0.847223
0.287139
0.709748
0.312654
0.782148
0.468571
0.749257
0.235423
0.635323
0.288009
0.675521
0.0815518
0.904834
0.0127827
0.885607
0.135114
0.949158
0.129632
0.958577
0.342671
0.867668
0.376335
0.652652
0.370912
0.700913
0.471571
0.724808
0.427426
0.724363
0.480925
0.535818
0.439685
0.521817
0.113421
0.516078
0.13824
0.544693
0.378876
0.788685
0.382484
0.843297
0.129605
0.937394
0.14531
0.929013
0.506925
0.945119
0.399068
0.940111
0.464901
0.935279
0.503747
0.964825
0.117102
0.593001
0.170817
0.602622
0.243399
0.679972
0.277354
0.655483
0.352312
0.917335
0.296371
0.925697
0.385357
0.562114
0.426111
0.565056
0.055189
0.658665
0.0786119
0.675059
0.0931584
0.66523
0.103628
0.684969
0.0795791
0.715288
0.0562955
0.692716
0.284947
0.728643
0.356883
0.743356
0.201599
0.703945
0.123206
0.74439
0.328633
0.950335
0.330505
0.971751
0.423035
0.53295
0.467946
0.564694
0.0352397
0.557333
0.492529
0.673347
0.460736
0.624015
0.506281
0.551873
0.480693
0.773845
0.474748
0.85444
0.216275
0.786994
0.230744
0.729506
0.498028
0.698635
0.412314
0.812596
0.4514
0.848688
0.0930819
0.493418
0.162152
0.877805
0.176902
0.770263
0.18215
0.848966
0.178654
0.897093
0.424433
0.512205
0.451055
0.536609
0.0421498
0.569828
0.00444525
0.569057
0.468189
0.667479
0.477885
0.707314
0.108554
0.840845
0.0663089
0.802568
0.0508879
0.853198
0.0285597
0.860553
0.135417
0.994685
0.167155
0.930586
0.227375
0.63312
0.27195
0.706892
0.314078
0.505717
0.335878
0.525934
0.429015
0.689209
0.441076
0.714831
0.254673
0.917638
0.252725
0.867213
0.488722
0.91861
0.361563
0.920737
0.335126
0.940187
0.508979
0.69406
0.302654
0.779105
0.277936
0.834537
0.356715
0.81698
0.367931
0.78867
0.327243
0.578193
0.332547
0.593498
0.243834
0.560025
0.275918
0.51225
0.227364
0.941553
0.201451
0.908308
0.0370369
0.508654
0.0660003
0.542708
0.0400153
0.839191
0.0248133
0.848517
0.0310612
0.909093
0.236768
0.615361
0.26981
0.631813
0.368018
0.976684
0.28532
0.97972
0.0417044
0.912725
0.0566196
0.918816
0.301161
0.762752
0.281855
0.663354
0.0580027
0.892579
0.124226
0.874801
0.492594
0.498017
0.314994
0.850555
0.378055
0.855441
0.285256
0.86943
0.258684
0.87734
0.162751
0.57172
0.194471
0.584283
0.124867
0.516491
0.145397
0.527882
0.366256
0.652766
0.413772
0.618044
0.128788
0.611226
0.157212
0.587541
0.059403
0.535476
0.139007
0.533265
0.330201
0.516952
0.303948
0.49521
0.321487
0.810328
0.288473
0.792736
0.15996
0.715793
0.153382
0.698724
0.0124435
0.845956
0.0430787
0.708345
0.0723231
0.679352
0.374966
0.952747
0.437387
0.621972
0.461131
0.59737
0.349531
0.620349
0.367944
0.626951
0.396451
0.557765
0.41195
0.535194
0.087024
0.921758
0.0868032
0.930072
0.456209
0.66754
0.486227
0.654501
0.0477617
0.944457
0.0242561
0.961971
0.117276
0.663307
0.101728
0.661074
0.141406
0.697363
0.146124
0.66113
0.458
0.805421
0.432703
0.746517
0.475928
0.805143
0.480121
0.813465
0.488256
0.817614
0.23479
0.768528
0.152894
0.752919
0.175338
0.562897
0.176003
0.58597
0.0406512
0.735352
0.196384
0.816444
0.158093
0.797118
0.47681
0.746804
0.449195
0.750723
0.0708249
0.961468
0.463542
0.994784
0.494026
0.966232
0.265064
0.509175
0.218313
0.526244
0.217987
0.507592
0.202694
0.524427
0.0114546
0.636109
0.463542
0.9783
0.397894
0.993993
0.151051
0.978111
0.268068
0.973055
0.0859881
0.953878
0.00734057
0.791364
0.374098
0.944159
0.0346778
0.565665
0.0050587
0.630706
0.222442
0.963923
0.330452
0.746496
0.36554
0.738203
0.294429
0.944892
0.284139
0.946125
0.303734
0.560283
0.299868
0.608242
0.492952
0.601233
0.48852
0.617313
0.0571958
0.764439
0.0679168
0.743729
0.0439131
0.659642
0.0697826
0.647273
0.0416099
0.612109
0.0363751
0.630973
0.0764112
0.606252
0.0739237
0.624129
0.185182
0.637215
0.176247
0.614239
0.436647
0.789891
0.421375
0.818394
0.317176
0.682624
0.349049
0.682831
0.362674
0.663576
0.388609
0.680195
0.366564
0.79916
0.382989
0.822999
0.269554
0.79044
0.237578
0.738428
0.313955
0.557402
0.320229
0.53225
0.204204
0.751766
0.226532
0.771337
0.202341
0.760977
0.163914
0.756785
0.274029
0.935407
0.261715
0.925116
0.293787
0.644933
0.30191
0.627962
0.47313
0.57982
0.428195
0.494449
0.277251
0.770954
0.276608
0.761114
0.154084
0.935128
0.144643
0.95013
0.178108
0.596562
0.211043
0.564784
0.247523
0.601501
0.238075
0.57652
0.221712
0.888818
0.230589
0.881602
0.212947
0.823927
0.192409
0.828515
0.251519
0.955645
0.261775
0.955906
0.254663
0.98716
0.257492
0.974639
0.041571
0.96534
0.0769774
0.950177
0.200462
0.688639
0.220056
0.639789
0.218053
0.706714
0.195352
0.699246
0.264762
0.751967
0.23567
0.716413
0.278031
0.724059
0.278965
0.714668
0.366987
0.819472
0.395185
0.813609
0.0385358
0.54895
0.046414
0.509984
0.0123747
0.533226
0.312464
0.621947
0.361169
0.610211
0.308093
0.679164
0.290228
0.682503
0.496945
0.866918
0.505908
0.817452
0.0975501
0.881735
0.0911494
0.832542
0.136291
0.831698
0.140818
0.813793
0.126609
0.864795
0.124614
0.848269
0.0756831
0.896519
0.113071
0.874837
0.381725
0.494182
0.479897
0.940533
0.491164
0.899125
0.4346
0.833628
0.446189
0.841444
0.204169
0.665144
0.168433
0.661379
0.480603
0.90308
0.427361
0.86662
0.361896
0.525533
0.43541
0.927173
0.409495
0.918723
0.350744
0.935999
0.374107
0.888441
0.413715
0.873374
0.390654
0.917363
0.108532
0.619621
0.137113
0.6329
0.369236
0.616139
0.352948
0.598126
0.311164
0.581555
0.322955
0.564756
0.46077
0.870994
0.43868
0.86824
0.453632
0.878076
0.448899
0.907609
0.497177
0.623225
0.493052
0.742269
0.489628
0.721539
0.180976
0.652883
0.133404
0.653985
0.0368254
0.762144
0.0141527
0.783907
0.327943
0.492829
0.285407
0.507254
0.0933772
0.573128
0.123023
0.550347
0.433047
0.667653
0.39564
0.657544
0.0244945
0.884293
0.0215853
0.868599
0.122186
0.76378
0.133468
0.769403
0.0714712
0.789655
0.0873472
0.757854
0.17044
0.650139
0.142905
0.678966
0.383361
0.894829
0.408484
0.881995
0.183161
0.887629
0.196183
0.883481
0.173373
0.552408
0.176013
0.503657
0.210331
0.511409
0.193541
0.509108
0.161709
0.494396
0.16707
0.502245
0.210065
0.767333
0.218108
0.762995
0.0288338
0.783907
0.0472896
0.811557
0.446885
0.590318
0.430333
0.576156
0.0104843
0.574768
0.212743
0.960517
0.176836
0.939244
0.458901
0.775676
0.489416
0.780193
0.324596
0.500778
0.142049
0.738654
0.123768
0.724965
0.302001
0.933647
0.317948
0.948782
0.313166
0.967187
0.0980468
0.717243
0.0560833
0.719581
0.506998
0.641381
0.42061
0.914062
0.412639
0.891069
0.446296
0.892628
0.442402
0.87585
0.387434
0.873453
0.396572
0.880627
0.245053
0.869737
0.213982
0.882451
0.239993
0.816094
0.247999
0.805694
0.0964981
0.751525
0.0949654
0.736455
0.107575
0.70181
0.119358
0.696525
0.425347
0.735555
0.416948
0.746395
0.177207
0.807199
0.157114
0.780469
0.141895
0.765038
0.141508
0.755951
0.155448
0.869727
0.147654
0.912072
0.251881
0.721157
0.268057
0.726082
0.236246
0.566196
0.268904
0.536392
0.0931324
0.949119
0.11551
0.947625
0.0859509
0.993676
0.409678
0.599359
0.417524
0.605398
0.442502
0.631264
0.453122
0.633352
0.388336
0.667745
0.410654
0.649388
0.0816219
0.888947
0.0661841
0.900027
0.257651
0.690068
0.263596
0.708763
0.047154
0.84432
0.0833326
0.8609
0.0342714
0.960846
0.0140789
0.966614
0.324102
0.79822
0.293147
0.822548
0.317908
0.761971
0.347535
0.766823
0.277023
0.810355
0.255508
0.783438
0.0393678
0.693869
0.0399582
0.725188
0.280314
0.847272
0.271211
0.855447
0.164878
0.899325
0.188029
0.906644
0.459444
0.744172
0.464059
0.727841
0.0350532
0.985457
0.220929
0.823284
0.200097
0.835863
0.106816
0.554359
0.0909019
0.528114
0.0891021
0.515489
0.0786412
0.532315
0.263901
0.596197
0.275099
0.600357
0.219462
0.618824
0.23842
0.60759
0.393684
0.711904
0.396078
0.682768
0.378863
0.696337
0.378579
0.68646
0.357565
0.685462
0.368406
0.679713
0.449786
0.720692
0.458382
0.736851
0.382341
0.645594
0.393737
0.648079
0.24853
0.687615
0.221466
0.655043
0.366611
0.560973
0.392122
0.594406
0.437985
0.679541
0.468988
0.688285
0.353902
0.809659
0.367919
0.857227
0.363738
0.758595
0.374032
0.743082
0.459144
0.508905
0.48598
0.527321
0.469018
0.503942
0.47113
0.492916
0.487377
0.792705
0.32762
0.7576
0.320943
0.774815
0.183667
0.987268
0.175222
0.951716
0.165409
0.957898
0.34482
0.67304
0.333929
0.677744
0.464762
0.539623
0.48543
0.546642
0.485565
0.566341
0.241311
0.900372
0.22277
0.918891
0.350545
0.832018
0.36109
0.836688
0.286182
0.88067
0.297831
0.883943
0.329635
0.857592
0.317989
0.859815
0.30167
0.914475
0.332047
0.894948
0.505791
0.784101
0.399471
0.603381
0.400021
0.566868
0.378037
0.557048
0.39566
0.519734
0.354535
0.572709
0.343998
0.570628
0.340693
0.801338
0.359052
0.800715
0.173871
0.834009
0.182425
0.835478
0.108354
0.805075
0.101193
0.811355
0.438608
0.824448
0.449396
0.811456
0.410225
0.927736
0.382047
0.956864
0.38631
0.981532
0.273391
0.897821
0.282297
0.907698
0.258867
0.837215
0.269786
0.830589
0.0955981
0.554987
0.0923609
0.584484
0.110698
0.635129
0.111588
0.60203
0.0700861
0.599252
0.0864017
0.602044
0.0865628
0.783071
0.0891159
0.806712
0.0667653
0.710105
0.0659335
0.697085
0.0770908
0.754733
0.0592526
0.730834
0.488918
0.975311
0.430915
0.956986
0.446928
0.961894
0.473102
0.934103
0.464256
0.955282
0.0755684
0.745901
0.0689973
0.732243
0.112298
0.900965
0.119817
0.935534
0.256925
0.529658
0.237773
0.536836
0.0258409
0.809385
0.055733
0.974504
0.0709042
0.995463
0.0915943
0.548062
0.112945
0.546651
0.119816
0.958904
0.149669
0.958732
0.176721
0.669235
0.194762
0.682112
0.334379
0.885695
0.325868
0.876495
0.0214926
0.662385
0.0868818
0.6573
0.0849084
0.645641
0.442698
0.988689
0.432282
0.988927
0.143827
0.564092
0.158377
0.538837
0.130208
0.989355
0.119791
0.989444
0.345215
0.941127
0.350714
0.950193
0.0215882
0.631109
0.0510815
0.629473
0.0274943
0.667427
0.0382194
0.665844
0.0709846
0.813571
0.0678077
0.826114
0.468122
0.760318
0.44316
0.769171
0.0107657
0.583675
0.415461
0.687226
0.413254
0.67591
0.0400251
0.754681
0.00462562
0.757812
0.0107671
0.869982
0.274903
0.98109
0.468455
0.874288
0.488968
0.84946
0.366268
0.513685
0.373559
0.510333
0.337644
0.979071
0.322917
0.994658
0.136154
0.684994
0.102191
0.695214
0.152145
0.637139
0.142629
0.64083
0.368448
0.533748
0.358941
0.550012
0.465921
0.83773
0.475618
0.831855
0.321229
0.974282
0.304681
0.972961
0.409784
0.546934
0.404463
0.531068
0.00523758
0.661949
0.00523758
0.651532
0.29849
0.769608
0.310215
0.757698
0.322109
0.708907
0.346839
0.710356
0.0540116
0.581753
0.0699988
0.615015
0.0586152
0.587247
0.0434913
0.585921
0.393963
0.746764
0.390178
0.759339
0.0674155
0.86945
0.070594
0.878536
0.103364
0.642917
0.0743336
0.641459
0.279973
0.633068
0.284254
0.645021
0.189187
0.807816
0.193198
0.795851
0.169371
0.860832
0.190425
0.852481
0.214829
0.497756
0.20213
0.506374
0.264834
0.759413
0.266031
0.734128
0.497873
0.633854
0.469686
0.64602
0.0533221
0.936388
0.0716661
0.93981
0.504353
0.800193
0.161579
0.81395
0.161029
0.825169
0.449759
0.488611
0.0297904
0.514846
0.0326496
0.526884
0.0208622
0.511218
0.495818
0.906995
0.493996
0.92742
0.194083
0.992946
0.201781
0.973495
0.21974
0.752695
0.183389
0.751974
0.139046
0.613775
0.144112
0.602544
0.501717
0.516945
0.0212888
0.762442
0.431876
0.798194
0.427613
0.783157
0.448745
0.778193
0.446099
0.788381
0.190271
0.936512
0.197462
0.94818
0.172644
0.720682
0.172582
0.750268
0.14044
0.651199
0.107883
0.669127
0.209258
0.950252
0.216285
0.939544
0.115982
0.892521
0.108243
0.882848
0.425537
0.962863
0.414604
0.961867
0.402182
0.622756
0.382658
0.60816
0.170608
0.918231
0.161005
0.910684
0.217687
0.730091
0.212944
0.718858
0.46483
0.91562
0.476162
0.897418
0.392306
0.841974
0.39023
0.821854
0.00452356
0.507812
0.00498445
0.492188
0.0941885
0.790454
0.104117
0.78987
0.400559
0.846915
0.401241
0.856384
0.0217551
0.587674
0.00472666
0.58838
0.0250415
0.917601
0.0295097
0.933891
0.18773
0.957604
0.189709
0.968088
0.0388071
0.863626
0.0425091
0.874185
0.207766
0.607845
0.202331
0.614111
0.477589
0.695608
0.473544
0.677409
0.478295
0.616479
0.473107
0.625588
0.294988
0.555651
0.27194
0.571288
0.0472094
0.547851
0.0568947
0.555811
0.26152
0.792997
0.227465
0.814466
0.296585
0.803121
0.288477
0.813478
0.0717085
0.524729
0.0621516
0.525389
0.178057
0.521747
0.17283
0.532959
0.411346
0.768878
0.413056
0.801962
0.355169
0.753145
0.377154
0.770248
0.450044
0.654977
0.457358
0.644087
0.457448
0.690348
0.450025
0.679533
0.337665
0.902515
0.34917
0.904914
0.363194
0.876111
0.35381
0.884605
0.407598
0.898575
0.392587
0.892669
0.26386
0.654856
0.260598
0.643139
0.284564
0.54087
0.295063
0.543343
0.334358
0.959178
0.34635
0.958095
0.491052
0.955675
0.47967
0.972328
0.256315
0.562489
0.261391
0.571444
0.28862
0.83053
0.303034
0.840002
0.427483
0.602026
0.431271
0.593148
0.0553575
0.802432
0.0499636
0.790709
0.198388
0.846341
0.216395
0.87294
0.196338
0.670289
0.201229
0.653049
0.281467
0.93618
0.286127
0.926997
0.313051
0.909578
0.320873
0.917392
0.189953
0.865162
0.198663
0.86999
0.216518
0.683185
0.213394
0.671704
0.232287
0.694374
0.242582
0.695529
0.422042
0.841624
0.427805
0.834236
0.157337
0.548532
0.145812
0.553028
0.275918
0.520409
0.246342
0.501584
0.0760513
0.495434
0.0775594
0.514441
0.0751732
0.979886
0.0787301
0.989139
0.112704
0.974727
0.0963676
0.988451
0.179681
0.975241
0.167889
0.970939
0.441842
0.704529
0.453867
0.700428
0.407454
0.72278
0.418061
0.715788
0.143636
0.824661
0.119025
0.840235
0.266704
0.618032
0.275745
0.609109
0.294395
0.904906
0.300823
0.893766
0.107721
0.508081
0.0953879
0.507335
0.206437
0.900744
0.20386
0.888453
0.205395
0.921134
0.193837
0.926047
0.237399
0.918431
0.244682
0.948723
0.00519308
0.979182
0.0140582
0.975525
0.246727
0.668658
0.258046
0.665935
0.235577
0.529507
0.226799
0.52499
0.227119
0.620941
0.205151
0.598368
0.0111541
0.686318
0.0222183
0.686887
0.048014
0.896312
0.0488308
0.908673
0.0132264
0.918792
0.00624541
0.912474
0.02363
0.951108
0.0330858
0.926386
0.260636
0.718563
0.245095
0.713797
0.340836
0.562018
0.33115
0.560731
0.429921
0.645541
0.438922
0.655083
0.0484577
0.822958
0.0588354
0.829808
0.0310101
0.839243
0.00619469
0.818315
0.0345552
0.80474
0.0369306
0.792534
0.0134527
0.945334
0.17867
0.485886
0.183013
0.497508
0.311543
0.612405
0.315242
0.597391
0.319302
0.64407
0.324795
0.637196
0.341601
0.635
0.322327
0.626796
0.426529
0.978477
0.408311
0.988737
0.390082
0.990052
0.381131
0.965454
0.1933
0.526949
0.189909
0.536618
0.359995
0.50461
0.464831
0.785194
0.456673
0.794457
0.153913
0.604217
0.159584
0.59756
0.133423
0.565992
0.125087
0.560054
0.267167
0.685124
0.268272
0.675139
0.311956
0.573604
0.303554
0.569829
0.264951
0.588287
0.286915
0.563633
0.355595
0.706904
0.359787
0.696785
0.254884
0.748992
0.247538
0.755779
0.384209
0.800251
0.393767
0.803334
0.235119
0.978575
0.24956
0.966169
0.448547
0.939562
0.445385
0.91587
0.367242
0.542128
0.378674
0.546363
0.33155
0.620749
0.34027
0.625122
0.500963
0.573161
0.495322
0.56499
0.056469
0.49841
0.0575517
0.489001
0.143221
0.900786
0.154395
0.892919
0.477821
0.636858
0.488352
0.641509
0.101322
0.956044
0.107342
0.946874
0.232828
0.544369
0.241707
0.550197
0.178141
0.678064
0.170996
0.684644
0.155545
0.679731
0.160771
0.68712
0.175925
0.699495
0.184519
0.705092
0.145602
0.969383
0.135094
0.9702
0.29944
0.953471
0.3113
0.955547
0.253848
0.828945
0.257894
0.805284
0.471003
0.590638
0.462117
0.605979
0.351468
0.589131
0.321134
0.571412
0.173157
0.793082
0.193497
0.776128
0.231874
0.796329
0.242238
0.794239
0.454842
0.590541
0.458003
0.57931
0.44567
0.563299
0.434166
0.558225
0.322665
0.727465
0.320551
0.737431
0.417687
0.942523
0.418334
0.932896
0.0548516
0.78185
0.050147
0.772517
0.421065
0.851271
0.42873
0.856542
0.323126
0.662627
0.326545
0.673987
0.33135
0.712023
0.304493
0.701284
0.32498
0.840696
0.335222
0.846106
0.091297
0.866856
0.120207
0.85713
0.0723185
0.862277
0.0574677
0.839983
0.43098
0.699919
0.418293
0.705976
0.492467
0.66107
0.503717
0.655605
0.157525
0.736253
0.151524
0.743711
0.504781
0.534358
0.497582
0.526921
0.485977
0.679248
0.488073
0.69083
0.331319
0.933677
0.331472
0.913554
0.431883
0.503126
0.441044
0.50829
0.482193
0.515585
0.49222
0.509507
0.0194816
0.569983
0.0379141
0.581003
0.506602
0.924199
0.305794
0.850285
0.304656
0.87309
0.266697
0.875568
0.273643
0.866184
0.378469
0.615538
0.38511
0.622544
0.0275651
0.636334
0.0278987
0.646464
0.0104014
0.994807
0.00519308
0.989599
0.399458
0.901544
0.374195
0.879107
0.278702
0.953529
0.287906
0.969581
0.501628
0.739463
0.051904
0.75535
0.0570443
0.747645
0.351726
0.861899
0.344768
0.842058
0.46642
0.57532
0.467225
0.548611
0.398419
0.912731
0.367717
0.909156
0.497183
0.778302
0.48672
0.751526
0.130969
0.510978
0.131028
0.499524
0.185471
0.735284
0.188935
0.744828
0.167563
0.738944
0.174906
0.731106
0.134258
0.848303
0.140298
0.856143
0.305109
0.503679
0.34434
0.505616
0.333508
0.509281
0.32951
0.533635
0.303403
0.52593
0.395352
0.639167
0.417578
0.626772
0.380426
0.665339
0.370526
0.671042
0.158355
0.861731
0.137056
0.863774
0.118866
0.573404
0.104319
0.598887
0.088167
0.566148
0.0767698
0.566445
0.117384
0.564871
0.109191
0.562871
0.255366
0.602972
0.257522
0.616056
0.236225
0.988
0.244246
0.992563
0.260161
0.898233
0.253974
0.906262
0.494885
0.802317
0.495598
0.813371
0.482277
0.845689
0.482853
0.834551
0.242822
0.624772
0.251249
0.627103
0.0748684
0.589531
0.0861553
0.590509
0.403473
0.659928
0.403638
0.672702
0.278716
0.561571
0.276289
0.551118
0.328708
0.820985
0.322796
0.830556
0.312091
0.812359
0.306781
0.801959
0.426139
0.543596
0.434402
0.547402
0.141976
0.797003
0.136055
0.77941
0.314604
0.695078
0.322873
0.698647
0.0245179
0.494375
0.0343038
0.493912
0.116571
0.733606
0.102491
0.729561
0.0901165
0.775685
0.101395
0.774242
0.0927403
0.88952
0.0937309
0.914449
0.185423
0.663573
0.18895
0.647503
0.128566
0.544043
0.113021
0.527175
0.350459
0.66449
0.346065
0.655226
0.210228
0.519382
0.188682
0.519339
0.044429
0.676848
0.0551685
0.680399
0.178268
0.869378
0.173956
0.878354
0.139908
0.84128
0.15748
0.841222
0.105523
0.76621
0.105059
0.75586
0.351856
0.523169
0.35178
0.509791
0.113073
0.966333
0.102747
0.964223
0.41194
0.579977
0.409058
0.569345
0.363286
0.601865
0.375543
0.600416
0.246465
0.582763
0.256041
0.581428
0.346062
0.493797
0.395685
0.58648
0.407214
0.587816
0.379423
0.593122
0.364503
0.569951
0.511629
0.511954
0.115604
0.92294
0.133685
0.899929
0.102073
0.913775
0.106919
0.924047
0.373736
0.714524
0.364285
0.718482
0.475445
0.960324
0.481718
0.95275
0.119645
0.822398
0.125052
0.830687
0.101701
0.849225
0.0915818
0.845068
0.100944
0.83096
0.106008
0.822061
0.148846
0.581156
0.151795
0.571356
0.21334
0.593483
0.229668
0.599753
0.186833
0.618218
0.191985
0.610708
0.205847
0.638672
0.200496
0.63116
0.450964
0.858082
0.459246
0.862436
0.0389803
0.683694
0.0280913
0.67849
0.0667643
0.769502
0.0654078
0.78066
0.183239
0.568593
0.192502
0.563296
0.196422
0.594594
0.188691
0.600668
0.124923
0.646638
0.121667
0.636621
0.106713
0.649924
0.117304
0.652153
0.124808
0.679098
0.123855
0.668317
0.31366
0.935461
0.320539
0.930504
0.0883752
0.709549
0.0905149
0.698967
0.109037
0.680035
0.119382
0.684995
0.488885
0.759529
0.478526
0.765868
0.479072
0.79495
0.473491
0.783741
0.450532
0.7598
0.460332
0.76431
0.314237
0.524042
0.317841
0.516445
0.34766
0.824207
0.337554
0.819266
0.351759
0.850873
0.360645
0.847906
0.41809
0.561524
0.417881
0.550887
0.347731
0.738405
0.349372
0.72976
0.365895
0.767983
0.357578
0.77393
0.373944
0.753686
0.382247
0.760503
0.16653
0.766492
0.155898
0.771712
0.317952
0.98683
0.307535
0.985398
0.458174
0.972654
0.431176
0.972718
0.0943312
0.937165
0.102964
0.935891
0.266146
0.498807
0.295079
0.511712
0.29513
0.52091
0.0841237
0.768449
0.0738673
0.765328
0.097937
0.535902
0.10807
0.53512
0.141853
0.516165
0.148894
0.510474
0.135305
0.705385
0.136449
0.71999
0.01522
0.934506
0.00698099
0.928193
0.0861446
0.692635
0.07553
0.690662
0.340553
0.692871
0.33283
0.689949
0.338507
0.768423
0.334046
0.77792
0.0262414
0.739877
0.0348694
0.743501
0.157668
0.643197
0.166259
0.640854
0.0114377
0.765981
0.00681212
0.773793
0.125281
0.793699
0.126114
0.783082
0.222238
0.544547
0.22004
0.552609
0.335732
0.603263
0.329255
0.6098
0.0279255
0.877702
0.00539543
0.880399
0.431766
0.636347
0.426651
0.627056
0.427872
0.932284
0.442066
0.945464
0.169964
0.622253
0.158862
0.617293
0.210954
0.797484
0.201524
0.792701
0.207423
0.813996
0.213048
0.805043
0.489633
0.936411
0.496059
0.945242
0.139007
0.593482
0.140999
0.5835
0.469502
0.883557
0.460094
0.924457
0.365214
0.897781
0.355918
0.896942
0.510734
0.614575
0.457548
0.718227
0.478199
0.734514
0.201745
0.715898
0.193669
0.721531
0.180458
0.548216
0.180064
0.54022
0.0116335
0.646518
0.0221008
0.651648
0.0105027
0.747826
0.0203538
0.749496
0.20217
0.986326
0.211212
0.99338
0.365874
0.929044
0.374916
0.92634
0.473817
0.513211
0.448653
0.527354
0.231675
0.748668
0.238302
0.756158
0.185093
0.762262
0.193626
0.765976
0.412975
0.978286
0.406689
0.971532
0.255299
0.518504
0.230799
0.515151
0.161468
0.977747
0.161468
0.994781
0.441978
0.972307
0.447747
0.977828
0.1197
0.978906
0.130117
0.978816
0.34806
0.979154
0.348958
0.994772
0.00521372
0.949437
0.00521372
0.959854
0.0114281
0.515592
0.00690451
0.523404
0.00547021
0.541072
0.00547021
0.551488
0.354166
0.989513
0.364583
0.994741
0.260417
0.994597
0.285705
0.995514
0.00536632
0.696221
0.00536632
0.706638
0.00587712
0.729597
0.00587712
0.740014
0.0215812
0.601585
0.0050587
0.62029
0.104167
0.994775
0.114583
0.994775
0.416667
0.994744
0.427083
0.994744
0.0110253
0.667671
0.00578777
0.677597
0.0132665
0.825729
0.00707182
0.835539
0.447917
0.994505
0.458333
0.98929
0.473958
0.9783
0.473958
0.994784
0.479167
0.98929
0.489583
0.994505
0.166676
0.989103
0.177083
0.994322
0.290914
0.98874
0.302083
0.993226
0.0135353
0.802388
0.00619469
0.807899
0.00537166
0.854167
0.00537166
0.864583
0.0136327
0.896849
0.00624541
0.902057
0.041813
0.994323
0.0522297
0.994323
0.145843
0.989466
0.151051
0.994781
0.333333
0.98943
0.338541
0.994772
0.00950801
0.5
0.0189422
0.500835
0.485334
0.594263
0.483129
0.574703
0.498819
0.765615
0.506325
0.763762
0.291809
0.78386
0.287646
0.774363
0.285168
0.738384
0.284473
0.754949
0.301535
0.739745
0.310026
0.744261
0.0833254
0.82657
0.0756163
0.832873
0.33199
0.795735
0.338431
0.785731
0.374615
0.577699
0.370868
0.58491
0.460863
0.708266
0.470591
0.711732
0.488769
0.582833
0.496847
0.582642
0.405037
0.76171
0.396349
0.767234
0.288803
0.575035
0.284812
0.594133
0.282341
0.583898
0.273677
0.582212
0.107764
0.857475
0.103012
0.865175
0.23132
0.961236
0.233627
0.951218
0.218815
0.988817
0.222917
0.979392
0.213151
0.634819
0.192706
0.630138
0.243168
0.88958
0.239843
0.881824
0.239121
0.859991
0.229932
0.862334
0.226611
0.871859
0.241454
0.849987
0.244011
0.922941
0.229924
0.92416
0.312568
0.540311
0.302952
0.536723
0.343252
0.542154
0.333041
0.543187
0.33677
0.652392
0.326854
0.654999
0.358838
0.62868
0.354001
0.63772
0.38894
0.727104
0.383196
0.718619
0.399359
0.695929
0.392174
0.703234
0.301638
0.63734
0.309824
0.643492
0.0839944
0.849395
0.075853
0.843172
0.400077
0.550188
0.394965
0.54043
0.440489
0.74536
0.448998
0.731364
0.397283
0.502349
0.400364
0.510662
0.0751439
0.931377
0.0639842
0.913902
0.40271
0.797094
0.410787
0.782299
0.402706
0.785722
0.394575
0.777826
0.434991
0.768913
0.4276
0.775952
0.142544
0.62328
0.152559
0.625126
0.0502536
0.516486
0.0592414
0.51628
0.31443
0.718079
0.297772
0.710228
0.342468
0.723775
0.332307
0.723027
0.209627
0.777944
0.201773
0.781741
0.203155
0.579233
0.202582
0.569418
0.221448
0.579258
0.213294
0.584658
0.0615997
0.673458
0.0613641
0.663319
0.0781431
0.663216
0.0716187
0.65737
0.0418856
0.635862
0.0571475
0.633736
0.225263
0.907094
0.235398
0.907239
0.0111022
0.614254
0.0212358
0.619671
0.0361506
0.618449
0.0510304
0.618243
0.0581937
0.612636
0.059035
0.602549
0.0526984
0.59691
0.0424365
0.600862
0.07064
0.573085
0.0697342
0.583165
0.463389
0.890239
0.455204
0.888052
0.209595
0.833724
0.213942
0.841846
0.222929
0.840134
0.223446
0.854991
0.0327059
0.943763
0.0396959
0.948262
0.43275
0.814959
0.437357
0.806801
0.441355
0.733321
0.435648
0.723288
0.257187
0.700953
0.247442
0.703393
0.275058
0.694138
0.283796
0.692439
0.302599
0.718531
0.296113
0.727286
0.37502
0.806891
0.375307
0.815724
0.481471
0.870367
0.492323
0.888334
0.347283
0.755426
0.341087
0.745922
0.3821
0.530602
0.387335
0.539141
0.246121
0.784269
0.242439
0.77497
0.171564
0.814439
0.171015
0.825658
0.0742061
0.555388
0.0662576
0.552267
0.208753
0.86545
0.212482
0.857027
0.233469
0.591542
0.229699
0.582318
0.13423
0.929498
0.132085
0.919769
0.172781
0.853102
0.16707
0.844944
0.477097
0.553055
0.477093
0.560832
0.493576
0.54837
0.501872
0.542915
0.0756815
0.540207
0.0815995
0.548165
0.0606339
0.989786
0.0622853
0.980532
0.0250563
0.726386
0.0329913
0.719846
0.409265
0.945744
0.40731
0.9551
0.381453
0.939979
0.381899
0.931341
0.350663
0.7948
0.349812
0.787176
0.241576
0.51176
0.245069
0.51986
0.210746
0.688264
0.211104
0.698104
0.187323
0.785504
0.179262
0.783352
0.145699
0.783801
0.148064
0.792223
0.0928738
0.683459
0.0885479
0.677193
0.247422
0.938946
0.25696
0.9366
0.267866
0.950193
0.265865
0.942016
0.271279
0.924196
0.279328
0.918567
0.0519677
0.928651
0.0429934
0.924716
0.0707598
0.920405
0.0788284
0.914845
0.296671
0.597703
0.304477
0.592952
0.391374
0.576164
0.384043
0.573787
0.502262
0.721931
0.0728991
0.506323
0.0641381
0.507502
0.300294
0.862148
0.292544
0.861761
0.194189
0.730968
0.211859
0.738216
0.456624
0.55937
0.455899
0.551064
0.0860101
0.968098
0.0772448
0.971492
0.494009
0.609276
0.502666
0.615187
0.202168
0.737187
0.198627
0.745293
0.312962
0.661786
0.307298
0.669686
0.29953
0.685899
0.298503
0.695565
0.0416555
0.770891
0.0327987
0.774895
0.234176
0.653531
0.237122
0.662787
0.219766
0.6659
0.228053
0.670893
0.227172
0.686273
0.232335
0.679784
0.123438
0.532402
0.129361
0.52706
0.0499749
0.537075
0.0437357
0.527195
0.142801
0.725914
0.152184
0.723526
0.261362
0.817145
0.269697
0.81857
0.279813
0.962743
0.270391
0.964847
0.445755
0.609636
0.437845
0.613309
0.4325
0.941256
0.426851
0.947563
0.259243
0.774799
0.268597
0.777096
0.0666765
0.846587
0.0638039
0.854187
0.200779
0.549144
0.191686
0.553408
0.059444
0.882503
0.0477997
0.860416
0.216965
0.649022
0.207411
0.647905
0.403385
0.818003
0.40739
0.838128
0.377778
0.833821
0.368477
0.83137
0.0786419
0.726173
0.0842921
0.733952
0.460945
0.829517
0.474832
0.821419
0.336445
0.578385
0.339998
0.586874
0.227934
0.845689
0.236754
0.843027
0.102343
0.588934
0.103184
0.57048
0.0244749
0.985942
0.0208181
0.994807
0.294446
0.745689
0.293883
0.755261
0.279955
0.745533
0.272018
0.744252
0.48714
0.712283
0.4968
0.708382
0.421215
0.79636
0.418951
0.788069
0.0549452
0.957857
0.0622009
0.963833
0.459039
0.519497
0.466808
0.522371
0.399381
0.931731
0.390885
0.927351
0.0269881
0.612372
0.026527
0.595995
0.0558127
0.868578
0.0520737
0.875874
0.499382
0.830878
0.490201
0.828264
0.408083
0.7506
0.40318
0.743549
0.318032
0.898174
0.313079
0.89193
0.22078
0.600415
0.217052
0.609169
0.409451
0.637774
0.401057
0.634371
0.503389
0.596759
0.143153
0.878818
0.144755
0.870668
0.461361
0.906802
0.46619
0.899032
0.0538489
0.64415
0.0599481
0.648415
0.467333
0.81998
0.467459
0.80941
0.152811
0.945357
0.157837
0.953959
0.0459435
0.69934
0.0470849
0.717409
0.441293
0.578639
0.448576
0.572613
0.0835329
0.625146
0.0945837
0.605971
0.113636
0.613566
0.122767
0.619067
0.0916288
0.641079
0.0896228
0.632943
0.501089
0.884751
0.0612718
0.941489
0.0557114
0.949557
0.337113
0.923172
0.346448
0.924553
0.364794
0.943007
0.360117
0.950984
0.416481
0.508297
0.418171
0.496438
0.185266
0.684225
0.178121
0.690805
0.461771
0.846121
0.466855
0.853941
0.0383555
0.499356
0.0477327
0.500685
0.11742
0.778335
0.107769
0.781043
0.150438
0.845667
0.150904
0.855041
0.49676
0.845245
0.219336
0.972769
0.209637
0.969364
0.44144
0.900647
0.423469
0.89257
0.373207
0.968924
0.366206
0.963813
0.396322
0.968975
0.388419
0.972466
0.389853
0.952665
0.396839
0.957764
0.448485
0.822503
0.451585
0.830664
0.281091
0.532895
0.266689
0.528489
0.377673
0.907779
0.38056
0.916656
0.025659
0.705317
0.0280573
0.696872
0.363679
0.496047
0.3728
0.498135
0.385478
0.522917
0.380871
0.514772
0.0897227
0.904259
0.0949724
0.896518
0.414676
0.835878
0.420438
0.82849
0.355268
0.974844
0.354911
0.966472
0.488086
0.86235
0.474824
0.866229
0.117626
0.79806
0.117202
0.807372
0.372396
0.990799
0.373833
0.98228
0.402061
0.829547
0.394842
0.831353
0.436682
0.884354
0.428219
0.884747
0.190723
0.500255
0.205771
0.497144
0.129613
0.598081
0.124751
0.590694
0.106941
0.580773
0.114431
0.581697
0.133544
0.5756
0.12669
0.578195
0.0436125
0.645568
0.0384357
0.65081
0.160419
0.665716
0.153836
0.65682
0.318582
0.879504
0.313151
0.870487
0.204968
0.622644
0.212813
0.626033
0.127037
0.911699
0.119324
0.911854
0.0920647
0.616097
0.0991917
0.619273
0.35057
0.612691
0.344663
0.605634
0.0871561
0.796387
0.0795304
0.789003
0.430512
0.757551
0.422053
0.756069
0.293691
0.662694
0.296516
0.669439
0.306566
0.822591
0.31005
0.830131
0.226565
0.831369
0.235481
0.83394
0.256123
0.766956
0.248705
0.766297
0.266677
0.547558
0.259576
0.551674
0.0804032
0.880809
0.0906642
0.875405
0.4741
0.913511
0.477564
0.921171
0.453111
0.9239
0.446519
0.930243
0.156595
0.807263
0.147455
0.807298
0.131839
0.809875
0.123678
0.813989
0.443959
0.860608
0.437286
0.852233
0.325147
0.587564
0.318247
0.588733
0.302151
0.583931
0.296696
0.576599
0.25602
0.738146
0.249291
0.732694
0.3174
0.549301
0.328593
0.550792
0.159942
0.525432
0.165338
0.532933
0.502368
0.984682
0.493623
0.986499
0.477566
0.596951
0.472514
0.60731
0.0107702
0.603178
0.00472666
0.598797
0.166412
0.564569
0.164447
0.55408
0.483457
0.882861
0.477858
0.887991
0.403469
0.492863
0.0997875
0.978942
0.0945791
0.971519
0.214739
0.535172
0.20592
0.533962
0.378327
0.635117
0.38626
0.631312
0.393887
0.609841
0.395327
0.618783
0.1745
0.513241
0.165558
0.511829
0.147172
0.502362
0.140066
0.669262
0.132364
0.66451
0.427077
0.900197
0.417674
0.9051
0.0407843
0.889824
0.0320998
0.892329
0.275289
0.995514
0.27008
0.990111
0.228226
0.499205
0.248891
0.538344
0.250277
0.54591
0.0254849
0.553497
0.0287809
0.545115
0.00991546
0.558045
0.0189128
0.558468
0.0274838
0.582129
0.0254918
0.573345
0.024835
0.826872
0.0300688
0.821247
0.241515
0.932765
0.232513
0.932877
