1.61324
0.177159
1.72457
0.502329
1.70285
0.036952
1.84682
0.24624
1.76309
0.487464
1.8709
0.501058
1.79078
0.205229
1.67479
0.306122
1.73063
0.472494
1.55515
0.341424
1.88109
0.262252
1.68329
0.224069
1.93035
0.138313
1.74188
0.160807
1.92191
0.0506827
1.84479
0.303884
1.74472
0.323914
1.82115
0.470696
1.7782
0.430945
1.64992
0.149373
1.77284
0.194885
1.91219
0.0888738
1.59637
0.12864
1.51108
0.35539
1.60292
0.224717
1.68199
0.175045
1.62848
0.271184
1.87007
0.43037
1.89057
0.474199
1.94422
0.110506
1.91904
0.0832124
1.62075
0.239347
1.67951
0.293106
1.50313
0.287414
1.50173
0.446185
1.57441
0.448588
1.50222
0.483642
1.72604
0.358026
1.66677
0.342123
1.9242
0.309201
1.59314
0.415623
1.63813
0.42436
1.63791
0.0976688
1.60237
0.172965
1.91582
0.198278
1.63521
0.121892
1.68217
0.184251
1.74765
0.334948
1.86043
0.332437
1.53625
0.162842
1.49905
0.246779
1.93217
0.474658
1.9415
0.465902
1.79077
0.496511
1.78432
0.502277
1.79141
0.485375
1.63318
0.031301
1.59087
0.104885
1.96112
0.0537649
1.93547
0.124993
1.80406
0.447198
1.81002
0.470043
1.8553
0.321853
1.81445
0.326647
1.55358
0.0820805
1.79244
0.067383
1.95587
0.242893
1.92271
0.319754
1.96023
0.26504
1.9543
0.466967
1.94059
0.352492
1.95521
0.512843
1.67583
0.338945
1.63621
0.279832
1.53527
0.320503
1.5416
0.247785
1.54044
0.141016
1.92225
0.398416
1.90712
0.40547
1.77352
0.30965
1.84337
0.271285
1.52345
0.131784
1.56078
0.316784
1.62372
0.472972
1.56751
0.41521
1.76576
0.317138
1.71453
0.285447
1.76099
0.0481371
1.71107
0.119719
1.82319
0.136054
1.86042
0.186833
1.81135
0.20861
1.83852
0.204066
1.51747
0.183492
1.60749
0.494009
1.56903
0.495244
1.54
0.509754
1.65285
0.49617
1.71727
0.465481
1.71292
0.226062
1.65987
0.241322
1.90048
0.247563
1.90147
0.268302
1.49972
0.0951878
1.54139
0.0467662
1.85995
0.454589
1.909
0.474111
1.77002
0.110846
1.7938
0.0844298
1.60158
0.103661
1.6275
0.0709824
1.82717
0.15606
1.9
0.175548
1.92709
0.325752
1.6919
0.257238
1.68163
0.251376
1.76098
0.238151
1.73683
0.232591
1.76346
0.377049
1.75368
0.409812
1.93381
0.150146
1.93726
0.133395
1.87121
0.0195333
1.89464
0.0521749
1.76416
0.0917026
1.75949
0.0358807
1.85668
0.348618
1.78762
0.319476
1.80247
0.36399
1.8541
0.338223
1.69796
0.366541
1.71295
0.439254
1.54147
0.378394
1.60165
0.310332
1.5489
0.268127
1.60645
0.286654
1.55229
0.167661
1.66001
0.178052
1.82101
0.448195
1.61225
0.236814
1.53255
0.302385
1.6582
0.0751942
1.69871
0.109707
1.88495
0.185728
1.88931
0.176315
1.50202
0.313206
1.48972
0.364282
1.66847
0.500449
1.66066
0.505444
1.56818
0.457915
1.61557
0.44849
1.90881
0.300858
1.89447
0.259999
1.93869
0.448094
1.9612
0.441559
1.91758
0.389293
1.89126
0.420951
1.51195
0.420224
1.54761
0.409129
1.7705
0.0628757
1.79687
0.0241594
1.60857
0.483851
1.72406
0.107544
1.70763
0.149241
1.988
0.346354
1.90454
0.349411
1.88914
0.372532
1.7929
0.395577
1.77361
0.413996
1.70861
0.0742961
1.58132
0.299078
1.59706
0.272227
1.66943
0.191458
1.6356
0.189944
1.92073
0.282875
1.94422
0.322587
1.94763
0.061553
1.94866
0.0317524
1.66906
0.360747
1.69185
0.274837
1.85494
0.369024
1.79562
0.349425
1.547
0.293883
1.53908
0.31267
1.71877
0.494583
1.64846
0.461273
1.68686
0.419641
1.53852
0.0907393
1.74418
0.0779569
1.7213
0.0818118
1.70309
0.255664
1.75261
0.295199
1.7073
0.395823
1.70289
0.425439
1.50783
0.342333
1.79503
0.04804
1.81409
0.0333986
1.61847
0.0833277
1.6584
0.130605
1.89502
0.0416453
1.80759
0.174872
1.84372
0.156213
1.84988
0.147862
1.80335
0.126866
1.92038
0.163266
1.97082
0.138971
1.94946
0.13514
1.94849
0.160074
1.97768
0.507475
1.56144
0.06685
1.59441
0.0551104
1.64914
0.0235917
1.65956
0.023963
1.72982
0.0647899
1.71494
0.0990597
1.69402
0.495912
1.70025
0.507533
1.63679
0.218134
1.66672
0.219611
1.58044
0.0349519
1.57302
0.0256367
1.59195
0.0333109
1.60759
0.0208619
1.49303
0.43104
1.73521
0.307925
1.80433
0.251856
1.60777
0.31682
1.61416
0.337344
1.55231
0.359061
1.54773
0.399075
1.65714
0.119596
1.63859
0.165364
1.72485
0.183673
1.75483
0.211104
1.59185
0.364284
1.63973
0.393196
1.82478
0.0340584
1.81411
0.0757331
1.91433
0.121194
1.9031
0.083722
1.92399
0.490252
1.94279
0.487949
1.62665
0.498475
1.63439
0.375563
1.66387
0.369813
1.72606
0.0256027
1.6982
0.0506815
1.76551
0.389544
1.75353
0.397553
1.52896
0.124433
1.53823
0.120529
1.96926
0.0224535
1.97271
0.00479233
1.96162
0.0790415
1.95535
0.0616822
1.50684
0.180999
1.60029
0.162292
1.49734
0.123504
1.97703
0.164712
1.94258
0.171038
1.91989
0.205388
1.51629
0.0606146
1.52405
0.052066
1.59827
0.496851
1.67076
0.0359376
1.90157
0.400163
1.90734
0.452003
1.8603
0.471917
1.85458
0.448576
1.82743
0.413639
1.8432
0.448172
1.7836
0.46911
1.80489
0.464023
1.83598
0.279036
1.85726
0.281815
1.5677
0.236306
1.57145
0.211988
1.49036
0.0448419
1.99405
0.304184
1.97418
0.296109
1.64225
0.0330892
1.59729
0.0440636
1.58425
0.12313
1.57423
0.161847
1.78523
0.371772
1.83432
0.381738
1.93359
0.484077
1.5289
0.0764561
1.53424
0.0546708
1.50244
0.224814
1.8123
0.0542655
1.82402
0.107618
1.85309
0.0795834
1.9
0.0736509
1.63888
0.0679976
1.6674
0.114527
1.52669
0.206459
1.52815
0.197156
1.90522
0.333675
1.86319
0.316009
1.86369
0.353489
1.87907
0.370974
1.9721
0.394587
1.95891
0.414654
1.82119
0.418757
1.84381
0.396005
1.76897
0.450389
1.72921
0.464055
1.95278
0.286601
1.94391
0.275206
1.77877
0.0122142
1.74219
0.00420084
1.50927
0.232236
1.53846
0.239869
1.87383
0.11274
1.88083
0.135493
1.72347
0.325923
1.68155
0.360272
1.9588
0.477215
1.97753
0.416241
1.9519
0.102524
1.98612
0.0640032
1.99426
0.179688
1.99338
0.335938
1.89829
0.00495272
1.86209
0.111203
1.84471
0.0860482
1.87331
0.129137
1.88635
0.0886492
1.59959
0.369006
1.57186
0.387845
1.58852
0.199224
1.61182
0.225592
1.7334
0.318751
1.73205
0.286244
1.83527
0.152303
1.83414
0.139581
1.87242
0.208529
1.84088
0.262489
1.60705
0.193286
1.63495
0.210161
1.93896
0.203263
1.95014
0.250556
1.90371
0.366364
1.90782
0.385098
1.94787
0.367121
1.94983
0.357843
1.98957
0.411454
1.93599
0.41626
1.67923
0.384343
1.65244
0.371207
1.57547
0.466498
1.55543
0.442955
1.59101
0.35516
1.60564
0.335534
1.52575
0.318436
1.55319
0.323304
1.81962
0.354363
1.80615
0.356139
1.77347
0.101024
1.75758
0.147084
1.74723
0.176573
1.75059
0.169112
1.57093
0.438861
1.58737
0.43595
1.87556
0.22054
1.87878
0.239932
1.82591
0.277386
1.82762
0.202272
1.84416
0.193495
1.8226
0.209813
1.71638
0.361027
1.7402
0.414124
1.71805
0.242655
1.79625
0.255748
1.78657
0.270442
1.77663
0.252091
1.64363
0.280644
1.67643
0.271007
1.52775
0.415156
1.5194
0.385647
1.54323
0.443558
1.51203
0.483161
1.51961
0.489318
1.63139
0.452968
1.63928
0.46344
1.74693
0.0305429
1.71868
0.0464688
1.57545
0.129735
1.61765
0.15851
1.55032
0.198224
1.56772
0.16836
1.50534
0.253509
1.50719
0.278952
1.69933
0.161531
1.70918
0.130183
1.71319
0.371557
1.7406
0.390932
1.6718
0.227297
1.6672
0.201647
1.8087
0.399276
1.80746
0.374163
1.60809
0.154724
1.62697
0.141515
1.54259
0.468624
1.57873
0.497216
1.80866
0.0934476
1.7922
0.0994678
1.90752
0.104289
1.87797
0.120463
1.68438
0.493637
1.71176
0.496004
1.91675
0.458892
1.93688
0.457446
1.64726
0.401472
1.6717
0.443818
1.66867
0.237469
1.63183
0.249788
1.64467
0.313542
1.62038
0.299087
1.49282
0.141157
1.59878
0.477061
1.61983
0.481336
1.67926
0.0838039
1.61951
0.0638596
1.60143
0.446206
1.60527
0.452573
1.8899
0.0710768
1.87626
0.0451788
1.72077
0.37772
1.72045
0.343424
1.69498
0.197592
1.70347
0.226033
1.7189
0.210149
1.72996
0.215565
1.9234
0.383153
1.95257
0.372081
1.53682
0.265901
1.52345
0.256829
1.50632
0.172817
1.9536
0.226154
1.98575
0.215416
1.94167
0.235509
1.92307
0.219387
1.53236
0.221925
1.5515
0.207265
1.71718
0.199441
1.75972
0.169941
1.53631
0.0047181
1.87993
0.31672
1.874
0.296689
1.85267
0.273371
1.89426
0.279307
1.82021
0.228223
1.8072
0.241644
1.69715
0.0273632
1.67401
0.322335
1.68041
0.312877
1.77007
0.498997
1.77323
0.42465
1.78928
0.428351
1.73672
0.445025
1.73892
0.456623
1.96341
0.0684268
1.9298
0.0866105
1.9397
0.0694663
1.90502
0.0398787
1.97168
0.0997111
1.99225
0.115713
1.7968
0.174595
1.78817
0.163911
1.62842
0.392905
1.62464
0.380827
1.77871
0.227294
1.80104
0.235118
1.89017
0.48516
1.87815
0.473746
1.7662
0.226013
1.7634
0.212965
1.53702
0.108518
1.56034
0.0906447
1.85341
0.238709
1.81373
0.255934
1.49728
0.341224
1.79592
0.320299
1.82434
0.331181
1.91144
0.289254
1.93794
0.282102
1.98142
0.292304
1.58985
0.081153
1.57192
0.0632282
1.91419
0.144723
1.90526
0.147659
1.68262
0.0638928
1.68899
0.0524843
1.54713
0.149237
1.5578
0.144558
1.89549
0.201643
1.90655
0.215152
1.94378
0.0254604
1.92932
0.0418979
1.67654
0.454554
1.71258
0.457578
1.63398
0.441041
1.64197
0.439842
1.98033
0.171893
1.81486
0.110039
1.83803
0.119359
1.82872
0.116909
1.78245
0.1439
1.74317
0.11057
1.75129
0.108031
1.70399
0.435193
1.72265
0.433624
1.96966
0.197214
1.97282
0.178528
1.61631
0.37689
1.61738
0.365015
1.82737
0.340149
1.83544
0.318992
1.74557
0.0880425
1.73519
0.103523
1.55523
0.26172
1.5528
0.25002
1.50853
0.295463
1.52293
0.302797
1.61479
0.0254608
1.61732
0.00475261
1.69887
0.234423
1.70686
0.24585
1.62363
0.400779
1.61302
0.415258
1.78179
0.336505
1.76852
0.327491
1.77727
0.295154
1.81491
0.264971
1.73222
0.395496
1.73168
0.406429
1.51193
0.0308136
1.50109
0.0458202
1.80492
0.417963
1.81026
0.45334
1.85973
0.401184
1.87038
0.412616
1.5543
0.279676
1.54752
0.314144
1.58724
0.323792
1.574
0.353071
1.58154
0.309272
1.5909
0.314164
1.94017
0.0777402
1.94167
0.0547576
1.65322
0.206825
1.62762
0.224045
1.7119
0.0126503
1.73064
0.26163
1.74405
0.265451
1.67004
0.105426
1.70539
0.0992003
1.71715
0.132928
1.70135
0.117919
1.86398
0.364252
1.85417
0.395306
1.88968
0.451583
1.91737
0.46957
1.85433
0.465776
1.83754
0.454115
1.82588
0.487372
1.82523
0.498498
1.59149
0.445245
1.58628
0.421035
1.93827
0.193194
1.90469
0.194748
1.87659
0.16584
1.8975
0.144261
1.62731
0.0990932
1.60833
0.112985
1.73198
0.499499
1.75245
0.485648
1.88389
0.245998
1.89397
0.240764
1.77261
0.00479047
1.73208
0.0757352
1.73887
0.0554208
1.80924
0.0440013
1.79894
0.0412872
1.70552
0.283152
1.71047
0.309282
1.92914
0.287258
1.94428
0.289385
1.82686
0.454181
1.82693
0.465566
1.55299
0.470237
1.53631
0.477056
1.53681
0.453891
1.52357
0.439283
1.58261
0.0751399
1.5706
0.0888533
1.62813
0.0786136
1.60789
0.0645667
1.66028
0.0518045
1.66261
0.0662278
1.92727
0.500852
1.58785
0.268649
1.61694
0.274398
1.91728
0.404579
1.93917
0.431769
1.89346
0.439592
1.87154
0.450235
1.78498
0.281274
1.77604
0.284689
1.79537
0.417253
1.79328
0.434906
1.65991
0.154218
1.67804
0.11762
1.64344
0.496283
1.98611
0.380167
1.98626
0.36975
1.96083
0.430908
1.94369
0.425611
1.97675
0.476399
1.97634
0.498403
1.95413
0.425086
1.9603
0.458742
1.7417
0.378816
1.75258
0.372943
1.50606
0.0248026
1.75917
0.447277
1.75361
0.466044
1.58539
0.00691049
1.89453
0.333185
1.90608
0.322942
1.99524
0.505682
1.56744
0.265714
1.56509
0.245839
1.62928
0.294067
1.62852
0.286647
1.58886
0.238471
1.56268
0.214484
1.74755
0.133408
1.76506
0.153777
1.75551
0.126232
1.73325
0.144253
1.70921
0.156568
1.72027
0.157004
1.94222
0.343011
1.97589
0.348284
1.95669
0.353605
1.96836
0.357192
1.98921
0.432261
1.97846
0.431925
1.87459
0.364974
1.89452
0.366403
1.93369
0.356993
1.9383
0.3719
1.92567
0.335788
1.90913
0.355175
1.82906
0.172673
1.86704
0.159289
1.9154
0.212798
1.89704
0.212151
1.67622
0.168333
1.66043
0.185959
1.66785
0.0855582
1.66284
0.0973578
1.66699
0.169839
1.65998
0.163727
1.92769
0.234486
1.94844
0.210083
1.92706
0.243468
1.95199
0.260282
1.58482
0.371099
1.55792
0.364621
1.81054
0.411583
1.77651
0.393667
1.51719
0.376442
1.52494
0.403762
1.9635
0.24447
1.99537
0.242188
1.97778
0.237184
1.87585
0.402575
1.86051
0.385094
1.50019
0.302459
1.97337
0.12827
1.9864
0.125359
1.98899
0.311821
1.82892
0.0437753
1.7241
0.510878
1.54337
0.213286
1.55942
0.226907
1.8168
0.318783
1.82706
0.312945
1.68551
0.457532
1.68388
0.432356
1.95816
0.494608
1.95262
0.485229
1.64623
0.10499
1.64577
0.114159
1.95192
0.405377
1.93944
0.406458
1.96211
0.106921
1.96288
0.120248
1.80419
0.00544779
1.77052
0.0526975
1.59953
0.0820182
1.60622
0.0764035
1.96932
0.339616
1.97048
0.328645
1.66988
0.416833
1.66938
0.380876
1.72402
0.278145
1.72204
0.266873
1.50803
0.196148
1.84429
0.314658
1.85307
0.288418
1.68477
0.343884
1.71361
0.322865
1.7258
0.335793
1.72735
0.349795
1.83316
0.372443
1.83578
0.362926
1.50998
0.429889
1.53752
0.417534
1.91055
0.130966
1.89894
0.135118
1.58803
0.490407
1.58746
0.480775
1.8651
0.0427173
1.85477
0.0497319
1.51939
0.0716834
1.50458
0.0572879
1.8181
0.238448
1.84236
0.213533
1.78154
0.206858
1.79624
0.197712
1.82834
0.182862
1.80591
0.198871
1.70934
0.417852
1.73792
0.42259
1.86444
0.133209
1.84411
0.113425
1.55467
0.427455
1.55756
0.417518
1.91869
0.356499
1.9242
0.35161
1.59678
0.190647
1.62072
0.170272
1.89178
0.388931
1.90192
0.389974
1.77337
0.203636
1.76587
0.161535
1.50992
0.0791487
1.52917
0.0872572
1.78516
0.0632676
1.76403
0.069906
1.86329
0.237102
1.87702
0.25505
1.68332
0.397182
1.66496
0.40454
1.68821
0.377752
1.6888
0.368652
1.7218
0.406958
1.69969
0.389404
1.96122
0.158122
1.97481
0.147108
1.97118
0.0863721
1.99322
0.0881645
1.52109
0.355542
1.53616
0.367278
1.9899
0.171875
1.99564
0.164062
1.54745
0.132986
1.56288
0.108829
1.55623
0.100496
1.54293
0.100667
1.7865
0.122108
1.79545
0.11692
1.70105
0.201996
1.70871
0.195982
1.95913
0.195712
1.95632
0.207306
1.75063
0.0571316
1.75368
0.0687223
1.5091
0.213468
1.53401
0.212376
1.63762
0.307367
1.65898
0.331981
1.91666
0.0217335
1.92659
0.0332221
1.89287
0.0218665
1.87532
0.0108127
1.88255
0.00643502
1.89022
0.0113877
1.88565
0.0282422
1.88681
0.0374019
1.55124
0.178068
1.53911
0.193038
1.51818
0.19164
1.52428
0.175946
1.6484
0.137591
1.63657
0.134315
1.6244
0.0424327
1.61369
0.0384673
1.73688
0.0458625
1.72767
0.0433914
1.60951
0.00992994
1.60156
0.00517732
1.69341
0.441451
1.69392
0.45111
1.92074
0.271932
1.91298
0.266269
1.67109
0.147096
1.68039
0.155098
1.5518
0.0510257
1.56061
0.0450225
1.95056
0.18842
1.95248
0.177695
1.63883
0.156238
1.62771
0.151656
1.54231
0.359549
1.52511
0.366941
1.75209
0.237687
1.73838
0.211273
1.49739
0.383351
1.64544
0.345105
1.62329
0.328221
1.67054
0.288942
1.66238
0.321996
1.64179
0.325358
1.64973
0.333744
1.64152
0.247117
1.62956
0.232599
1.80982
0.152357
1.81833
0.146934
1.54167
0.0120816
1.55555
0.0336085
1.57075
0.0513707
1.57923
0.0480617
1.53089
0.346475
1.53072
0.33646
1.75544
0.430393
1.74484
0.429262
1.80118
0.147757
1.79023
0.15419
1.87612
0.271061
1.86004
0.267962
1.97737
0.324117
1.97805
0.313197
1.63838
0.503502
1.67982
0.0271422
1.68343
0.0136632
1.49243
0.45137
1.66162
0.352498
1.64954
0.353717
1.98775
0.190104
1.97588
0.188927
1.73725
0.243938
1.72846
0.249357
1.58118
0.220652
1.5807
0.232548
1.82904
0.0992652
1.81609
0.0868568
1.83932
0.0648348
1.83226
0.0729788
1.53017
0.396534
1.5391
0.394451
1.5658
0.395536
1.57027
0.404378
1.56871
0.379295
1.55714
0.392996
1.907
0.184396
1.92894
0.173776
1.71077
0.0655741
1.72121
0.0621445
1.77863
0.0691447
1.79885
0.0915454
1.77303
0.369685
1.77447
0.343044
1.68852
0.233347
1.68029
0.242652
1.68769
0.267434
1.65765
0.274006
1.7429
0.285157
1.74863
0.275008
1.84927
0.230913
1.85432
0.194561
1.53443
0.49867
1.55632
0.480468
1.68534
0.0730078
1.69765
0.0773937
1.68244
0.480253
1.70176
0.458777
1.66703
0.467911
1.67349
0.478474
1.67711
0.504874
1.78025
0.328305
1.76108
0.354111
1.5607
0.0260897
1.55836
0.00615328
1.6454
0.430968
1.6281
0.410299
1.59296
0.430082
1.6063
0.420531
1.59257
0.406551
1.60658
0.386778
1.60136
0.208475
1.59122
0.20697
1.68728
0.0929282
1.69766
0.0895307
1.54981
0.491704
1.54021
0.489905
1.89693
0.0909067
1.93157
0.0953182
1.49356
0.411962
1.50624
0.41234
1.68048
0.127348
1.6711
0.135265
1.83349
0.0250873
1.8389
0.00638098
1.82034
0.0578995
1.82217
0.0690344
1.49002
0.225962
1.80332
0.282231
1.79247
0.28792
1.80821
0.289435
1.80272
0.309782
1.76669
0.282486
1.76252
0.275398
1.91812
0.0709075
1.90817
0.0664978
1.65521
0.0581887
1.68613
0.0331598
1.66791
0.458948
1.64856
0.449603
1.627
0.349701
1.62769
0.358599
1.84368
0.360979
1.81692
0.376961
1.62662
0.0539282
1.64263
0.0595014
1.85835
0.100586
1.86643
0.0933757
1.88241
0.0788904
1.86384
0.0829089
1.84964
0.0679158
1.8577
0.0606749
1.78096
0.185876
1.79154
0.186155
1.56567
0.126513
1.55947
0.134101
1.51629
0.111826
1.5236
0.104107
1.54477
0.160339
1.5162
0.168577
1.75077
0.457745
1.72349
0.486456
1.60551
0.268298
1.60745
0.257376
1.67499
0.434022
1.66271
0.413257
1.79472
0.0128715
1.78741
0.00742376
1.56019
0.163652
1.59732
0.140053
1.72522
0.193404
1.7342
0.181028
1.69997
0.169539
1.70923
0.177177
1.71803
0.175496
1.7233
0.164718
1.4966
0.0670132
1.50967
0.039526
1.52093
0.0424451
1.72809
0.299423
1.71645
0.298814
1.95061
0.0835722
1.93809
0.10655
1.69611
0.324165
1.67966
0.329142
1.5836
0.257968
1.57324
0.256018
1.74716
0.24846
1.75177
0.257701
1.56586
0.482587
1.57499
0.474927
1.60426
0.461796
1.59714
0.46606
1.56802
0.176799
1.57645
0.199743
1.89331
0.500896
1.89692
0.491193
1.51974
0.448849
1.502
0.435144
1.78523
0.388097
1.80108
0.392025
1.69931
0.305853
1.6932
0.314421
1.6254
0.30905
1.61973
0.316525
1.81207
0.310475
1.81883
0.28718
1.85496
0.29874
1.86234
0.30367
1.55364
0.502623
1.56332
0.504045
1.71289
0.036169
1.71784
0.0248835
1.98715
0.0309613
1.99438
0.0553789
1.97851
0.0475391
1.93438
0.0257684
1.95763
0.0457961
1.52017
0.0927746
1.51044
0.0894389
1.58325
0.27729
1.5732
0.276304
1.50427
0.375937
1.50218
0.366283
1.662
0.034023
1.63836
0.0525547
1.50428
0.2057
1.4926
0.206499
1.88438
0.165065
1.8598
0.145016
1.74889
0.304788
1.75409
0.31522
1.91116
0.440035
1.92237
0.437572
1.4954
0.0113848
1.52757
0.0213575
1.52342
0.140472
1.53078
0.144931
1.63459
0.34352
1.63248
0.33236
1.98763
0.233645
1.99226
0.225833
1.88086
0.30411
1.90021
0.286708
1.9697
0.480937
1.96856
0.493146
1.65951
0.387824
1.65817
0.398606
1.87736
0.0566581
1.88753
0.0594108
1.88201
0.104679
1.87834
0.0959315
1.87181
0.075706
1.86913
0.0651397
1.81198
0.0122065
1.80893
0.0234943
1.87628
0.438344
1.88654
0.432983
1.89719
0.468228
1.89616
0.456797
1.9269
0.428587
1.90376
0.432838
1.60534
0.123031
1.61511
0.12809
1.58851
0.146679
1.57876
0.141871
1.70355
0.273529
1.71058
0.264553
1.59649
0.0230198
1.5932
0.0120878
1.61839
0.219572
1.60894
0.203368
1.82707
0.052823
1.83596
0.055814
1.74432
0.357108
1.75312
0.360398
1.87801
0.456865
1.87238
0.46736
1.84243
0.504311
1.86012
0.483293
1.85397
0.488764
1.84304
0.482668
1.8384
0.419865
1.83798
0.431246
1.82057
0.430517
1.82639
0.43678
1.85317
0.37909
1.84169
0.385075
1.56639
0.283859
1.56887
0.294883
1.51247
0.403602
1.50912
0.39431
1.54738
0.284505
1.53742
0.280849
1.84738
0.0965841
1.83982
0.102622
1.59646
0.505856
1.95491
0.447698
1.9446
0.442676
1.6174
0.254854
1.6222
0.247131
1.84407
0.0314619
1.85316
0.0282348
1.58436
0.451549
1.58631
0.461345
1.94798
0.0414941
1.94119
0.0455745
1.7922
0.463642
1.79189
0.452492
1.82051
0.481589
1.80298
0.497208
1.812
0.187591
1.82245
0.189789
1.84359
0.437027
1.85497
0.437432
1.83701
0.488025
1.83637
0.49915
1.80819
0.503677
1.81932
0.50432
1.52092
0.231481
1.53195
0.257259
1.94393
0.152227
1.95267
0.142139
1.60031
0.250483
1.58925
0.249652
1.77641
0.166734
1.77445
0.177139
1.82608
0.0897039
1.8342
0.0825245
1.94512
0.309931
1.97184
0.306761
1.66859
0.266771
1.66957
0.257336
1.58257
0.113297
1.57384
0.106605
1.97797
0.464588
1.98896
0.464588
1.72523
0.424703
1.71763
0.416766
1.85748
0.168129
1.84653
0.167279
1.86811
0.149994
1.88027
0.144543
1.8699
0.190854
1.86194
0.176428
1.71952
0.231258
1.72951
0.226613
1.61564
0.187799
1.62493
0.19438
1.94678
0.219412
1.93806
0.221655
1.76612
0.248845
1.76184
0.257621
1.77835
0.263497
1.768
0.265762
1.87729
0.490388
1.8713
0.484192
1.82782
0.402841
1.83865
0.40229
1.79022
0.407567
1.77927
0.40704
1.71566
0.396502
1.7213
0.388296
1.5703
0.361361
1.57565
0.370346
1.99495
0.320137
1.98832
0.327949
1.90824
0.490978
1.9142
0.485374
1.49131
0.244937
1.64983
0.234004
1.64069
0.237712
1.51843
0.159949
1.52895
0.155655
1.80905
0.486504
1.80381
0.480618
1.7642
0.34396
1.75978
0.336607
1.49835
0.167117
1.49903
0.157065
1.54129
0.182409
1.53382
0.174505
1.60689
0.143941
1.61572
0.137585
1.58274
0.16514
1.59029
0.158135
1.5945
0.180966
1.58487
0.177299
1.98497
0.0811638
1.99175
0.0711243
1.61769
0.501391
1.77615
0.119748
1.76563
0.129434
1.72231
0.0911467
1.73448
0.0951557
1.90273
0.0245173
1.90769
0.0186151
1.74627
0.493092
1.65652
0.217586
1.64787
0.222981
1.76481
0.0122272
1.75782
0.00743674
1.80863
0.104223
1.79772
0.107164
1.55154
0.302635
1.56013
0.304102
1.87391
0.321639
1.87305
0.332372
1.87819
0.33862
1.88895
0.339044
1.89219
0.298317
1.89729
0.305573
1.96132
0.311518
1.95583
0.30459
1.8588
0.0194793
1.84931
0.00638098
1.97115
0.410391
1.972
0.426326
1.97204
0.447345
1.9718
0.458098
1.95425
0.32821
1.96064
0.322482
1.8861
0.414561
1.87517
0.418618
1.87128
0.386049
1.87033
0.396735
1.86004
0.430671
1.84394
0.413293
1.50642
0.12984
1.50391
0.139043
1.5607
0.192024
1.55944
0.182498
1.84572
0.351336
1.83507
0.329364
1.78131
0.0338012
1.79174
0.0313495
1.89001
0.322458
1.89604
0.317103
1.97534
0.384771
1.96659
0.380275
1.84331
0.465706
1.83788
0.471432
1.99245
0.0231762
1.99479
0.00520833
1.98724
0.0127595
1.97558
0.0123435
1.63636
0.36521
1.64554
0.36336
1.70125
0.014347
1.69384
0.00666447
1.70335
0.488401
1.70372
0.478837
1.76191
0.42474
1.76228
0.414086
1.78611
0.445581
1.7757
0.443261
1.91206
0.318183
1.91354
0.30763
1.51057
0.451265
1.50934
0.461051
1.55146
0.0609957
1.54023
0.0637949
1.9738
0.210683
1.96562
0.215891
1.69768
0.135787
1.69186
0.127801
1.8735
0.348846
1.87965
0.355074
1.92177
0.182721
1.92637
0.190599
1.80566
0.271734
1.7964
0.26659
1.7847
0.248194
1.78663
0.237775
1.76519
0.179574
1.76344
0.18978
1.7544
0.0938706
1.75758
0.115685
1.78345
0.479687
1.76968
0.479487
1.69701
0.47022
1.68865
0.469246
1.89956
0.100132
1.89265
0.106622
1.57666
0.182444
1.57256
0.192157
1.85992
0.206485
1.8536
0.214886
1.83591
0.223509
1.82706
0.221582
1.87226
0.175257
1.87569
0.183895
1.88626
0.197248
1.8763
0.200626
1.83732
0.296052
1.84109
0.287725
1.62159
0.109957
1.62501
0.119596
1.98952
0.252021
1.97967
0.250351
1.49884
0.0778052
1.80237
0.223009
1.81063
0.219311
1.65819
0.200815
1.65302
0.192022
1.65109
0.00539984
1.67708
0.00699869
1.82416
0.267276
1.83175
0.260131
1.84934
0.254747
1.85919
0.258133
1.97766
0.400395
1.99479
0.401037
1.98908
0.0475391
1.9947
0.0390351
1.99415
0.145062
1.99415
0.134646
1.99415
0.27025
1.99415
0.259833
1.98774
0.481607
1.99451
0.475055
1.99478
0.427083
1.99478
0.416667
1.99446
0.458284
1.99446
0.447867
1.99462
0.364583
1.99462
0.354167
1.98926
0.395829
1.99447
0.385417
1.51211
0.0132038
1.50581
0.00594478
1.64588
0.0120272
1.63542
0.00662737
1.99349
0.208333
1.99349
0.197917
1.92855
0.0144455
1.90591
0.00952928
1.98547
0.104919
1.99322
0.0985812
1.66672
0.0123985
1.66151
0.00539984
1.55329
0.0135168
1.53705
0.021462
1.57603
0.0130638
1.56877
0.00615328
1.96119
0.0226654
1.93275
0.00637444
1.72533
0.00496776
1.71491
0.00496776
1.83107
0.0131396
1.8203
0.00675867
1.99002
0.296372
1.99597
0.289062
1.79884
0.136643
1.78862
0.134739
1.8554
0.118004
1.85661
0.12831
1.98889
0.442628
1.97814
0.442291
1.59883
0.381127
1.58883
0.383832
1.58281
0.391629
1.5826
0.401994
1.83715
0.242535
1.83934
0.232345
1.49387
0.320407
1.9586
0.395306
1.95592
0.386244
1.54385
0.459299
1.56072
0.436243
1.74777
0.218389
1.74667
0.228659
1.58786
0.0574675
1.58275
0.0664294
1.77755
0.352577
1.77012
0.359292
1.60281
0.326707
1.59303
0.329847
1.57497
0.326593
1.56974
0.317759
1.77139
0.463739
1.76444
0.468927
1.50923
0.154137
1.51239
0.145384
1.52625
0.45685
1.51943
0.464532
1.66871
0.425461
1.65527
0.432292
1.5657
0.343314
1.57315
0.336256
1.65098
0.380942
1.64211
0.383447
1.77771
0.0805315
1.76805
0.0808645
1.90785
0.421458
1.90227
0.41618
1.86366
0.0331823
1.87367
0.026484
1.59772
0.281982
1.61721
0.282999
1.68898
0.329428
1.69201
0.337703
1.83987
0.174585
1.83915
0.184774
1.82404
0.16578
1.81276
0.165039
1.67843
0.191251
1.69773
0.216014
1.89156
0.404483
1.8861
0.398499
1.95214
0.50272
1.94191
0.498865
1.90847
0.373717
1.91862
0.372825
1.88755
0.382831
1.87747
0.381273
1.91977
0.41967
1.92435
0.413501
1.93312
0.387347
1.93277
0.397536
1.91387
0.00457656
1.92009
0.0126477
1.66904
0.281079
1.65899
0.282708
1.69628
0.293089
1.68819
0.286906
1.63767
0.179798
1.63054
0.172544
1.91119
0.0495076
1.90518
0.0566879
1.91007
0.339802
1.92016
0.340677
1.93773
0.32725
1.93631
0.337287
1.98075
0.153506
1.98979
0.152875
1.91867
0.249248
1.91071
0.242979
1.94285
0.266508
1.93446
0.260838
1.85708
0.223429
1.86654
0.227039
1.86659
0.253171
1.86839
0.243205
1.8827
0.22733
1.90563
0.224454
1.94436
0.120243
1.95281
0.125588
1.70674
0.353893
1.7095
0.344521
1.73486
0.36364
1.73278
0.372804
1.92118
0.228104
1.9126
0.230818
1.53226
0.273794
1.51728
0.279411
1.48791
0.297316
1.49131
0.2878
1.50125
0.269319
1.5074
0.261456
1.49185
0.270182
1.65944
0.252465
1.65023
0.254552
1.65602
0.311943
1.66203
0.305527
1.60418
0.430229
1.60853
0.437058
1.93999
0.300822
1.92993
0.301426
1.5365
0.436952
1.54265
0.427561
1.6879
0.215126
1.67243
0.209682
1.58556
0.507498
1.85441
0.418005
1.85965
0.411702
1.76574
0.137973
1.77322
0.144666
1.73873
0.132611
1.73734
0.122257
1.74951
0.145721
1.74213
0.152515
1.81915
0.343942
1.79454
0.340891
1.79071
0.363373
1.78594
0.354572
1.61741
0.20879
1.62481
0.20529
1.68723
0.35205
1.69757
0.356634
1.96457
0.22541
1.9694
0.234157
1.97066
0.254726
1.97001
0.263186
1.57676
0.432527
1.57531
0.422646
1.53816
0.0730581
1.54505
0.0820036
1.72692
0.442633
1.71722
0.448263
1.89724
0.229817
1.89107
0.222448
1.69529
0.418982
1.70174
0.411395
1.70134
0.404134
1.69373
0.397714
1.97504
0.272973
1.95359
0.277798
1.92506
0.118789
1.92782
0.110082
1.93335
0.367123
1.92343
0.366796
1.7898
0.379315
1.80027
0.38109
1.779
0.0456423
1.78551
0.0499434
1.75001
0.0116376
1.7448
0.0200393
1.73314
0.0091686
1.73314
0.0175703
1.59046
0.293532
1.58915
0.284288
1.69015
0.153621
1.69604
0.145689
1.71725
0.142085
1.72589
0.146878
1.93599
0.505593
1.91273
0.501435
1.81975
0.395652
1.82302
0.386361
1.65702
0.486153
1.66679
0.487433
1.65689
0.47012
1.65359
0.479404
1.62771
0.488578
1.63749
0.48733
1.89013
0.121473
1.89129
0.130888
1.5613
0.0759887
1.57165
0.0810774
1.82176
0.246791
1.83053
0.248682
1.90639
0.114847
1.89662
0.115693
1.54709
0.12431
1.55916
0.118776
1.9718
0.0551809
1.97412
0.0638051
1.62774
0.01138
1.62712
0.0211562
1.63843
0.415315
1.64743
0.412291
1.92442
0.152893
1.91803
0.137174
1.51922
0.472758
1.52681
0.478916
1.52334
0.496223
1.70394
0.374331
1.69827
0.38228
1.95735
0.0305395
1.96241
0.0384015
1.52395
0.222994
1.51896
0.212405
1.73935
0.476935
1.74822
0.474788
1.75243
0.200917
1.74133
0.20166
1.65788
0.449487
1.66115
0.44105
1.73853
0.487183
1.7317
0.490376
1.4941
0.0278048
1.80573
0.0726263
1.79714
0.0770364
1.7757
0.0259537
1.76695
0.0259667
1.82085
0.126423
1.81186
0.122926
1.85771
0.0107587
1.86777
0.00437772
1.51193
0.317248
1.51993
0.311015
1.52187
0.329608
1.51297
0.330558
1.51756
0.295129
1.52225
0.287539
1.95367
0.338598
1.9589
0.343841
1.86754
0.272721
1.86657
0.281313
1.91896
0.258087
1.92671
0.26375
1.77034
0.298868
1.76253
0.292138
1.85401
0.499281
1.59782
0.351429
1.60841
0.362782
1.80968
0.430876
1.80412
0.436722
1.54979
0.332051
1.54031
0.330724
1.82052
0.2988
1.82843
0.300779
1.60748
0.35433
1.61575
0.347664
1.50003
0.392519
1.73011
0.0338107
1.73932
0.0362819
1.80055
0.300362
1.79131
0.298052
1.92693
0.455523
1.92873
0.446171
1.82402
0.369747
1.82665
0.36023
1.98152
0.279203
1.99012
0.278062
1.8046
0.337183
1.80292
0.328856
1.61822
0.437984
1.6265
0.433317
1.62722
0.425511
1.62129
0.418075
1.61859
0.0928178
1.60612
0.0943583
1.54106
0.350144
1.55106
0.349656
1.54352
0.030416
1.53817
0.0375704
1.78304
0.0970417
1.78337
0.0873874
1.68308
0.102751
1.68679
0.109861
1.59903
0.217658
1.58889
0.216153
1.51541
0.503342
1.84294
0.336016
1.83901
0.343623
1.70247
0.211308
1.71185
0.216002
1.97563
0.0306547
1.97261
0.0387285
1.97211
0.365637
1.96321
0.371558
1.9477
0.382121
1.93825
0.382075
1.64609
0.262865
1.6494
0.271709
1.521
0.422881
1.51903
0.432546
1.9508
0.233323
1.93576
0.230583
1.80575
0.0622937
1.79878
0.0587822
1.55513
0.452798
1.55958
0.45967
1.94316
0.00637444
1.94837
0.0141375
1.78505
0.301872
1.78365
0.311175
1.58572
0.0947172
1.57744
0.09648
1.54891
0.224564
1.54176
0.23023
1.52177
0.0119771
1.5259
0.0047181
1.53646
0.295107
1.53152
0.287928
1.50534
0.109886
1.64672
0.290843
1.64006
0.297451
1.79332
0.215839
1.78408
0.217468
1.6442
0.0907228
1.65252
0.0980442
1.68262
0.0445513
1.6736
0.0469949
1.67056
0.0534749
1.67323
0.0624398
1.64522
0.0428475
1.65455
0.0434099
1.95709
0.0125554
1.9623
0.00479233
1.60885
0.295321
1.60144
0.299894
1.72182
0.115253
1.72713
0.122918
1.73866
0.339655
1.73888
0.348175
1.64273
0.204246
1.64325
0.194939
1.8411
0.132401
1.84839
0.136772
1.94164
0.245339
1.93509
0.249395
1.64936
0.175516
1.64974
0.168008
1.49738
0.465322
1.89018
0.15686
1.88928
0.149081
1.63759
0.473351
1.64347
0.480467
1.62126
0.455751
1.61528
0.465844
1.59757
0.342954
1.59061
0.338069
1.8823
0.279812
1.87542
0.286015
1.84003
0.0415565
1.84335
0.0479518
1.52067
0.247536
1.52603
0.24005
1.52139
0.272745
1.51745
0.264423
1.50632
0.240453
1.51261
0.247183
1.68212
0.208425
1.68589
0.200182
1.6975
0.188374
1.70658
0.186806
1.69198
0.174759
1.69216
0.183965
1.56334
0.151652
1.57203
0.150033
1.8895
0.354945
1.89411
0.349142
1.51493
0.127492
1.52044
0.120141
1.98847
0.491402
1.99524
0.495266
1.75447
0.439508
1.74387
0.438377
1.9085
0.159381
1.90164
0.163763
1.94031
0.096097
1.94898
0.0932213
1.9226
0.103262
1.91398
0.100215
1.72158
0.478822
1.71317
0.475298
1.60416
0.241561
1.59786
0.234968
1.96704
0.288974
1.9592
0.292697
1.96077
0.273859
1.9678
0.278938
1.55308
0.381138
1.55859
0.375128
1.71039
0.506773
1.91734
0.030985
1.90857
0.0333926
1.73691
0.17416
1.73284
0.166027
1.73624
0.195178
1.74155
0.187688
1.75627
0.192028
1.75049
0.185282
1.93112
0.207777
1.93188
0.216841
1.52797
0.38771
1.5369
0.385628
1.63499
0.259296
1.627
0.262562
1.60518
0.399198
1.61246
0.402997
1.60607
0.0463542
1.60319
0.057401
1.58316
0.350293
1.583
0.341676
1.96343
0.174113
1.96626
0.165505
1.96605
0.150931
1.96206
0.142794
1.74665
0.502452
1.73918
0.505665
1.65955
0.426499
1.65608
0.418141
1.92841
0.0660318
1.93035
0.0573606
1.66023
0.296978
1.65383
0.29061
1.49882
0.192074
1.49834
0.185073
1.64705
0.0756513
1.64144
0.0827102
1.7063
0.0577538
1.71674
0.0543242
1.70537
0.32918
1.7023
0.337647
1.67676
0.404226
1.67913
0.412679
1.52378
0.0285952
1.5279
0.0358542
