1.0037
0.552148
0.991872
0.528209
0.99552
0.558371
0.980089
0.591072
0.988297
0.592637
0.958451
0.550456
0.931837
0.525541
0.855237
0.516218
0.718137
0.681654
0.875406
0.560649
0.622774
0.828333
0.9649
0.565467
0.950815
0.542337
0.947725
0.568046
0.970833
0.691695
0.977489
0.51364
0.934204
0.538855
0.834483
0.519771
0.916727
0.531346
0.93803
0.567107
0.973538
0.603061
0.802388
0.505989
0.95787
0.633505
0.861741
0.721434
0.506978
0.714996
0.861884
0.73438
0.942577
0.704833
0.8877
0.685722
0.872203
0.596673
0.896087
0.51913
0.706393
0.632005
1.00833
0.643342
0.600004
0.657297
0.50432
0.673287
0.863582
0.583464
0.894031
0.560227
0.595084
0.743543
0.546405
0.545236
0.985191
0.797248
0.851793
0.842259
0.640641
0.851997
0.960695
0.597646
0.915152
0.678152
0.649348
0.814781
0.867538
0.758184
0.771741
0.622151
0.704646
0.605082
0.810865
0.503653
0.662261
0.592948
0.703963
0.644898
0.591507
0.706311
0.511755
0.890976
0.534257
0.893175
0.602807
0.872861
0.551724
0.826039
0.80583
0.554252
0.895607
0.570662
0.873825
0.589164
0.789268
0.544069
0.549573
0.604328
0.761574
0.5152
0.697755
0.583381
0.597707
0.810043
0.636556
0.759539
0.691804
0.914351
0.691085
0.930567
0.902775
0.823836
0.971287
0.793718
0.544416
0.968888
0.637092
0.514766
0.574461
0.577436
0.752989
0.736466
0.725066
0.744467
0.913363
0.779435
0.831276
0.706503
0.497985
0.557328
0.963766
0.80188
0.86141
0.798343
0.723121
0.817926
0.876624
0.821138
0.945851
0.842695
0.854432
0.7563
0.874948
0.748029
0.888602
0.913709
0.968994
0.859633
0.766422
0.773204
0.670846
0.743608
0.948684
0.866097
0.957774
0.856756
0.960846
0.655833
0.962629
0.623863
0.597774
0.524962
0.678733
0.543059
0.773366
0.518538
0.505454
0.850002
0.540753
0.55392
0.593732
0.589541
0.96323
0.882842
0.662776
0.96965
0.785367
0.99425
0.811791
0.836104
0.865742
0.696166
0.875181
0.665291
0.942693
0.626415
0.92321
0.605993
0.799579
0.949957
0.640115
0.71627
0.613536
0.743194
0.783699
0.942832
0.678489
0.789218
0.667397
0.726806
0.512514
0.60419
0.51684
0.623261
0.828537
0.643838
0.818833
0.64371
0.670679
0.886399
0.68567
0.844216
0.786447
0.894933
0.783874
0.827308
0.513105
0.933067
0.568234
0.944415
0.669789
0.591434
0.621281
0.627109
0.791554
0.725728
0.729786
0.795536
0.799088
0.656153
0.835242
0.712666
0.55766
0.599915
0.589061
0.677365
0.66716
0.522406
0.666728
0.57124
0.55323
0.712863
0.60485
0.748732
0.670916
0.841502
0.589913
0.889103
0.534692
0.775062
0.51244
0.754501
0.934597
0.591203
0.86639
0.61534
0.504567
0.906366
0.569711
0.827372
0.587216
0.814328
0.606346
0.903331
0.618994
0.935394
0.663668
0.917539
0.649465
0.845664
0.91512
0.505839
0.909358
0.52791
0.95765
0.560905
0.946287
0.577585
0.870535
0.902336
0.82242
0.984996
0.665522
0.73671
0.663816
0.78285
0.999017
0.971631
0.774851
0.827806
0.709875
0.824515
0.602807
0.704087
0.962651
0.668246
0.93307
0.678435
0.814933
0.620769
0.838459
0.662786
0.878393
0.529397
0.875464
0.540149
0.618931
0.687083
0.526182
0.650179
0.783308
0.600449
0.771697
0.61374
0.778656
0.528251
0.793137
0.583829
0.506925
0.945119
0.732011
0.894702
0.686302
0.904296
0.987989
0.988802
0.909481
0.92052
0.503747
0.964825
0.845335
0.817102
0.86475
0.822813
0.980582
0.819002
0.717797
0.567649
0.781785
0.609562
0.741895
0.597114
0.634609
0.594885
0.661119
0.616086
0.718683
0.882069
0.719378
0.96149
0.888707
0.892863
0.878349
0.893389
1.01038
0.730372
0.953621
0.766755
0.935776
0.711615
0.536319
0.512163
0.670508
0.933062
0.492529
0.673347
0.544845
0.563985
0.506281
0.551873
0.719043
0.532516
0.702624
0.544789
0.560832
0.821239
0.538966
0.830992
0.721425
0.699343
0.737185
0.688369
0.941253
0.987214
0.901863
0.967105
0.817866
0.744108
0.811842
0.709972
0.85387
0.672295
0.864172
0.660912
0.795021
0.759257
0.76835
0.722401
0.665804
0.663597
0.696569
0.622886
0.696251
0.801943
0.712142
0.844428
0.655308
0.510112
0.540195
0.725707
0.498028
0.698635
0.852985
0.890368
0.833523
0.882867
0.990453
0.696139
0.528641
0.507383
0.547472
0.509095
0.914027
0.940434
0.951399
0.899802
0.987927
0.952867
0.960546
0.969957
0.92771
0.622038
0.844424
0.671792
0.831069
0.837548
0.798428
0.84903
0.784172
0.785788
0.746416
0.7794
0.585895
0.969529
0.837941
0.974461
0.870617
0.914908
0.894114
0.918953
0.902259
0.914157
0.789714
0.967319
0.790997
0.950055
0.526979
0.49654
0.981266
0.892977
0.951557
0.878524
0.53011
0.885021
0.572306
0.88672
0.518992
0.912257
0.795288
0.879979
0.77653
0.880829
0.935399
0.763459
0.912391
0.792073
0.880776
0.788375
0.841143
0.798829
0.633081
0.686398
0.508979
0.69406
0.850302
0.965609
0.848622
0.973849
0.979674
0.60999
1.00107
0.607552
0.589872
0.686742
0.614925
0.730888
1.00718
0.633751
0.997399
0.657986
0.695901
0.496765
1.01152
0.753565
1.00088
0.727009
0.529126
0.665563
0.57962
0.672215
0.611311
0.642267
0.589311
0.644371
0.771416
0.835958
0.695199
0.893449
0.850845
0.491034
0.703051
0.702532
0.688819
0.714746
0.652295
0.803491
0.614868
0.811449
0.673496
0.925188
0.599687
0.92468
1.00712
0.97698
0.587922
0.749997
0.595035
0.799903
0.570566
0.586623
0.614626
0.568434
0.95347
0.674788
0.56685
0.499484
0.61525
0.499516
0.867021
0.554123
0.864233
0.57488
0.651511
0.973262
0.640625
0.992169
0.69458
0.946289
0.683266
0.959036
0.778892
0.678897
0.728474
0.707599
0.533128
0.746541
0.5663
0.788842
0.863423
0.831199
0.848686
0.858865
0.923662
0.595627
0.964972
0.606102
0.700635
0.536191
0.676167
0.523983
0.71324
0.544157
0.709125
0.493853
0.73789
0.967449
0.775997
0.957318
0.932864
0.96939
0.582941
0.872239
0.591811
0.918016
0.709732
0.663159
0.687858
0.657586
0.930339
0.739248
0.886166
0.749845
0.635022
0.572316
0.582176
0.57798
0.760629
0.600563
0.769351
0.563777
0.746595
0.719708
0.756608
0.72492
0.507747
0.82431
0.875818
0.768791
0.814246
0.71966
0.630608
0.851862
0.60712
0.815696
0.963886
0.979474
0.885964
0.499247
0.873262
0.521099
0.931495
0.781102
0.953382
0.784016
0.798505
0.85848
0.776617
0.928456
0.519916
0.739053
0.564201
0.772508
0.923434
0.522469
0.938247
0.518364
0.612934
0.87089
0.594794
0.907225
0.769687
0.911015
0.801012
0.904229
0.553939
0.58259
0.559571
0.647911
0.670398
0.561107
0.685813
0.569248
0.963585
0.812648
0.914044
0.828723
0.494026
0.966232
0.878923
0.9608
0.856481
0.989246
0.833127
0.939094
0.824512
0.916882
0.564868
0.971507
0.632812
0.996084
0.701283
0.968932
0.51897
0.968465
0.526549
0.792865
0.56933
0.80537
0.638199
0.778348
0.604709
0.794893
0.57442
0.913934
0.542887
0.907777
0.914646
0.657543
0.948821
0.654374
0.926905
0.707642
0.911435
0.694867
0.492952
0.601233
0.840186
0.536933
0.821598
0.551804
0.806241
0.973786
0.668696
0.674549
0.670804
0.653415
0.842889
0.611199
0.847253
0.641561
0.827151
0.574474
0.82048
0.59097
0.810925
0.630616
0.800197
0.630464
0.733954
0.869294
0.761624
0.865719
0.566256
0.915622
0.586271
0.900785
0.568619
0.933782
0.567346
0.962723
0.611164
0.712225
0.606898
0.723651
0.721703
0.916928
0.738118
0.930807
0.734086
0.775655
0.730245
0.765047
0.514023
0.556865
0.658728
0.633307
0.648066
0.624912
0.614069
0.909388
0.633935
0.866134
0.623803
0.71025
0.658892
0.720542
0.995652
0.521603
0.907668
0.576857
0.934722
0.581695
0.744846
0.661749
0.778017
0.628939
0.578271
0.788882
0.563373
0.796803
0.579907
0.538356
0.599363
0.581061
0.815006
0.667615
0.812492
0.655098
0.79662
0.792515
0.844133
0.783088
0.778432
0.893486
0.76738
0.877604
0.846342
0.869862
0.804983
0.876157
0.64518
0.78618
0.64351
0.796585
0.691146
0.880245
0.641991
0.890295
0.691997
0.751834
0.705405
0.748794
0.916324
0.564073
0.875251
0.569984
0.699792
0.861489
0.716535
0.827007
0.789456
0.985777
0.904613
0.700945
0.869956
0.716805
0.496945
0.866918
0.505908
0.817452
0.787692
0.746359
0.770898
0.780871
0.819063
0.780871
0.799116
0.776664
0.829128
0.749232
0.797546
0.74224
0.602412
0.553735
0.618322
0.542609
0.584485
0.613673
0.573754
0.596872
0.794292
0.785697
0.805292
0.795962
0.81671
0.811423
0.819529
0.841372
0.773111
0.555167
0.755981
0.579934
0.609393
0.686764
0.646668
0.679158
0.642608
0.861139
0.666973
0.847054
0.690549
0.522959
0.727738
0.519521
0.880958
0.9461
0.846604
0.948725
0.53652
0.873711
0.560944
0.850655
0.549496
0.912858
0.528751
0.902075
0.619112
0.958475
0.630925
0.940984
0.662748
0.945868
0.63112
0.952885
0.755348
0.629662
0.747737
0.636358
0.540758
0.662762
0.564563
0.639112
0.57522
0.636934
0.534073
0.79802
0.544116
0.792247
0.493052
0.742269
0.489628
0.721539
0.713761
0.610268
0.721926
0.601128
0.886062
0.650293
0.881662
0.629117
0.65945
0.601744
0.627928
0.57943
0.980412
0.710763
0.994461
0.689227
0.93524
0.506559
0.973872
0.493454
0.988321
0.512557
0.78295
0.51212
0.78948
0.553001
0.917825
0.753732
0.923345
0.762158
0.851639
0.777943
0.848284
0.764564
0.743764
0.835477
0.790226
0.845011
0.973275
0.627591
0.997643
0.648366
0.664993
0.609903
0.667178
0.627135
0.906073
0.502445
0.906073
0.49409
0.977162
0.581497
0.966334
0.585031
0.926225
0.500279
0.94286
0.502117
0.978885
0.69913
0.966448
0.746686
0.97837
0.75133
0.979168
0.84918
0.704037
0.982044
0.542952
0.715239
0.567543
0.676425
0.613485
0.835305
0.596804
0.835177
0.552811
0.498735
0.523864
0.550688
0.716379
0.551757
0.711097
0.562442
0.910303
0.847197
0.913374
0.883566
0.988285
0.809531
0.989532
0.941174
0.993012
0.905375
0.506998
0.641381
0.509644
0.661723
0.71343
0.912236
0.7034
0.917183
0.714815
0.889273
0.706272
0.895218
0.527847
0.694694
0.517106
0.699982
0.603036
0.692184
0.564767
0.65593
0.786015
0.959376
0.770399
0.963824
0.785409
0.934421
0.812351
0.917341
0.825908
0.925294
0.843514
0.940518
0.742254
0.651149
0.719679
0.669897
0.627255
0.590059
0.59968
0.599675
0.883002
0.660522
0.90781
0.68585
0.685139
0.793284
0.67406
0.763914
0.794274
0.668523
0.790534
0.6477
0.840989
0.633222
0.862032
0.652185
0.638671
0.915706
0.650229
0.951974
0.543217
0.822076
0.561188
0.811031
0.837181
0.548244
0.832589
0.529017
0.748085
0.792277
0.756269
0.827619
0.719491
0.798529
0.727672
0.783671
0.741347
0.538078
0.736236
0.515578
0.832143
0.567574
0.794585
0.568901
0.531602
0.574852
0.517515
0.577103
0.769021
0.693436
0.772901
0.711115
0.942699
0.545735
0.921903
0.552358
0.792999
0.714707
0.7787
0.687692
0.902522
0.814106
0.919884
0.824139
0.873576
0.800313
0.880461
0.811179
0.917779
0.83943
0.888924
0.856309
0.650352
0.745741
0.623013
0.748444
0.678137
0.86263
0.711524
0.874699
0.633182
0.649278
0.654978
0.660531
0.58179
0.662493
0.575227
0.655027
0.972213
0.71679
0.957901
0.714636
0.890162
0.527623
0.897726
0.53323
0.759308
0.505465
0.717825
0.501887
0.523729
0.975245
0.536773
0.929931
0.986028
0.829599
0.969205
0.820253
0.935414
0.845979
0.94972
0.832633
0.94376
0.758557
0.960957
0.763708
0.85104
0.61532
0.856081
0.569814
0.946777
0.917167
0.990759
0.924641
0.950507
0.967731
0.942557
0.975558
0.964514
0.945768
0.951068
0.944906
0.995185
0.74405
0.974995
0.728212
0.753651
0.559184
0.760019
0.566414
0.546236
0.924546
0.526988
0.959057
0.55518
0.974965
0.557639
0.988635
0.508745
0.992688
0.911926
0.894992
0.946499
0.935162
0.691803
0.533821
0.691766
0.505555
0.856432
0.87313
0.858322
0.899452
0.87742
0.51304
0.867844
0.542625
0.860042
0.881675
0.87744
0.874713
0.580909
0.921945
0.578091
0.93187
0.690336
0.667633
0.680576
0.677393
0.511346
0.745544
0.921677
0.916712
0.92422
0.903586
0.667258
0.792409
0.642024
0.767802
0.643268
0.57353
0.614766
0.551599
0.511368
0.57049
0.505791
0.784101
0.516292
0.777911
0.560605
0.842814
0.569113
0.837849
0.775335
0.659294
0.755193
0.664434
0.843763
0.923516
0.834547
0.92753
0.524958
0.723574
0.516333
0.711171
0.912534
0.860671
0.921357
0.862908
0.946574
0.593496
0.958947
0.615634
0.699943
0.691641
0.6859
0.689903
0.507384
0.972088
0.784373
0.708622
0.801552
0.706543
0.846104
0.727095
0.871526
0.739073
0.578278
0.840926
0.606629
0.828521
0.725007
0.583784
0.727135
0.54844
0.67941
0.876285
0.660114
0.884298
0.767696
0.743976
0.772032
0.761885
0.897899
0.844899
0.894105
0.832245
0.903736
0.867938
0.89253
0.865873
0.975176
0.680159
0.987236
0.680682
0.59082
0.541382
0.572553
0.509791
0.488968
0.84946
0.510469
0.842071
0.53159
0.831974
0.683029
0.70795
0.680021
0.697714
0.927351
0.64358
0.917647
0.63473
0.824695
0.617528
0.848275
0.625597
0.769948
0.900875
0.738211
0.910628
0.678891
0.651884
0.675807
0.611449
0.536708
0.523637
0.552573
0.521002
0.979376
0.770625
0.982357
0.760687
0.748845
0.910589
0.76662
0.932504
0.911282
0.587763
0.890901
0.60428
0.900581
0.956317
0.913004
0.967129
0.51147
0.680097
0.54432
0.681686
0.810197
0.57598
0.823697
0.600472
0.63565
0.532636
0.629092
0.522691
0.554992
0.545473
0.561562
0.526357
0.900473
0.717691
0.921009
0.724765
0.719609
0.941704
0.748022
0.931461
0.721844
0.926853
0.716354
0.933036
0.728047
0.975484
0.742162
0.993106
0.751427
0.96909
0.833
0.696926
0.856096
0.682055
0.533806
0.593647
0.525525
0.622433
0.497873
0.633854
0.701691
0.844917
0.699366
0.872315
0.615653
0.592752
0.611648
0.600584
0.571838
0.567814
0.561809
0.538129
0.918735
0.798405
0.949751
0.776951
0.786994
0.753902
0.758111
0.742864
0.504353
0.800193
0.518557
0.80818
0.803834
0.686115
0.803207
0.675268
0.495818
0.906995
0.493996
0.92742
0.727514
0.664218
0.754472
0.681104
0.899581
0.795899
0.894518
0.80777
0.730283
0.821845
0.733776
0.833258
0.794597
0.927153
0.779096
0.917585
0.766714
0.497233
0.775171
0.496408
0.783352
0.50387
0.728571
0.498907
0.737023
0.506312
0.501717
0.516945
0.524427
0.540614
0.68537
0.802808
0.679325
0.811172
0.714912
0.628581
0.716389
0.61934
0.935283
0.887385
0.944471
0.887532
0.984363
0.900672
0.972459
0.90764
0.989468
0.855212
0.986181
0.884458
0.974351
0.916262
0.9542
0.924366
0.83625
0.777954
0.805971
0.775366
0.851907
0.717215
0.837146
0.742193
0.887865
0.988236
0.868771
0.963884
0.968848
0.95823
0.98029
0.961123
0.792078
0.614515
0.792784
0.637596
0.945461
0.645181
0.950295
0.634992
0.722466
0.715837
0.724984
0.689669
0.661381
0.681496
0.673663
0.712733
0.528137
0.613067
0.535662
0.611386
0.931234
0.876459
0.922784
0.876202
0.696255
0.609582
0.677792
0.601776
0.547703
0.67021
0.559252
0.667605
0.562673
0.686336
0.550999
0.688993
0.624414
0.692514
0.627286
0.702124
0.573352
0.700403
0.584044
0.695921
0.808303
0.727261
0.79958
0.731083
0.881615
0.993264
0.889846
0.927381
0.88317
0.954995
1.00275
0.877535
0.829694
0.554444
0.816657
0.511969
1.00296
0.540426
0.99312
0.505789
0.81165
0.493554
0.965754
0.924291
0.971499
0.93595
0.652276
0.6754
0.648764
0.665388
0.734336
0.57872
0.743653
0.585338
0.994056
0.994099
1.00447
0.988007
0.823426
0.879322
0.818495
0.851475
0.84807
0.908064
0.810296
0.909045
0.753854
0.77086
0.749879
0.75843
0.919634
0.714427
0.90855
0.711197
0.756042
0.530725
0.74607
0.530575
1.00845
0.661766
0.770656
0.673763
0.780049
0.650811
0.630697
0.972783
0.619159
0.968979
0.595919
0.967167
0.609781
0.953951
0.599059
0.956481
0.911809
0.99253
0.921495
0.973576
0.527643
0.863313
0.531186
0.851086
0.860222
0.783406
0.872402
0.778344
0.885906
0.767472
0.888844
0.758682
0.991222
0.624611
0.98024
0.62221
0.935575
0.823981
0.945958
0.825331
0.90587
0.6039
0.919124
0.62493
0.888693
0.635812
0.885453
0.62222
0.746361
0.71113
0.737478
0.706341
0.70343
0.942949
0.705344
0.932842
0.657951
0.84905
0.647992
0.835856
0.812985
0.825815
0.790515
0.83502
0.835866
0.812749
0.820164
0.81965
0.820378
0.797146
0.811582
0.793322
0.779399
0.794863
0.772569
0.809678
0.74221
0.811041
0.737868
0.800397
0.735244
0.745781
0.7386
0.756362
0.560628
0.589519
0.560362
0.553521
0.623664
0.817302
0.633022
0.801714
0.618424
0.489407
0.695312
0.996225
0.561205
0.721708
0.5492
0.742459
0.859381
0.506456
0.849881
0.500797
0.526784
0.781307
0.560057
0.781408
0.907195
0.933029
0.895705
0.935094
0.609662
0.65173
0.631907
0.65765
0.911819
0.668296
0.925047
0.655883
0.669757
0.827614
0.699852
0.810165
0.587887
0.716023
0.594921
0.725226
0.999796
0.850019
0.998249
0.827526
0.564766
0.739697
0.562769
0.754443
1.01085
0.706385
0.991656
0.67474
0.546729
0.872546
0.554249
0.881576
0.506521
0.858785
0.516818
0.86627
0.813983
0.860053
0.806343
0.86418
0.764578
0.855762
0.777256
0.855377
0.78015
0.845449
0.761216
0.835481
0.892724
0.78737
0.899103
0.761006
0.540193
0.602265
0.539634
0.584914
0.664714
0.819275
0.655075
0.820664
0.6288
0.77816
0.595137
0.76522
0.88938
0.713581
0.872795
0.703271
0.591448
0.504403
0.589967
0.494976
0.702037
0.729631
0.709988
0.735962
1.00296
0.777207
0.994226
0.762447
0.980241
0.87513
0.971576
0.873293
0.68933
0.732952
0.683873
0.742323
0.945415
0.728941
0.941151
0.740759
0.590931
0.854594
0.593058
0.865488
0.934831
0.667273
0.94518
0.66554
0.985777
0.743993
0.999648
0.753147
0.812606
0.587021
0.800743
0.590959
0.52237
0.593211
0.514111
0.586729
0.959312
0.694862
0.953753
0.705968
0.634147
0.731743
0.625318
0.727323
0.765582
0.595115
0.777003
0.594692
0.515386
0.876618
0.519801
0.884971
0.996636
0.593162
0.606688
0.975141
0.598957
0.993464
0.562386
0.563748
0.554836
0.569798
0.657969
0.953824
0.664374
0.960857
0.662862
0.993419
0.672476
0.976053
0.691524
0.97331
0.68307
0.969979
0.673519
0.901206
0.663784
0.90863
0.636886
0.89821
0.643757
0.906631
0.640326
0.935182
0.643522
0.923364
0.582704
0.882835
0.619168
0.890604
0.994965
0.537341
0.986299
0.542105
0.829249
0.820258
0.835053
0.828796
0.819501
0.531715
0.816526
0.541561
0.923953
0.544491
0.914879
0.540054
1.00411
0.586372
1.00337
0.574697
0.680049
0.559772
0.682446
0.534702
0.500963
0.573161
0.495322
0.56499
0.667006
0.756571
0.656374
0.758705
0.585144
0.510732
0.587747
0.521976
0.904938
0.648666
0.905635
0.638157
0.938582
0.775089
0.921046
0.77451
0.572574
0.722103
0.576063
0.713443
0.986823
0.917855
0.984033
0.934707
0.759609
0.689955
0.760012
0.673136
0.844105
0.556522
0.850285
0.538674
0.886376
0.57575
0.8856
0.586347
0.698012
0.774104
0.709613
0.770843
0.522713
0.932281
0.528261
0.924267
0.706105
0.68224
0.701821
0.670741
0.8299
0.769174
0.834428
0.760928
0.669384
0.493371
0.649501
0.490285
0.913184
0.608507
0.898511
0.609716
0.618972
0.924244
0.610393
0.919946
0.53221
0.684575
0.52396
0.675899
0.574585
0.771508
0.582413
0.780448
0.604042
0.783981
0.593596
0.777091
0.624705
0.796578
0.615129
0.800786
0.542814
0.638454
0.551686
0.631796
0.632161
0.541641
0.638182
0.551955
0.653398
0.558239
0.664531
0.553916
0.700199
0.563462
0.696024
0.570849
0.650809
0.600721
0.645057
0.592112
0.742842
0.863273
0.7424
0.852907
0.718354
0.837284
0.728433
0.839617
0.648071
0.518199
0.647509
0.528696
0.693735
0.822507
0.68409
0.822649
0.599795
0.534979
0.611336
0.53481
0.64169
0.64501
0.637163
0.635984
0.603793
0.63425
0.610531
0.626361
0.576798
0.903565
0.570043
0.895768
0.87603
0.679045
0.867248
0.684426
0.978198
0.838473
0.961845
0.831299
0.901676
0.727786
0.89201
0.732996
0.627365
0.89851
0.621386
0.880845
0.981545
0.973832
0.990301
0.97736
0.963999
0.733932
0.953439
0.725562
0.492467
0.66107
0.503717
0.655605
0.847674
0.710156
0.853904
0.700183
0.504781
0.534358
0.497582
0.526921
0.663103
0.801114
0.669793
0.811015
0.63972
0.627148
0.608455
0.618107
0.859758
0.949997
0.860872
0.960547
0.966829
0.546485
0.986117
0.551412
0.958046
0.491169
0.731167
0.987036
0.723381
0.993931
0.995375
0.704409
0.990341
0.712607
0.907533
0.734992
0.905668
0.754088
0.863274
0.599114
0.843294
0.60212
0.875094
0.938335
0.866041
0.939763
0.947865
0.523775
0.95257
0.532536
0.965969
0.524794
0.979643
0.536146
0.510077
0.91476
0.506602
0.924199
0.730206
0.645309
0.725223
0.620098
0.74194
0.679386
0.737133
0.668733
0.652373
0.768683
0.655403
0.779959
0.859565
0.930098
0.850191
0.932125
0.535817
0.976743
0.535817
0.988371
0.760619
0.53985
0.740391
0.554617
0.511521
0.809135
0.525347
0.815971
0.971687
0.670742
0.980587
0.644433
0.642214
0.957752
0.641744
0.967145
0.533327
0.537457
0.530514
0.52899
0.517888
0.730329
0.501628
0.739463
0.569383
0.52138
0.578855
0.528967
0.817777
0.973483
0.817212
0.993772
0.617109
0.576873
0.609316
0.583364
0.756435
0.797478
0.7536
0.809579
0.715335
0.852903
0.732383
0.849816
0.838661
0.853383
0.840575
0.844675
0.883144
0.830977
0.873577
0.837316
0.756701
0.926964
0.75729
0.916346
0.836975
0.680512
0.82554
0.669627
0.497183
0.778302
0.534779
0.764147
0.515189
0.770259
0.903052
0.554613
0.911413
0.557313
0.711501
0.651848
0.723179
0.651394
0.763679
0.60929
0.740263
0.629372
0.651224
0.649079
0.660727
0.644325
0.494885
0.802317
0.495598
0.813371
0.578551
0.806346
0.584565
0.797819
0.57857
0.628975
0.596831
0.607227
0.741957
0.736657
0.737335
0.726835
0.94749
0.612209
0.949623
0.601136
0.735363
0.568753
0.72692
0.563742
0.648548
0.550851
0.654387
0.536596
0.663889
0.510842
0.67175
0.502787
0.761584
0.895277
0.760917
0.884664
0.902434
0.987502
0.896875
0.994971
0.549598
0.76427
0.558638
0.763064
0.987496
0.604642
0.994809
0.612915
0.757827
0.995052
0.767152
0.979391
0.749989
0.988158
0.755197
0.978247
0.759171
0.96033
0.756483
0.949462
0.59305
0.944508
0.583381
0.942175
0.672852
0.580133
0.682287
0.579476
0.934383
0.957029
0.945363
0.955141
0.620027
0.659904
0.617538
0.669429
0.894683
0.541833
0.904468
0.545221
0.925439
0.939823
0.927301
0.950807
0.897576
0.68069
0.899051
0.669648
0.605024
0.76023
0.612665
0.767258
0.872335
0.845474
0.878996
0.854819
0.607809
0.893668
0.5999
0.88588
0.607809
0.986776
0.618227
0.993312
0.72109
0.592463
0.704714
0.589881
0.68654
0.599657
0.687973
0.588658
0.920771
0.986023
0.930836
0.993493
0.734996
0.491574
0.616474
0.86119
0.598803
0.847606
0.638325
0.829631
0.629893
0.834502
0.625918
0.861273
0.626022
0.846134
0.722811
0.896917
0.714268
0.902862
0.797682
0.530616
0.789566
0.526419
0.858043
0.533603
0.860533
0.522829
0.8937
0.506182
0.888477
0.512845
1.00238
0.900218
0.59913
0.936356
0.609858
0.942771
0.58824
0.988823
0.583034
0.995359
0.936563
0.721537
0.929066
0.727901
0.51893
0.516244
0.511629
0.511954
0.951649
0.68556
0.941598
0.687474
0.937359
0.55813
0.926814
0.559118
1.00157
0.936739
0.511638
0.954145
0.523294
0.951999
0.716674
0.76362
0.714851
0.753621
0.849261
0.993887
0.87321
0.988623
0.866595
0.995359
0.826539
0.679306
0.816632
0.688141
0.910428
0.950911
0.917291
0.956721
0.6806
0.620292
0.675846
0.629795
0.574916
0.740975
0.558717
0.74565
0.590992
0.733418
0.580469
0.732875
0.637325
0.504671
0.648922
0.500844
0.987958
0.867503
0.993898
0.87683
0.799356
0.575241
0.79785
0.558271
0.686024
0.760463
0.689653
0.770681
0.720835
0.733091
0.726392
0.724581
0.709741
0.85952
0.71672
0.867447
0.553822
0.929551
0.563273
0.925545
0.789851
0.915393
0.791876
0.90563
0.803583
0.927184
0.805951
0.938758
0.946126
0.793335
0.935408
0.792282
0.935684
0.813758
0.951944
0.800505
0.970427
0.772913
0.966721
0.783025
0.973057
0.637423
0.964063
0.640718
0.81825
0.900175
0.838814
0.905095
0.833827
0.891033
0.841016
0.89458
0.917122
0.572348
0.928284
0.576369
0.880789
0.721915
0.882215
0.731237
0.836995
0.730902
0.830366
0.723533
0.853511
0.736095
0.848595
0.745625
0.711629
0.788483
0.71677
0.780288
0.77655
0.740402
0.778377
0.730928
0.896153
0.653311
0.893093
0.663541
0.884191
0.546978
0.884955
0.55598
0.946552
0.748275
0.958676
0.751567
0.993862
0.569097
0.983331
0.570673
0.860888
0.609196
0.858009
0.638605
0.688158
0.626228
0.693788
0.64826
0.614755
0.516028
0.618617
0.523897
0.641767
0.692405
0.640038
0.701494
0.844543
0.516006
0.842201
0.506326
0.825552
0.51183
0.831336
0.503325
0.552316
0.864212
0.571987
0.866108
0.671627
0.987496
0.68064
0.994077
0.73751
0.900075
0.752877
0.899661
0.800468
0.985299
0.806795
0.993772
0.496059
0.945242
0.997898
0.959846
1.00429
0.954767
0.787267
0.694773
0.79729
0.694142
0.822948
0.804356
0.83302
0.805074
0.664925
0.706461
0.666851
0.696811
0.794017
0.500335
0.641346
0.880568
0.632943
0.876005
0.773754
0.947109
0.765467
0.942746
0.510734
0.614575
0.521231
0.60351
0.595443
0.570084
0.602914
0.563948
0.549132
0.783304
0.544236
0.77561
0.929484
0.829364
0.928259
0.839763
0.929578
0.798245
0.929731
0.808716
0.613223
0.779137
0.623467
0.785841
0.883956
0.703101
0.891112
0.69696
0.583041
0.822658
0.587563
0.832062
0.539936
0.705251
0.564869
0.695986
0.785552
0.87391
0.787409
0.864388
0.814409
0.882154
0.812568
0.89167
0.51852
0.986874
0.5254
0.994186
0.541667
0.994186
0.552083
0.994186
0.947917
0.993721
0.972518
0.989886
0.705151
0.990156
0.712964
0.993931
0.640625
0.984338
0.648438
0.996084
0.833636
0.985111
0.838844
0.993887
0.767152
0.989302
0.77495
0.99425
0.622782
0.76686
0.626714
0.758786
0.498819
0.765615
0.506325
0.763762
0.867058
0.643681
0.883001
0.642894
0.848483
0.649974
0.83741
0.653695
0.833346
0.631778
0.832481
0.620032
0.995966
0.771751
0.988494
0.777337
0.873194
0.881812
0.903149
0.877539
0.731569
0.603554
0.732239
0.613453
0.693722
0.955262
0.703286
0.961828
0.978307
0.994703
0.973443
0.980456
0.933143
0.933623
0.932665
0.9234
0.792723
0.491267
0.81855
0.95499
0.825202
0.962728
0.488769
0.582833
0.496847
0.582642
0.528303
0.631775
0.521959
0.658197
0.560065
0.90794
0.561473
0.898454
0.633233
0.740559
0.640884
0.747457
0.662696
0.534388
0.66799
0.54432
0.577711
0.951448
0.578305
0.96173
0.572617
0.995359
0.567756
0.989808
0.71297
0.957826
0.712256
0.947921
0.796911
0.59905
0.802229
0.607855
0.81076
0.61022
0.820523
0.606979
0.78502
0.629526
0.792433
0.622394
0.812501
0.522609
0.79145
0.517056
0.659596
0.93146
0.654209
0.922699
0.807892
0.749058
0.806064
0.758533
0.561888
0.9503
0.552822
0.943673
0.539702
0.646922
0.547112
0.652139
0.858715
0.558392
0.851779
0.551964
0.544521
0.948649
0.540346
0.957982
0.94683
0.809736
0.952464
0.816392
0.893303
0.593223
0.903515
0.593522
0.711758
0.704318
0.712156
0.714298
0.552065
0.613568
0.544217
0.61836
0.672542
0.774795
0.680405
0.778554
0.545257
0.895521
0.553274
0.891116
0.853831
0.596159
0.852517
0.588017
0.965393
0.838923
0.955143
0.846752
0.741235
0.618437
0.750434
0.617531
0.541088
0.812416
0.533208
0.81033
0.970871
0.505315
0.950561
0.506342
0.654022
0.865511
0.653752
0.875069
0.579646
0.851028
0.570819
0.855792
0.61694
0.610299
0.630353
0.621169
0.628089
0.612613
0.635759
0.606148
0.74263
0.696786
0.766115
0.70301
0.750218
0.868036
0.746983
0.894145
0.521305
0.760998
0.52897
0.757804
0.591759
0.549241
0.580447
0.553832
0.748956
0.943717
0.730952
0.957686
0.622277
0.560572
0.631854
0.561896
0.980957
0.661094
0.988867
0.664568
0.492323
0.888334
0.564155
0.869851
0.56471
0.879866
0.816492
0.569892
0.813387
0.560352
0.843779
0.584408
0.833509
0.59878
0.835307
0.58921
0.828731
0.584511
0.550273
0.855332
0.542206
0.849371
0.96203
0.577086
0.953342
0.582062
0.822375
0.945139
0.816115
0.937327
0.755609
0.704485
0.752521
0.696653
0.531876
0.703831
0.524109
0.713412
0.931481
0.856263
0.937548
0.864179
0.511201
0.898924
0.519765
0.903887
0.749312
0.646455
0.764339
0.658282
0.580688
0.64483
0.591118
0.655181
0.493576
0.54837
0.501872
0.542915
0.736868
0.947839
0.730635
0.940511
0.73244
0.915892
0.732581
0.925817
0.82825
0.49501
0.850344
0.916098
0.860678
0.920058
0.549951
0.806171
0.552114
0.798312
0.684925
0.55132
0.694866
0.55341
0.555268
0.703466
0.547956
0.698314
1.00505
0.509591
1.00567
0.519461
0.629852
0.499412
0.620517
0.504751
0.62993
0.718111
0.643532
0.72374
0.65566
0.736709
0.652691
0.72593
0.683113
0.724919
0.673602
0.722397
0.646741
0.707779
0.656359
0.709861
0.623729
0.907632
0.628164
0.916406
0.926842
0.490475
0.942626
0.489808
0.730977
0.555219
0.74382
0.562469
0.578277
0.747971
0.572179
0.755487
0.587801
0.760176
0.578432
0.763108
0.703594
0.719817
0.696593
0.712965
0.744366
0.520932
0.754339
0.521082
0.507569
0.728985
0.502262
0.721931
0.739615
0.818988
0.747652
0.828045
0.747185
0.494894
0.747713
0.502817
0.536058
0.939911
0.528188
0.942187
0.632242
0.811775
0.639784
0.817936
0.510829
0.499464
0.913929
0.808567
0.920021
0.813714
0.502666
0.615187
0.848162
0.692443
0.838487
0.691403
0.819858
0.704448
0.821582
0.694871
0.927949
0.697978
0.938085
0.69564
0.923157
0.68195
0.92155
0.693327
0.98974
0.642722
0.994407
0.632716
0.873959
0.640242
0.873177
0.631032
0.761051
0.650904
0.77013
0.644898
0.776833
0.666072
0.785069
0.671206
0.794281
0.888344
0.802135
0.894038
0.701228
0.926636
0.685062
0.92404
0.682027
0.516282
0.68088
0.50665
0.828122
0.85636
0.82164
0.869198
0.868835
0.505007
0.872156
0.497877
0.548217
0.732825
0.55895
0.731202
0.570681
0.542541
0.570283
0.550158
0.579979
0.56126
0.586663
0.568254
0.766541
0.753933
0.756957
0.752822
0.822185
0.725866
0.816243
0.733468
0.936745
0.641046
0.935628
0.629304
0.696483
0.839608
0.700635
0.830669
0.709206
0.811765
0.717817
0.807418
0.861199
0.847563
0.860005
0.855461
0.975838
0.522758
0.98289
0.52828
0.585324
0.58829
0.580797
0.597995
0.586356
0.606798
0.558779
0.631933
0.781668
0.778794
0.793231
0.768265
1.00189
0.677664
1.00403
0.687043
0.8928
0.880805
0.886688
0.874233
0.852551
0.804454
0.853897
0.815053
0.852775
0.834053
0.845541
0.827717
0.687806
0.638709
0.680552
0.640216
1.00089
0.809781
0.846693
0.574788
0.841653
0.567923
0.811723
0.783431
0.825091
0.788563
0.4968
0.708382
0.652649
0.893587
0.653479
0.903112
1.00366
0.709176
0.998621
0.717373
0.798192
0.538476
0.806383
0.543389
0.7699
0.543335
0.777849
0.53804
0.499382
0.830878
0.490201
0.828264
0.599725
0.493443
0.605452
0.516924
0.911116
0.618512
0.901585
0.618662
0.695414
0.786042
0.701875
0.790977
0.56317
0.612875
0.567133
0.604097
0.712994
0.586402
0.716911
0.577723
0.622951
0.642069
0.626182
0.634799
0.503389
0.596759
0.503847
0.589598
0.785903
0.770305
0.780743
0.761063
0.764645
0.586014
0.781272
0.558804
0.96296
0.995183
0.957752
0.988904
0.545793
0.52807
0.542743
0.537028
0.731208
0.87904
0.73654
0.884029
0.650636
0.567179
0.658099
0.572989
0.648133
0.583584
0.656696
0.583397
0.501089
0.884751
0.502956
0.876422
0.609698
0.851401
0.614554
0.845755
0.515886
0.533535
0.520414
0.526378
0.856746
0.979859
0.868267
0.979236
0.901781
0.744566
0.892538
0.742649
0.726773
0.530507
0.731726
0.538831
0.746171
0.547086
0.75547
0.548708
0.600116
0.669758
0.607285
0.673716
0.98485
0.733629
0.994258
0.733686
0.805919
0.958376
0.801035
0.966417
0.783908
0.975166
0.77461
0.973728
0.839953
0.791744
0.832071
0.786611
0.811131
0.766243
0.819693
0.770139
0.649842
0.981672
0.65505
0.989503
0.62604
0.989396
0.631248
0.981565
0.830475
0.908732
0.826268
0.900321
1.00283
0.926353
0.784446
0.567985
0.777755
0.572196
0.887865
0.975764
0.897226
0.97503
0.713034
0.521334
0.717779
0.513235
0.829484
0.866433
0.83768
0.874453
0.542867
0.747859
0.543622
0.757213
0.552096
0.837137
0.544367
0.839017
0.525971
0.841714
0.517146
0.838525
0.524864
0.824547
0.516817
0.827201
0.49676
0.845245
0.501775
0.837315
0.665098
0.833269
0.655178
0.830044
0.90728
0.519817
0.915281
0.514921
0.921859
0.74324
0.915453
0.734021
0.659858
0.69074
0.650044
0.689218
0.803507
0.820112
0.806214
0.811151
0.800224
0.51446
0.804543
0.522764
0.730987
0.629082
0.725335
0.63513
0.989533
0.497963
0.746166
0.883767
0.751394
0.87867
0.60173
0.507609
0.605767
0.501477
0.945602
0.907122
0.934033
0.900229
0.535916
0.566714
0.531824
0.556649
0.786122
0.803319
0.782857
0.812061
0.771759
0.798451
0.765764
0.791452
0.488086
0.86235
1.00129
0.789089
0.992007
0.788362
0.572236
0.980535
0.582304
0.97955
0.757272
0.845358
0.748437
0.844927
0.759623
0.817099
0.768005
0.81681
0.632936
0.488913
0.672058
0.947478
0.67427
0.956316
0.865498
0.863416
0.873354
0.864863
0.787315
0.818694
0.796546
0.822359
0.9765
0.554054
0.975372
0.562588
0.902268
0.771911
0.894439
0.77602
0.962236
0.901151
0.96698
0.893199
0.881577
0.604912
0.878151
0.613497
0.623712
0.675841
0.632855
0.677258
0.638165
0.673205
0.63927
0.664019
0.769443
0.636867
0.763167
0.630079
0.753643
0.610347
0.750593
0.60162
0.694935
0.855361
0.685699
0.855067
0.669563
0.85776
0.66054
0.859756
0.679601
0.830831
0.680459
0.840032
0.535907
0.632322
0.544779
0.625664
0.881081
0.969776
0.870929
0.97286
0.508628
0.792016
0.518894
0.797384
0.565875
0.620861
0.57501
0.620081
0.801896
0.804508
0.793223
0.801062
0.897023
0.623939
0.897775
0.633104
0.725497
0.855958
0.726625
0.86507
0.600313
0.615943
0.591992
0.619792
0.589527
0.626959
0.5948
0.634459
0.891195
0.943555
0.893407
0.952449
0.879472
0.928076
0.879187
0.918916
0.929728
0.613105
0.940025
0.616106
0.777088
0.580914
0.783
0.586163
0.534169
0.910371
0.527484
0.916616
0.697151
0.517034
0.705241
0.524376
0.797273
0.832844
0.803041
0.840885
1.00786
0.611517
0.648537
0.941305
0.65712
0.938248
0.686351
0.940113
0.677341
0.941459
0.502368
0.984682
0.493623
0.986499
0.83415
0.963591
0.841341
0.958013
0.532041
0.729286
0.529267
0.740061
0.65076
0.615133
0.645993
0.607926
0.977133
0.652352
0.966058
0.649587
0.717951
0.972077
0.709541
0.975518
0.688453
0.990302
0.692547
0.98219
0.957652
0.500238
0.963317
0.507335
0.96979
0.537884
0.963167
0.532055
0.95256
0.516196
0.960067
0.517696
0.893101
0.901995
0.902162
0.901756
0.521691
0.641163
0.514854
0.635215
0.856941
0.630112
0.865208
0.625978
