0.957463
0.469607
0.798664
0.43643
0.931363
0.475106
0.86778
0.447467
0.913572
0.460948
0.857078
0.459908
0.977398
0.472761
0.76566
0.346864
0.949885
0.473297
0.949081
0.407376
0.905043
0.106433
0.876562
0.449496
0.950721
0.484965
0.914815
0.330317
0.957581
0.459161
0.884049
0.280369
0.982872
0.42762
0.995859
0.305154
0.960844
0.189349
0.997363
0.40475
0.874726
0.22215
0.955522
0.352488
0.998622
0.393137
0.94252
0.426607
1.01139
0.407306
0.996326
0.491531
0.936082
0.431933
0.989024
0.405275
0.997492
0.434872
0.98718
0.419564
0.865
0.4595
0.548238
0.108638
0.825794
0.236952
0.532124
0.358846
0.979011
0.353047
0.989346
0.345158
0.492682
0.407788
0.695917
0.256416
0.523035
0.35711
0.812535
0.475091
0.716407
0.215239
0.628995
0.103195
0.687077
0.0466815
0.649754
0.114888
0.571341
0.437463
0.639498
0.474293
0.499041
0.440999
0.948379
0.120748
0.757072
0.158935
0.991478
0.151142
0.95472
0.180394
0.984801
0.0546922
0.693465
0.354905
0.799448
0.309318
0.640989
0.483612
0.810865
0.503653
0.637994
0.122058
0.943514
0.367867
0.770068
0.191772
0.522107
0.216346
0.649241
0.358829
0.815877
0.239632
0.811396
0.173661
0.949224
0.0819259
0.858278
0.342317
0.742003
0.238401
0.807843
0.209572
0.77368
0.167733
0.509623
0.388753
0.503396
0.170642
0.599692
0.0985609
0.505689
0.347397
0.583929
0.214387
0.490212
0.172588
0.920064
0.400843
0.905671
0.416886
0.902404
0.291855
0.829993
0.321969
0.918604
0.152585
0.836362
0.10472
0.998581
0.0713299
1.00886
0.165053
0.6678
0.279052
0.626722
0.33001
0.56854
0.206043
0.507682
0.225289
0.978709
0.3659
0.667964
0.453574
0.707155
0.386389
0.709094
0.0347325
0.845398
0.0515294
0.95395
0.264112
0.96168
0.147565
0.72462
0.200258
0.724277
0.179263
0.962264
0.0226048
0.742687
0.447199
0.905736
0.368112
0.937525
0.413327
0.703388
0.29965
0.693582
0.318922
0.99204
0.274993
0.831204
0.112641
0.913577
0.102622
0.549118
0.48736
0.922885
0.370757
0.896414
0.357632
0.534452
0.075193
0.864368
0.0377723
0.923986
0.0653078
0.729682
0.0703538
0.693761
0.474744
0.707226
0.428576
0.653557
0.139479
0.601201
0.130204
0.566869
0.407102
0.608082
0.392692
0.500499
0.14071
0.556257
0.0764187
0.68205
0.379806
0.66928
0.355046
0.845899
0.173799
0.916564
0.130752
0.514859
0.373847
0.876096
0.479111
0.866249
0.481264
0.587757
0.25866
0.516699
0.201155
0.884238
0.223185
0.867796
0.160735
0.525232
0.0663244
0.652402
0.223143
0.638817
0.217031
0.718847
0.223828
0.689526
0.130171
0.810423
0.061223
0.755782
0.105952
0.583109
0.131911
0.553979
0.135408
0.801788
0.463094
0.775111
0.433565
0.810338
0.0469704
0.888577
0.0683364
0.974745
0.265053
0.966022
0.260469
0.951763
0.430455
0.955943
0.419859
0.791586
0.406388
0.770767
0.329332
0.864534
0.0827794
0.863491
0.0593659
0.569759
0.224143
0.573773
0.215336
0.694405
0.143218
0.640157
0.156731
0.595876
0.111083
0.728778
0.09143
0.695282
0.0340259
0.55802
0.471611
0.553323
0.424042
0.765693
0.265916
0.811429
0.255955
0.698751
0.246545
0.762643
0.182376
0.719921
0.268812
0.67441
0.288769
0.886893
0.299303
0.909703
0.301059
0.766053
0.0753807
0.557707
0.371295
0.564257
0.428189
0.575803
0.37517
0.613489
0.4307
0.977375
0.15133
0.60642
0.441871
0.660347
0.432367
0.89308
0.428994
0.838637
0.396662
0.627954
0.0357627
0.594784
0.0769571
0.671927
0.0730243
0.613108
0.0624732
0.77974
0.409014
0.821509
0.404791
0.721572
0.417248
0.762197
0.385147
0.734347
0.0287356
0.709014
0.057504
0.631486
0.221825
0.631432
0.200822
0.607073
0.282541
0.570557
0.324034
0.524106
0.0331171
0.978774
0.0630867
0.966844
0.083273
0.753076
0.459955
0.567412
0.183887
0.977536
0.22479
0.990576
0.26343
0.582686
0.285439
0.585131
0.297141
0.848958
0.0105074
0.593892
0.473773
0.509313
0.136887
0.773492
0.101752
0.75844
0.096912
0.658091
0.419704
0.68986
0.372349
0.833488
0.276641
0.77297
0.251446
0.878612
0.154919
0.901861
0.0820076
0.630231
0.474798
0.731878
0.303362
0.738049
0.328518
0.888268
0.270019
0.883558
0.252792
0.88418
0.443426
0.89142
0.420164
0.847287
0.344472
0.848117
0.362763
0.88991
0.291128
0.860564
0.260714
0.528641
0.507383
0.547472
0.509095
0.978952
0.0279233
0.879205
0.236872
0.857878
0.155092
0.902905
0.310211
0.933318
0.362804
0.616017
0.231644
0.592021
0.222423
0.918173
0.199718
0.909764
0.217468
0.973574
0.168151
0.960223
0.156666
0.512449
0.482258
0.516469
0.492911
0.526979
0.49654
0.515089
0.277079
1.00573
0.386692
0.521451
0.468832
0.795721
0.164979
0.826604
0.139999
0.783305
0.426871
0.776352
0.418534
0.516553
0.0236778
0.643343
0.27212
0.616546
0.328502
0.690046
0.439964
0.695901
0.496765
0.723211
0.452718
0.733412
0.483468
0.657127
0.279538
0.67309
0.26689
0.608119
0.363701
0.60249
0.356476
0.497816
0.225312
0.89279
0.493065
0.850845
0.491034
0.785961
0.00486702
0.791819
0.0592096
0.783895
0.099695
0.754399
0.0746178
0.720073
0.370986
0.699736
0.404947
0.502759
0.481332
0.492594
0.498017
0.56685
0.499484
0.61525
0.499516
0.689133
0.226292
0.67123
0.193315
0.707503
0.168082
0.74248
0.170589
0.754427
0.22551
0.810695
0.247739
0.751901
0.440316
0.738755
0.467374
0.749661
0.34575
0.772577
0.31739
0.723815
0.0106673
0.957176
0.318089
0.949752
0.310635
0.941841
0.0967791
0.938339
0.119821
0.863428
0.37944
0.844687
0.417465
0.584607
0.0672061
0.54751
0.127534
0.677532
0.150504
0.662901
0.0925768
0.916207
0.281811
0.939652
0.256027
0.709125
0.493853
0.600338
0.336608
0.617058
0.296977
0.591711
0.0892172
0.585941
0.113426
0.847026
0.287125
0.81975
0.262718
0.770807
0.461376
0.764962
0.470593
0.953894
0.0296243
0.813089
0.272497
0.786829
0.297108
0.751832
0.297721
0.720941
0.301334
0.886863
0.124057
0.856241
0.141077
0.849057
0.116137
0.817074
0.157459
0.807008
0.103583
0.802617
0.0657541
0.841472
0.356293
0.862597
0.32494
0.962824
0.381249
0.951753
0.387623
0.707971
0.106749
0.710546
0.0682647
0.885964
0.499247
0.935623
0.484446
0.925483
0.442832
0.899829
0.0466919
0.908832
0.20628
0.902577
0.221952
0.508535
0.436339
0.540861
0.409593
0.967133
0.346811
0.941182
0.312548
0.697509
0.223778
0.709104
0.230077
0.95601
0.198316
0.768659
0.234488
0.788764
0.206396
0.753123
0.415939
0.715024
0.355697
0.618124
0.0272437
0.625708
0.0447179
0.757314
0.352048
0.738582
0.35798
0.803216
0.040549
0.838542
0.0105074
0.535125
0.0137513
0.560464
0.0150645
0.784965
0.023432
0.636905
0.0189545
0.869941
0.0105955
0.894252
0.34146
0.892589
0.309182
0.621176
0.185887
0.628563
0.145453
0.597093
0.168986
0.555
0.186132
0.494355
0.309102
0.513613
0.341359
0.627243
0.347837
0.629472
0.375912
0.552125
0.388523
0.56033
0.383587
0.523779
0.379348
0.542759
0.341094
0.904649
0.174218
0.899569
0.200225
0.863665
0.489564
0.831199
0.477326
0.742744
0.348329
0.721996
0.360002
0.984868
0.212695
0.98201
0.136613
0.952303
0.061297
0.55628
0.171612
0.55512
0.162983
0.845171
0.105468
0.820566
0.111983
0.883215
0.143985
0.898296
0.101908
0.598432
0.421633
0.558901
0.479532
0.508799
0.42441
0.501847
0.422248
0.603319
0.487426
0.575831
0.476332
0.613832
0.106343
0.602228
0.120048
0.513128
0.234591
0.523796
0.24925
0.554484
0.249176
0.544168
0.249468
0.651982
0.0224562
0.670765
0.0544633
0.628325
0.39507
0.630674
0.415106
0.996806
0.243648
1.0072
0.207172
0.812605
0.389739
0.85616
0.397727
1.00243
0.0626264
0.985326
0.071831
0.969646
0.0311213
0.589515
0.205301
0.591278
0.189296
0.612984
0.222249
0.575662
0.232258
0.529876
0.257425
0.553984
0.232267
0.512518
0.124961
0.525739
0.140033
1.01061
0.476675
0.838141
0.316561
0.793983
0.372031
0.630134
0.457729
0.652805
0.434906
0.641789
0.412286
0.639723
0.395024
0.685359
0.348223
0.651192
0.320608
0.614606
0.176797
0.621908
0.151727
0.588615
0.17109
0.612293
0.14713
0.924665
0.379972
0.922666
0.4175
0.934773
0.24561
0.946908
0.226635
0.541723
0.298358
0.545764
0.266097
0.99954
0.0487631
1.00603
0.328171
1.00556
0.308663
0.825279
0.129246
0.816544
0.122328
0.8763
0.277962
0.833813
0.243347
0.523103
0.23267
0.527254
0.223697
0.944914
0.181649
0.924925
0.160934
0.684995
0.289002
0.650559
0.251772
0.932311
0.266052
0.95963
0.293567
0.667414
0.0303767
0.701892
0.43755
0.676037
0.458934
0.984806
0.481351
0.973872
0.493454
0.775662
0.260576
0.792783
0.258386
0.681324
0.178815
0.657398
0.156425
0.535117
0.142691
0.539089
0.131109
0.850753
0.0969776
0.820828
0.0694802
0.874469
0.392676
0.865893
0.39037
0.911441
0.412234
0.92607
0.425619
0.915001
0.0225686
0.878284
0.0694891
0.893954
0.0601037
0.984403
0.179718
1.00162
0.18767
0.700227
0.102228
0.744646
0.131587
0.550586
0.301409
0.524174
0.295852
0.843517
0.219903
0.839235
0.186031
0.659851
0.383617
0.642556
0.365127
0.660451
0.214479
0.67852
0.224262
0.943024
0.0771892
0.936101
0.109595
0.76058
0.139851
0.784985
0.131311
0.789597
0.305535
0.766959
0.276195
0.666625
0.255956
0.66903
0.242942
0.507539
0.116744
0.493399
0.0985513
0.970627
0.299402
0.572932
0.0359943
0.58219
0.0344446
0.565211
0.29318
0.571831
0.283062
0.906073
0.502445
0.906073
0.49409
0.973972
0.429937
0.989292
0.436749
0.976376
0.407986
0.984038
0.410974
0.926225
0.500279
0.94286
0.502117
0.561622
0.0286251
0.53866
0.025703
0.830353
0.362829
0.808478
0.333971
0.565044
0.0680561
0.559955
0.0573751
0.624936
0.450145
0.608915
0.458193
0.89546
0.0913931
0.862934
0.100087
0.88478
0.36026
0.903227
0.380595
0.932205
0.230165
0.915712
0.247491
0.972897
0.134438
0.552811
0.498735
0.615146
0.276803
0.615604
0.245673
0.680424
0.00539608
0.675962
0.0229199
0.86428
0.13294
0.877967
0.135222
0.867591
0.0463921
0.892436
0.0511519
0.691458
0.109377
0.660205
0.133033
0.632591
0.165552
0.609825
0.136457
0.531057
0.455909
0.533988
0.418228
0.525742
0.434871
0.517673
0.441116
0.796722
0.352446
0.798289
0.339521
0.715274
0.282476
0.747603
0.259798
0.848322
0.230015
0.843112
0.2399
0.648541
0.044548
0.676689
0.045959
0.699976
0.0725458
0.680553
0.0727388
0.567669
0.173963
0.575288
0.15724
0.724003
0.106416
0.71397
0.125119
0.735228
0.0817826
0.717617
0.0737388
0.807326
0.306136
0.806031
0.293828
0.51383
0.251685
0.498917
0.269471
0.541904
0.34992
0.56581
0.368729
0.521696
0.344415
0.531639
0.337324
0.857816
0.28257
0.867373
0.266633
0.821566
0.34159
0.820789
0.356056
1.00206
0.0144262
1.00344
0.0287481
0.700288
0.262992
0.711759
0.259614
0.669309
0.440731
0.679882
0.434321
0.713082
0.135529
0.719924
0.142244
0.532502
0.464109
0.540407
0.482271
0.578932
0.457259
0.613155
0.45051
0.689017
0.200805
0.698341
0.169691
0.76451
0.169712
0.791325
0.176224
0.587193
0.00600548
0.585157
0.025788
0.673315
0.215266
0.679053
0.20172
0.74185
0.477002
0.744831
0.458526
0.733536
0.185524
0.748369
0.160733
0.735478
0.193588
0.743849
0.211717
0.605336
0.372497
0.615569
0.346069
0.946359
0.199214
0.938131
0.238178
0.905558
0.283919
0.916458
0.271459
0.931468
0.353164
0.913492
0.365272
0.734445
0.0398238
0.770108
0.0304337
0.784287
0.0655489
0.792502
0.0482571
0.755148
0.0126594
0.76727
0.310583
0.769404
0.299346
0.889198
0.161153
0.899289
0.190749
0.645527
0.29117
0.654022
0.288161
0.672838
0.417526
0.690627
0.420148
0.759308
0.505465
0.717825
0.501887
0.843353
0.448899
0.850809
0.449221
0.976169
0.217763
0.971856
0.233482
0.792538
0.156156
0.797995
0.145158
0.891736
0.381003
0.882611
0.371148
0.793832
0.427319
0.823564
0.448813
0.82494
0.460027
0.834397
0.464529
0.606392
0.0733909
0.615897
0.0823835
0.691766
0.505555
0.818107
0.310873
0.876645
0.299929
0.948323
0.0924355
0.960455
0.0937146
0.754104
0.381879
0.75348
0.406158
0.730807
0.444674
0.718359
0.429162
0.773632
0.399377
0.763254
0.398378
0.630457
0.286461
0.62491
0.27786
0.725025
0.0224714
0.732649
0.0600763
0.661483
0.32338
0.666513
0.335128
0.725918
0.0486528
0.714954
0.0480987
0.730275
0.224945
0.749655
0.235435
0.978105
0.100841
1.00451
0.120937
0.951945
0.138916
0.941046
0.144366
0.506586
0.03897
0.537281
0.0528593
0.605685
0.0302463
0.71616
0.406136
0.730611
0.41517
0.609883
0.237975
0.601109
0.242382
0.803195
0.192218
0.813166
0.197354
0.945876
0.0239883
0.942839
0.00511235
0.752632
0.217132
0.758851
0.207046
0.828663
0.211336
0.834048
0.220357
0.526329
0.264517
0.508502
0.245361
0.732464
0.233358
0.726436
0.243134
0.866905
0.181093
0.871178
0.172895
0.552992
0.0931962
0.558796
0.0868098
0.811472
0.086649
0.83931
0.0818532
0.683887
0.105488
0.681038
0.0945964
0.744732
0.0117887
0.743494
0.0234025
0.551498
0.413318
0.520167
0.389162
0.819634
0.0429052
0.817666
0.010489
0.870389
0.0266662
0.853652
0.0375358
0.838567
0.0699844
0.847574
0.0421784
0.948159
0.237295
0.948674
0.256654
0.905561
0.0218054
0.883294
0.0430064
0.817582
0.0209898
0.786208
0.0429825
0.868809
0.409864
0.866027
0.42691
0.550498
0.354412
0.57537
0.334245
0.608977
0.31998
0.610196
0.337923
0.572553
0.509791
0.976941
0.290734
0.934004
0.277333
0.802325
0.454454
0.793181
0.447396
0.759787
0.292982
0.756993
0.281714
0.939906
0.404693
0.933514
0.39534
0.784648
0.372228
0.813786
0.375095
0.828869
0.395495
0.808072
0.379547
0.991751
0.38925
0.597691
0.275886
0.596892
0.263333
0.749508
0.0930405
0.746344
0.0834812
0.767018
0.0947269
0.808283
0.126923
0.979525
0.048641
0.995201
0.054733
1.00077
0.0880148
0.994132
0.0950938
0.912579
0.442213
0.891986
0.449252
0.998493
0.36887
1.00084
0.347588
0.657769
0.456781
0.687861
0.486178
0.568589
0.482205
0.572845
0.490782
0.857936
0.310695
0.867163
0.314886
0.501547
0.461673
0.920994
0.0448648
0.93996
0.0451346
0.652494
0.203057
0.693816
0.180374
0.868667
0.0938979
0.881471
0.114214
0.956295
0.329222
0.939107
0.330035
0.668684
0.375822
0.662473
0.363943
0.680307
0.409832
0.678837
0.399589
1.00776
0.144524
0.638989
0.174077
0.638642
0.205798
0.837038
0.179233
0.826674
0.180012
0.670841
0.136723
0.678303
0.129172
0.896104
0.47907
0.887584
0.484603
0.665114
0.303613
0.671798
0.299297
0.558722
0.313486
0.565877
0.303694
0.601359
0.301029
0.608063
0.292483
0.766714
0.497233
0.780472
0.46059
0.881114
0.203227
0.872834
0.206871
0.775171
0.496408
0.783352
0.50387
0.728571
0.498907
0.559275
0.40622
0.574362
0.399693
0.976229
0.178783
0.971241
0.188541
0.948392
0.165307
0.932435
0.161364
0.912664
0.121652
0.902929
0.136907
0.913083
0.138301
0.920737
0.145118
0.656012
0.0122145
0.647871
0.0057881
0.965215
0.370932
0.953905
0.363756
0.846489
0.163798
0.837133
0.157788
0.85339
0.438033
0.862439
0.436687
0.680162
0.307409
0.682401
0.323262
0.705735
0.34228
0.71497
0.343119
0.748696
0.326252
0.72171
0.323137
0.621288
0.0993715
0.637767
0.0991939
0.602479
0.218187
0.600535
0.206868
0.594267
0.44254
0.583074
0.405604
0.496567
0.473268
0.758891
0.362228
0.736133
0.378278
0.676485
0.46839
0.688688
0.467197
0.676335
0.485695
0.670032
0.475454
0.968077
0.317067
0.98507
0.331593
0.564144
0.344125
0.532773
0.329133
0.817097
0.421526
0.798726
0.416355
0.933063
0.0498001
0.949466
0.0507399
0.99312
0.505789
0.81165
0.493554
0.818946
0.490497
0.5784
0.166178
0.593364
0.134674
0.742416
0.398553
0.744097
0.387505
0.814152
0.290343
0.816947
0.280195
0.93323
0.337002
0.938701
0.347417
0.518142
0.154891
0.513575
0.307119
0.524098
0.315244
0.903889
0.254661
0.887658
0.232446
0.775571
0.219978
0.793857
0.221901
0.64841
0.078709
0.625561
0.0764407
0.685936
0.339962
0.677885
0.333909
0.733047
0.132004
0.727159
0.142218
0.771485
0.0829743
0.805754
0.0955811
0.515883
0.191269
0.524842
0.169754
0.613853
0.0462051
0.60366
0.0402525
0.590522
0.385971
0.600412
0.411807
0.944725
0.206861
0.941387
0.191501
0.938481
0.168162
0.934798
0.191132
0.91954
0.169114
0.923537
0.179091
0.618424
0.489407
0.612534
0.485351
0.521467
0.477421
0.531285
0.485871
0.514101
0.364538
0.504838
0.357881
0.849881
0.500797
0.551544
0.11716
0.556443
0.102545
0.986049
0.381826
0.988485
0.372299
0.767843
0.119456
0.771272
0.130683
0.524268
0.160092
0.518884
0.14436
0.641348
0.0726724
0.633693
0.0799244
0.521567
0.0452828
0.507812
0.00569157
0.516896
0.01215
0.524708
0.00645843
0.99231
0.324136
0.987932
0.312129
0.626472
0.296404
0.657262
0.298072
0.58357
0.358926
0.592659
0.35211
0.512253
0.0970842
0.502329
0.0938698
0.499586
0.0756552
0.92035
0.43171
0.913405
0.432393
0.713719
0.0853216
0.702668
0.0911296
0.968318
0.252837
0.988373
0.228386
0.496642
0.360465
0.496715
0.117732
0.515886
0.105669
0.528333
0.107842
0.951077
0.297401
0.974845
0.309081
0.591448
0.504403
0.589967
0.494976
0.868175
0.112361
0.85988
0.119921
0.966965
0.476512
0.992889
0.481555
0.82796
0.0522327
0.829069
0.0645551
0.513078
0.0475573
0.527358
0.0552684
0.49882
0.0415631
0.500134
0.0102635
0.533193
0.0335409
0.540576
0.0432975
0.979695
0.0818393
0.985126
0.0931102
0.593562
0.404002
0.597283
0.394153
0.632916
0.442453
0.651572
0.446476
0.671908
0.184024
0.660683
0.181088
0.961963
0.401727
0.953397
0.399111
0.993719
0.294368
1.00224
0.287822
1.0005
0.278876
0.954813
0.127448
0.967578
0.126138
0.642695
0.339598
0.632046
0.341199
0.649142
0.345938
0.661381
0.344
0.999358
0.473852
0.979252
0.463047
0.964532
0.0118565
0.991413
0.00755033
0.803346
0.271279
0.795385
0.288584
0.855909
0.0774622
0.847861
0.0854717
0.934078
0.442861
0.940873
0.452962
0.640091
0.00994614
0.632845
0.00415804
0.576506
0.104443
0.57846
0.092757
0.781932
0.178489
0.780188
0.189864
0.743005
0.0466216
0.741767
0.0582354
0.703819
0.473778
0.709717
0.465248
0.819757
0.429773
0.829557
0.437141
0.847151
0.392408
0.849446
0.3809
0.921313
0.458463
0.920571
0.449592
0.917305
0.320352
0.906913
0.31841
0.935997
0.320357
0.925106
0.316412
0.708322
0.240203
0.716959
0.246695
0.995523
0.106318
0.545358
0.0710361
0.546061
0.0597584
0.637419
0.132041
0.645513
0.139105
0.796158
0.212747
0.790478
0.198084
0.710362
0.448337
0.705155
0.455655
0.807677
0.164899
0.802298
0.181732
0.891997
0.464666
0.898182
0.470977
0.87445
0.351849
0.867935
0.371364
0.763441
0.148714
0.779891
0.156646
0.669384
0.493371
0.649501
0.490285
0.59761
0.0119061
0.59761
0.023917
0.496786
0.247136
0.499528
0.200695
0.664338
0.413928
0.665846
0.394728
0.508184
0.285708
0.829379
0.0901422
0.820395
0.0831984
0.658815
0.401373
0.646834
0.401583
0.833684
0.202744
0.852545
0.211247
0.655577
0.258982
0.629634
0.231159
0.872457
0.230832
0.876753
0.246604
0.896747
0.14383
0.899612
0.154187
0.575981
0.140037
0.579781
0.124523
0.503637
0.311677
0.504944
0.324937
0.731997
0.319977
0.736824
0.311214
0.914142
0.0837941
0.923356
0.076369
0.822797
0.0293254
0.833298
0.0293018
0.661432
0.0520067
0.624504
0.0646841
0.91967
0.347829
0.921128
0.336259
0.726811
0.378596
0.720018
0.388197
0.697728
0.394833
0.686209
0.392461
0.986248
0.445374
0.968937
0.456351
0.966712
0.486405
0.958046
0.491169
0.859892
0.361186
0.864237
0.352559
0.842178
0.374401
0.830455
0.374911
0.798875
0.318798
0.773451
0.350886
0.989757
0.456057
0.998617
0.461021
0.842294
0.278049
0.846275
0.267575
0.549104
0.364718
0.53896
0.368347
0.695853
0.305611
0.687108
0.3005
0.780959
0.336774
0.788177
0.33176
0.752338
0.0478049
0.774675
0.0481749
0.795824
0.0902966
0.786898
0.0915394
0.583536
0.425283
0.581103
0.435574
0.567284
0.140003
0.563398
0.156396
0.638031
0.0336696
0.640656
0.0250381
0.649832
0.240684
0.657254
0.23488
0.690154
0.161734
0.687568
0.151023
0.695953
0.189455
0.711226
0.199724
0.90712
0.4858
0.916521
0.483567
0.943751
0.381416
0.935335
0.385568
0.646956
0.378036
0.639917
0.383363
0.695996
0.0838279
0.685256
0.085498
0.632122
0.0553216
0.654714
0.0593455
0.810117
0.436718
0.812609
0.447304
0.508166
0.186003
0.498643
0.190072
0.796181
0.395265
0.807303
0.396237
0.951621
0.27329
0.960526
0.280571
0.919038
0.301337
0.925577
0.285163
0.775054
0.442086
0.783751
0.449611
0.726183
0.208375
0.735804
0.214647
0.709007
0.190665
0.716031
0.179976
0.712994
0.159036
0.747402
0.140279
0.744333
0.178599
0.754148
0.184556
0.741549
0.367462
0.752369
0.369616
0.917345
0.387213
0.90815
0.389092
0.614523
0.403399
0.624321
0.40445
0.991278
0.133281
0.997586
0.142842
0.769123
0.0418347
0.757468
0.0410719
0.755193
0.315177
0.749373
0.308679
0.988984
0.238406
0.979477
0.242645
0.890961
0.216993
0.888886
0.206454
0.589521
0.323452
0.599128
0.325521
0.816616
0.147677
0.80703
0.14152
0.844755
0.136584
0.837035
0.144588
0.986884
0.396835
0.969909
0.399145
0.573477
0.047353
0.56301
0.0489059
0.763246
0.445713
0.762277
0.454024
0.69084
0.0124727
0.688655
0.0235702
0.537099
0.103344
0.53959
0.0923221
0.84197
0.124662
0.832926
0.121915
0.574658
0.19759
0.585477
0.197798
0.5525
0.195085
0.559177
0.206484
0.559786
0.240784
0.558876
0.224078
0.722401
0.396754
0.732806
0.402236
0.924135
0.26353
0.924574
0.250387
0.660162
0.121626
0.670676
0.1176
0.705902
0.118829
0.694853
0.12099
0.67175
0.502787
0.865222
0.24624
0.858202
0.252182
0.595954
0.46197
0.588041
0.454955
0.720728
0.469302
0.729014
0.464091
0.800685
0.119973
0.799403
0.109446
0.777091
0.148404
0.787943
0.14017
0.616056
0.197791
0.606286
0.197766
0.855737
0.303044
0.845455
0.29859
0.752486
0.431975
0.744798
0.423423
0.673077
0.108316
0.670228
0.097424
0.944573
0.067353
0.93484
0.0614613
0.693686
0.280256
0.703334
0.285792
0.71337
0.306892
0.713948
0.318
0.827161
0.16298
0.823091
0.173329
0.658244
0.486884
0.659183
0.475847
0.78558
0.470555
0.778699
0.479232
0.734996
0.491574
0.767747
0.478484
0.755435
0.258367
0.761611
0.249183
0.722899
0.290775
0.744728
0.279193
0.741197
0.270645
0.731421
0.265456
0.8937
0.506182
0.842606
0.336228
0.831727
0.334332
0.865313
0.33317
0.881034
0.342379
0.540333
0.257822
0.528443
0.241005
0.553527
0.215712
0.537109
0.223222
0.53053
0.20334
0.523997
0.207243
0.777809
0.379841
0.780554
0.388863
0.76983
0.377123
0.768259
0.366467
0.765865
0.226144
0.759579
0.241215
0.847246
0.060539
0.856037
0.0643984
0.511629
0.511954
0.973924
0.327573
0.966322
0.334901
0.628132
0.115964
0.611842
0.115751
0.965517
0.0433921
0.955963
0.0423035
0.820829
0.480757
0.813449
0.467158
1.00473
0.491517
0.962012
0.0658894
0.960482
0.076682
0.776797
0.293595
0.777146
0.28171
0.88746
0.104829
0.874597
0.0803445
0.579948
0.013777
0.57088
0.00777155
0.719334
0.091584
0.716027
0.101914
0.690687
0.0656655
0.694948
0.0567934
0.617915
0.307189
0.609759
0.310391
0.827614
0.30154
0.837645
0.304265
0.568983
0.256415
0.57058
0.24071
0.587767
0.231488
0.592485
0.241054
0.768094
0.0588064
0.773049
0.0652075
0.897283
0.272841
0.905074
0.265486
0.648922
0.500844
0.539863
0.176587
0.549151
0.177028
0.592346
0.145683
0.582113
0.148366
0.686844
0.256533
0.676013
0.237369
0.697128
0.211981
0.706283
0.20969
0.692175
0.271886
0.683273
0.265776
0.653751
0.467331
0.644318
0.46704
0.741122
0.250282
0.732736
0.252697
0.618435
0.121548
0.617446
0.132099
0.633201
0.323019
0.643859
0.328275
0.54287
0.215108
0.539453
0.206672
0.731636
0.337457
0.721494
0.334698
0.885625
0.177087
0.892829
0.171161
0.985385
0.288871
0.985441
0.278442
0.638758
0.147349
0.626568
0.136498
0.895897
0.237713
0.894248
0.248327
0.914267
0.236856
0.904093
0.233412
0.736224
0.287766
0.740534
0.295027
0.936563
0.212761
0.937857
0.222624
0.786344
0.264484
0.801578
0.261822
0.854316
0.0263114
0.864882
0.021191
0.897855
0.00712471
0.882678
0.0231954
0.887501
0.0314217
0.915205
0.0366784
0.512587
0.461408
0.519469
0.453192
0.538432
0.429939
0.534736
0.439998
0.547128
0.432028
0.552403
0.45319
0.797846
0.378158
0.791257
0.387378
0.573168
0.0733745
0.570095
0.0866653
0.5412
0.273744
0.554622
0.265438
0.604007
0.161403
0.60265
0.151886
0.648448
0.160456
0.648746
0.170872
0.950373
0.451046
0.955872
0.441927
0.498181
0.288078
0.735809
0.425129
0.727338
0.43487
0.831336
0.503325
0.795781
0.0799606
0.804099
0.0774619
0.727392
0.16106
0.730146
0.169393
0.763889
0.428851
0.764465
0.420601
0.494988
0.430693
0.500887
0.412321
0.562404
0.452785
0.570881
0.446463
0.877856
0.333943
0.887009
0.326003
0.884272
0.31675
0.875272
0.311202
0.866337
0.295961
0.866844
0.286953
0.819989
0.319006
0.808635
0.32375
0.77587
0.210734
0.767465
0.20433
0.786163
0.224794
0.781462
0.234257
0.714608
0.0242303
0.713399
0.00534963
1.00377
0.179935
0.99545
0.165468
0.993231
0.173669
0.998356
0.20647
0.969464
0.210678
0.640606
0.284265
0.651369
0.270401
0.706627
0.3621
0.701212
0.354462
0.507155
0.159794
0.499083
0.153086
0.505851
0.378245
0.496897
0.37152
0.497599
0.331814
0.513511
0.32829
0.522728
0.323155
0.579544
0.417329
0.570028
0.418346
0.61239
0.380921
0.622834
0.382248
0.585555
0.370174
0.594267
0.376086
0.57877
0.384538
0.5714
0.390389
0.82775
0.28317
0.824955
0.293319
0.642914
0.447439
0.639678
0.457453
0.781052
0.487689
0.794017
0.500335
0.753632
0.333795
0.764044
0.335225
0.790803
0.030962
0.801135
0.0290861
0.80617
0.0219395
0.807249
0.0052504
0.631667
0.188857
0.639753
0.183372
0.910273
0.167156
0.908867
0.157133
0.943693
0.106067
0.951846
0.111201
0.533833
0.395154
0.524977
0.396739
0.525773
0.420918
0.507451
0.405846
0.49385
0.395898
0.504303
0.395579
0.701696
0.324068
0.698565
0.334462
0.562558
0.132277
0.567927
0.124924
0.759631
0.0245281
0.753185
0.0299536
0.504676
0.0814539
0.53187
0.0852265
0.966726
0.420435
0.968429
0.410568
0.801046
0.0114387
0.790173
0.0110554
0.887587
0.0124816
0.880358
0.00535689
0.864583
0.00523862
0.854167
0.00523862
0.848958
0.0209847
0.838542
0.0209847
0.833333
0.00523862
0.822917
0.00523862
0.958333
0.00572399
0.948048
0.0108363
0.614583
0.0059006
0.604167
0.0059006
0.775544
0.023432
0.760417
0.00618834
0.981987
0.0136828
0.974948
0.00613251
0.70819
0.0124263
0.697917
0.00707664
0.739583
0.00531769
0.729167
0.00531769
0.552083
0.00729291
0.541667
0.00729291
0.931238
0.0257983
0.904794
0.0121744
0.492373
0.0235977
0.672939
0.0118225
0.664391
0.00642641
1.00669
0.235307
1.00678
0.225376
0.560143
0.352236
0.566853
0.359976
0.492321
0.00457194
0.917054
0.187242
0.907433
0.184327
0.722031
0.479052
0.711143
0.4823
0.51946
0.08693
0.514557
0.0793083
0.883629
0.0890736
0.879897
0.0967877
0.800882
0.478099
0.793819
0.470546
0.792723
0.491267
0.801879
0.486822
0.53721
0.156573
0.542483
0.14888
0.538358
0.240826
0.542873
0.232017
0.567959
0.273126
0.559161
0.273785
0.745086
0.198774
0.752959
0.196668
0.755106
0.47009
0.749957
0.47829
0.591538
0.341933
0.583305
0.334104
0.532221
0.27256
0.514974
0.296891
0.575527
0.187347
0.586
0.182336
0.9034
0.333655
0.899334
0.326634
0.543545
0.326135
0.550641
0.333522
0.559085
0.333891
0.562644
0.32417
0.633168
0.433593
0.625177
0.427257
0.889302
0.186566
0.868993
0.199307
0.74156
0.15094
0.732917
0.152463
1.00644
0.455621
0.95496
0.223817
0.963782
0.234302
0.85088
0.325842
0.84815
0.318538
0.838439
0.437287
0.844619
0.429258
0.970871
0.505315
0.94287
0.279354
0.943222
0.290469
0.659125
0.0452578
0.66927
0.0390797
0.527714
0.286597
0.525419
0.279007
0.54164
0.469098
0.54947
0.466266
0.592912
0.303538
0.586729
0.314492
0.974003
0.199572
0.982397
0.202446
0.500185
0.0203003
0.507522
0.0272562
0.79477
0.278699
0.786563
0.27534
0.91319
0.00504966
0.919442
0.0129376
0.608035
0.0981179
0.615491
0.0911461
1.00375
0.109579
0.993764
0.125084
0.988552
0.11649
0.980139
0.112997
0.970765
0.116622
0.680834
0.167819
0.672969
0.161919
0.664127
0.165179
0.658412
0.173445
0.559507
0.256871
0.572896
0.264323
0.610574
0.412665
0.608594
0.422491
0.584328
0.480081
0.583905
0.490078
0.922371
0.229498
0.919385
0.22157
0.541115
0.402062
0.552557
0.398858
0.898293
0.125897
0.904547
0.118191
0.930565
0.12258
0.920205
0.115757
0.928231
0.130876
0.931541
0.140267
0.515713
0.26749
0.509295
0.262833
0.668266
0.0643433
0.658917
0.0670793
0.547602
0.44558
0.538256
0.44896
0.921457
0.030317
0.938438
0.0310623
0.587789
0.276634
0.581872
0.265454
0.498243
0.341206
0.835906
0.485329
0.82825
0.49501
0.510021
0.175673
0.519873
0.174877
0.517747
0.0687362
0.511384
0.0599547
0.629852
0.499412
0.862134
0.215684
0.869564
0.214615
0.966284
0.100012
0.961467
0.108385
0.687191
0.362516
0.679085
0.355834
0.574755
0.248646
0.584554
0.24976
0.689686
0.412819
0.679744
0.424555
0.823837
0.380556
0.823498
0.390388
0.837622
0.409302
0.826013
0.412701
0.806854
0.415177
0.810836
0.406181
0.926842
0.490475
0.942626
0.489808
0.615336
0.265465
0.629687
0.267158
0.632198
0.358788
0.626152
0.364245
0.899713
0.431308
0.906899
0.425701
0.663877
0.0822671
0.65598
0.0764527
0.931781
0.466761
0.940503
0.464766
0.565777
0.465002
0.5739
0.46705
0.608871
0.0545979
0.58448
0.0545199
0.620798
0.215841
0.62092
0.206071
0.899302
0.348302
0.912127
0.351984
0.594363
0.0512964
0.592618
0.0425798
0.535649
0.376438
0.540894
0.384667
0.747185
0.494894
0.747713
0.502817
0.523426
0.127718
0.530894
0.121675
0.741692
0.114555
0.731167
0.101274
0.510829
0.499464
0.501291
0.492965
0.801262
0.361001
0.810839
0.362677
0.782027
0.346689
0.787678
0.3546
0.774474
0.360309
0.782884
0.363352
0.574942
0.305278
0.5757
0.314933
0.551759
0.312667
0.544219
0.31878
0.554705
0.282255
0.556883
0.291713
0.5658
0.108297
0.563381
0.117681
0.868835
0.505007
0.872156
0.497877
0.543416
0.162594
0.535287
0.170783
0.6444
0.427008
0.647523
0.417852
0.826306
0.226132
0.820921
0.21711
0.624538
0.162444
0.616279
0.167363
0.902563
0.0644255
0.897185
0.0726582
0.783741
0.243248
0.792872
0.24628
0.800933
0.2415
0.806115
0.233393
0.928258
0.0130003
0.932423
0.00511235
0.644715
0.0626823
0.640849
0.0546336
0.545602
0.281555
0.538918
0.287961
0.984934
0.0371735
0.994549
0.0372548
0.968184
0.0611983
0.969413
0.0516616
0.604268
0.178632
0.601067
0.187697
0.677725
0.31686
0.66818
0.315759
0.512511
0.216018
0.509867
0.206512
0.83561
0.0486524
0.837786
0.0393013
0.791684
0.122741
0.774671
0.111279
0.610846
0.256126
0.602313
0.255762
0.711284
0.150464
0.704442
0.143749
0.990028
0.196864
0.990332
0.187997
0.551568
0.0328052
0.552411
0.0417273
0.657535
0.195439
0.651782
0.18781
0.624451
0.019067
0.622428
0.0100586
0.845425
0.483174
0.854494
0.474791
0.599725
0.493443
0.829346
0.263887
0.847023
0.248508
0.788606
0.321258
0.783198
0.314331
0.884775
0.433577
0.87397
0.401179
0.926254
0.293523
0.935033
0.296808
0.687545
0.451734
0.694185
0.456637
0.927683
0.410534
0.923513
0.394283
0.842347
0.257693
0.834225
0.255413
0.602251
0.477606
0.611466
0.475532
0.732396
0.121134
0.724015
0.117542
0.74685
0.10208
0.740474
0.105821
0.812056
0.21718
0.803468
0.226289
0.625505
0.467821
0.616068
0.467921
0.635906
0.23819
0.62444
0.26042
0.633817
0.306483
0.628597
0.312982
0.927925
0.212375
0.927646
0.201712
0.961868
0.208614
0.95407
0.213905
0.637971
0.263614
0.640979
0.254685
0.770336
0.0110554
0.775544
0.00486702
0.784799
0.113936
0.789469
0.107493
0.757412
0.0591993
0.750713
0.0648375
0.818353
0.104902
0.828723
0.0992387
0.917819
0.474577
0.910496
0.468717
0.925297
0.308575
0.934318
0.305652
0.983638
0.146099
0.969868
0.144397
0.901573
0.0374636
0.898386
0.0303389
0.989533
0.497963
0.981532
0.49215
0.848098
0.20311
0.857174
0.196762
0.988624
0.160412
0.979286
0.16081
0.605767
0.501477
0.572517
0.344615
0.574861
0.355169
0.533494
0.304703
0.534817
0.313867
0.877577
0.413489
0.887021
0.389784
0.896824
0.413663
0.895575
0.39834
0.503104
0.0647282
0.761643
0.487767
0.753709
0.488075
0.99702
0.256399
1.00454
0.260312
0.891792
0.404857
0.882738
0.404805
0.881227
0.420043
0.876681
0.427442
0.861805
0.415885
0.854711
0.410144
0.543433
0.195878
0.536644
0.186484
0.638599
0.0900914
0.647553
0.0893462
0.780961
0.0818443
0.786767
0.0745921
0.632936
0.488913
0.626775
0.484142
1.01116
0.0522537
0.856132
0.180101
0.85127
0.187997
0.830726
0.19443
0.822162
0.190873
0.670207
0.14532
0.658914
0.147982
0.863355
0.234833
0.858194
0.22722
0.905826
0.455794
0.896564
0.457252
0.51758
0.406598
0.517968
0.415234
0.654146
0.0973996
0.648664
0.104793
0.949462
0.3354
0.947878
0.346756
0.973155
0.447142
0.967299
0.440834
0.876486
0.0486384
0.872386
0.0616123
1.00251
0.411335
0.997308
0.42045
0.91183
0.0509262
0.913045
0.0597079
0.910959
0.402738
0.905214
0.398056
0.611615
0.352564
0.617243
0.35979
0.708023
0.376956
0.701549
0.372376
0.707764
0.409311
0.702042
0.419837
0.953823
0.245355
0.961395
0.24518
0.561526
0.147487
0.552924
0.145172
0.969696
0.280311
0.97539
0.273184
0.978327
0.251121
0.983331
0.258748
0.757778
0.11675
0.750064
0.121612
0.905574
0.44593
0.899213
0.441717
0.85177
0.467307
0.841619
0.460025
0.522551
0.185608
0.529901
0.191592
0.624342
0.249198
0.632597
0.247008
0.931809
0.180988
0.938438
0.174758
0.939963
0.154541
0.949404
0.158192
0.965857
0.165807
0.958155
0.170649
0.917943
0.0945576
0.926875
0.0962127
0.920623
0.108484
0.928744
0.10508
0.932379
0.091439
0.932661
0.0823588
0.957652
0.500238
0.730248
0.354386
0.73441
0.344735
0.684539
0.244776
0.691157
0.238933
0.994145
0.215033
0.996283
0.223697
0.87386
0.191534
0.88181
0.192815
0.59253
0.426196
0.590097
0.436487
1.0012
0.426629
0.860122
0.272841
0.853313
0.266921
0.874523
0.267371
0.881538
0.261697
0.655153
0.0295209
0.646426
0.037514
0.8798
0.462736
0.873713
0.467667
0.975432
0.393692
0.973883
0.385743
0.650036
0.307446
0.642723
0.303444
