1888 3129 7033 
1889 3812 3813 
255 1889 3813 
991 3793 6645 
1890 6707 6972 
1891 3490 6109 
541 1891 6109 
3285 885 3286 
3132 514 5494 
5018 522 6772 
1893 3926 4807 
1894 3463 5760 
624 4516 5760 
3682 2516 6170 
3243 277 6625 
990 4010 6794 
3666 1896 6794 
4433 1897 6326 
2602 505 6358 
2639 383 4868 
1945 383 3000 
1136 3008 4236 
4049 180 4050 
3605 1235 3757 
195 3620 4025 
924 3339 6976 
1342 4837 4838 
2030 6703 6705 
3850 2030 6705 
2791 6041 6665 
36 35 6041 
2999 675 4609 
6368 2264 6369 
5763 1905 6618 
2024 591 2083 
6255 2083 6879 
957 1907 2867 
1907 957 3887 
1785 4198 4298 
2099 587 3386 
2828 1156 4473 
526 1909 4437 
1910 2562 2685 
1909 2685 4564 
4134 1305 4199 
2220 92 4622 
899 3379 3381 
525 1912 3379 
982 3742 3743 
126 1913 3742 
3628 1914 5809 
3214 1002 3215 
1915 86 3935 
831 1915 3935 
3187 1327 5657 
3187 5657 6896 
2997 1208 4496 
5892 1917 6443 
5102 1333 5103 
1333 3064 6361 
1919 863 3478 
473 1919 3478 
4093 5051 6908 
3175 1920 6779 
1263 2895 4659 
3761 1921 6456 
4748 3664 6608 
4453 1922 6606 
786 2660 3901 
2856 2857 6757 
2440 1924 4425 
335 1924 2440 
6735 1925 6736 
1925 2769 3985 
2789 1120 4367 
532 4223 5504 
4442 2667 4761 
2137 3486 5647 
1766 6163 6164 
5505 1928 6663 
3024 1929 6356 
2931 1929 5851 
4659 2895 5901 
7057 1930 7058 
179 3342 6072 
684 1931 6071 
861 2616 4036 
6746 1932 6747 
1933 818 4028 
1062 1933 4222 
968 3569 5062 
3569 1320 4626 
1935 4221 5022 
552 3519 5022 
1558 5180 5181 
660 3548 5180 
533 1937 2882 
533 2212 4822 
1115 3741 7007 
3716 561 7052 
1939 3636 4589 
4589 561 6721 
3716 1940 3717 
1940 3716 7052 
3644 2944 7019 
7017 3629 7018 
1942 880 3538 
341 1942 3538 
1148 4735 7003 
1943 5193 7002 
940 2700 4968 
2700 662 4968 
1898 5242 6292 
796 1945 3568 
3742 982 3779 
1913 525 3743 
5236 1947 5623 
5235 1947 5236 
2842 1210 4479 
3574 1948 7065 
1949 118 3486 
535 1949 2819 
1350 2327 2779 
5581 3084 6800 
1951 3087 5226 
2010 5057 5226 
1123 3749 6433 
1214 1952 2772 
2304 964 3587 
4260 1954 6604 
3679 1165 4259 
1065 6094 6726 
952 3564 6930 
1956 2313 4204 
533 1956 4204 
3583 944 3584 
944 3543 3544 
1323 2621 4108 
2277 6592 6594 
1349 3514 5725 
4032 1349 5725 
1180 2420 4190 
2420 1960 4190 
2558 1293 4992 
4993 2558 6333 
2131 628 2619 
2131 2619 3921 
5471 1080 5634 
3590 576 3694 
521 1964 3023 
2721 1013 3700 
257 1965 2452 
992 2712 3957 
4620 1966 4621 
3261 1966 6318 
3747 1911 4405 
1967 3747 4405 
4373 2211 6076 
2211 676 6076 
3359 290 3643 
1969 3642 5123 
1970 3965 6497 
3361 539 3362 
2975 1766 4981 
1971 2975 4981 
1067 1972 4034 
1973 557 4035 
1067 1973 4035 
4446 83 4985 
844 3070 5112 
242 1974 3069 
1977 2298 6052 
1976 3992 6927 
2298 1976 7074 
926 3370 5648 
1978 594 3237 
149 1978 5335 
4968 662 6103 
662 1979 2448 
2724 417 5153 
417 1980 3306 
3334 1024 4881 
3279 4218 6153 
1982 927 3198 
477 1982 3198 
1983 3766 3768 
1983 3768 3876 
1984 2276 4168 
160 3576 5040 
1985 766 4367 
157 1985 4224 
3159 4775 6989 
1491 1986 4775 
1987 349 2677 
2677 4313 5478 
1220 3443 6475 
1988 3443 4652 
583 1989 2002 
5057 583 5226 
1990 803 3413 
1990 3413 4667 
551 1991 4695 
1139 2365 4695 
2470 1031 5724 
305 2470 5724 
28 29 4209 
29 30 4209 
1994 4913 6589 
1994 3035 4913 
3059 578 5747 
1995 5232 6909 
1996 5233 6845 
1997 3732 6845 
39 40 5233 
5233 40 6875 
19 1998 3758 
19 20 1998 
1999 4209 6022 
579 4153 6022 
4155 3200 7116 
2702 4573 7087 
2001 2702 7087 
2002 1989 3498 
2002 3498 5063 
4611 3158 5918 
2550 2003 6391 
2004 257 3653 
801 2004 2670 
780 3848 5397 
257 2168 3653 
1968 2211 4373 
3508 1968 6364 
214 2007 3914 
959 3264 6010 
922 3100 6597 
2484 229 3044 
866 2009 4128 
2104 117 2174 
3225 5444 5686 
5056 2010 6014 
3882 2011 4957 
699 2011 3882 
1281 3756 4850 
2471 371 4849 
439 4322 5428 
5741 2013 6828 
4655 2014 5992 
730 3404 4655 
1157 4332 4333 
2015 4332 6863 
4290 598 6050 
272 2128 6596 
1512 2307 3224 
3224 2307 4679 
4096 759 6191 
759 4488 4958 
993 2019 3662 
2414 162 4245 
1691 5480 5652 
3884 1691 5652 
2020 549 3884 
3884 549 5923 
2022 5139 6506 
262 4460 6506 
2989 2023 6714 
1460 2989 5593 
2024 193 4743 
1233 3605 3757 
1752 3480 6400 
4793 2025 5474 
235 2404 2996 
2405 674 4960 
1212 3160 4745 
2158 289 2821 
2348 2730 4129 
558 2028 2803 
558 2803 3657 
3607 2390 6304 
354 2389 4127 
670 2389 4291 
2359 931 3608 
2987 378 3510 
2780 85 4125 
985 3592 3748 
2033 4123 6997 
1177 3426 4512 
2034 3426 6520 
3283 1883 6929 
2035 3283 6929 
4911 523 5844 
523 2036 3294 
114 2037 2837 
2833 1030 6477 
4385 429 5455 
429 2038 5455 
2340 904 3006 
5400 165 5745 
2040 871 4301 
2040 4301 5974 
4513 2041 4514 
2041 4513 5789 
3823 608 5821 
6417 2922 6461 
2043 2964 3144 
1916 3144 6898 
3727 2486 6612 
3063 878 5557 
4833 1547 5160 
868 2047 3855 
3413 803 6777 
559 2047 2969 
3454 2527 5230 
3162 444 3163 
2049 3474 3475 
1052 2049 4835 
3934 1052 4901 
896 2051 6238 
1292 4597 4598 
569 2052 4597 
941 2863 2864 
2266 883 2796 
796 2476 4251 
5739 2768 6951 
3578 2055 6416 
4488 749 4841 
575 2056 2578 
334 2057 6544 
2509 3457 5473 
2989 2058 5593 
757 2058 2989 
2659 954 2660 
2660 954 3441 
6065 2060 6730 
6730 2060 6895 
3291 1787 6809 
1127 4295 4804 
3449 935 6034 
2062 3446 6181 
2976 2817 6027 
2063 6320 6513 
2064 885 4175 
294 2064 4175 
4443 2065 6502 
2065 4443 4578 
4052 1465 6493 
4304 172 6493 
2722 763 2723 
889 2067 3151 
2068 301 3839 
964 2068 3839 
2358 278 3511 
2390 5883 6876 
3913 2070 4210 
563 2070 3913 
3379 1912 3381 
3380 1278 3626 
1217 2072 3870 
3141 980 3984 
3387 769 4707 
4707 769 5990 
2074 669 2739 
2739 5705 5853 
411 4414 5372 
2124 3049 4414 
2385 337 4720 
3066 943 6568 
2077 4581 5926 
1166 3197 3678 
2079 1751 3338 
2079 3338 5519 
514 2079 6221 
2079 3708 6221 
2080 374 2913 
834 2080 2913 
1125 3458 6297 
3837 496 4016 
1735 4494 6541 
596 3370 4494 
2691 1318 6870 
2083 4935 6879 
3402 2084 6190 
2131 102 2928 
1715 3845 6420 
3845 1715 5532 
5676 3633 7044 
108 2087 2671 
3131 815 4162 
1167 2667 4442 
599 4441 6762 
2934 1430 4995 
440 4855 4994 
3309 1251 6239 
2090 4420 5417 
2091 794 5467 
455 4092 5467 
1445 3600 3683 
3600 189 3683 
2094 761 3384 
2094 3384 6171 
4608 2341 6467 
2094 2341 4608 
2182 1190 3596 
3288 886 4560 
4936 1321 4938 
199 4937 5206 
1908 2097 4015 
3386 587 7066 
2098 5156 6598 
4752 2098 6709 
96 2099 4198 
2099 3386 4198 
5526 1609 5528 
3616 473 5527 
2101 2316 3988 
211 2101 3988 
2246 12 6386 
12 11 6386 
1321 2103 4937 
2103 1321 2872 
2174 1678 4158 
2104 2174 4158 
2105 1215 2176 
2475 1214 4602 
2848 1057 5841 
851 2848 5841 
2107 4077 7105 
2987 893 6558 
2149 91 2507 
2109 212 2589 
749 2109 2589 
2110 4841 4842 
384 2110 4842 
5119 716 6883 
2111 5913 7077 
3172 3173 6539 
1058 2112 3162 
3552 2374 6843 
2113 6379 6843 
6593 2277 6892 
2114 2115 6963 
2115 741 3482 
2543 1425 3482 
3155 2117 7027 
7027 2117 7028 
1107 3697 4231 
2117 3697 6485 
2118 869 3575 
423 2118 3575 
1354 4487 6538 
2119 2429 6775 
2616 861 4449 
2616 4449 6472 
2121 983 4382 
171 2121 4382 
4420 2090 6239 
477 2122 3553 
177 5066 5800 
5066 2123 5800 
4080 600 6278 
2124 2125 5698 
1254 4233 4762 
198 2125 4233 
5165 659 6203 
3389 835 4189 
4126 159 4146 
4212 977 6441 
869 2128 3453 
3135 2016 6740 
2526 1330 3961 
586 2129 4471 
2130 6545 6546 
1187 4491 6546 
2928 845 3092 
3092 628 5849 
1650 5401 5402 
4988 2132 6760 
1106 2133 5015 
3633 1106 7044 
4516 1895 6701 
277 5797 6138 
3768 630 3876 
3876 630 6377 
4191 2136 4808 
1431 3199 4191 
601 6490 6491 
2183 601 3322 
322 2138 3558 
1254 2467 3558 
825 6417 6461 
1182 2139 2922 
1344 4853 5151 
2140 4852 4890 
2140 1365 5820 
441 2141 4177 
3749 2142 5096 
605 2142 3749 
2143 165 5525 
904 5446 5525 
2144 4511 4512 
598 2144 4512 
586 2145 4900 
2145 4096 4900 
2146 894 5066 
177 4817 5066 
961 3641 6264 
1969 4940 6269 
1730 4617 6422 
2278 649 3885 
2390 5625 5883 
5625 2507 5883 
1124 4160 5860 
2961 3930 4324 
156 2151 3859 
2151 156 3745 
314 4629 5875 
2152 314 4019 
2154 1454 4151 
442 5135 5389 
2154 3445 5115 
2154 5115 5558 
1337 2155 3994 
2155 2912 3994 
2157 2776 6710 
2776 1801 6710 
2233 672 3232 
2158 2821 5449 
5708 2159 5709 
6250 2159 6252 
2160 4000 4115 
1253 2903 4261 
2301 666 3849 
666 2161 2753 
6621 2790 6792 
2790 880 6792 
1360 2163 4240 
3307 454 4305 
5105 2164 5126 
2555 152 5126 
2165 3680 6933 
2234 6324 6933 
4145 2166 4483 
4045 2166 7092 
2167 224 4975 
634 4549 6143 
2168 257 3848 
2168 3848 4825 
687 4182 6486 
6154 2169 6891 
281 2170 5251 
3036 321 6401 
2482 1553 4785 
1183 3223 4508 
2809 2172 6240 
1183 4508 5586 
117 2009 2174 
2009 866 2174 
54 2051 2175 
2051 896 2175 
3867 2176 4839 
607 2176 3867 
2955 824 3284 
105 2177 3284 
1505 5415 5416 
224 2178 5414 
704 2438 2439 
4508 3223 5755 
3962 1926 4064 
3481 2180 6074 
2339 2181 3667 
320 2181 2339 
3596 502 6619 
1626 3596 6619 
2183 3322 6325 
3322 1927 6325 
3435 1595 3919 
6617 2184 6890 
2185 4936 4938 
941 2185 5729 
1534 2186 5080 
4460 2022 6506 
3390 1206 6053 
3401 142 6053 
1010 3331 5177 
2188 3331 7071 
2189 5393 5394 
87 3936 5394 
650 2190 4918 
1229 3912 4641 
1388 3533 3534 
4187 1380 4207 
4856 1809 5021 
1014 2193 5765 
2212 1116 4206 
534 2194 4205 
367 3103 4690 
367 2195 3103 
3293 2196 5045 
101 2196 3293 
2373 1130 4408 
611 2197 4340 
84 2198 3455 
1700 3112 5939 
4550 2866 6902 
2199 2866 5587 
1093 2200 3829 
3795 571 6960 
2201 82 2698 
901 2201 2698 
2677 1126 4313 
128 2202 4311 
2203 499 3634 
895 2203 3634 
2204 2847 4877 
4522 3168 4666 
2609 1571 5879 
2205 1571 3166 
4374 1176 6020 
297 2206 4375 
734 2645 2646 
733 2207 2645 
3798 2223 3931 
2208 1000 3911 
1636 5944 5945 
4461 853 5944 
3766 1045 3768 
1045 3767 6994 
1386 3954 4751 
676 2211 3954 
2212 533 2882 
1116 2212 2882 
873 3094 7089 
4571 2263 4572 
191 2214 4570 
531 2215 3491 
2947 1243 4073 
2350 4467 5481 
546 4403 5481 
1513 4730 5821 
438 2217 4730 
6301 1005 6543 
178 5056 6014 
717 6082 6208 
63 3297 5736 
1305 2220 4622 
2220 1305 4133 
2221 3389 4189 
835 2126 4189 
805 2440 5940 
659 5165 6033 
4278 1117 4280 
118 2223 4279 
2224 4278 4280 
1118 2224 5472 
2225 1452 3540 
1171 3728 6037 
1231 4688 4689 
4688 2942 6689 
3234 2073 5768 
2227 3234 5768 
6521 3405 6522 
2692 523 4911 
2895 1263 2953 
317 4658 5403 
241 2230 4705 
2230 4670 4705 
359 3124 6017 
3124 2231 6017 
1616 2232 3108 
6016 2231 6390 
2821 3232 5449 
235 2233 3161 
3635 1639 5778 
1639 2234 3680 
1198 3698 6257 
1077 4066 5495 
4216 2236 6580 
1418 2236 5917 
651 2314 5737 
2314 1265 3702 
3420 2422 5173 
1310 2238 2422 
186 2239 4779 
2036 4265 4779 
2240 3185 5550 
1471 2446 3185 
2242 1163 4456 
969 2241 6868 
2834 753 5006 
222 2480 4893 
3337 969 3937 
211 5827 6256 
2156 1036 4902 
1036 2244 4902 
3244 913 4105 
913 4291 6085 
2102 2246 6386 
2102 779 2246 
3400 908 4271 
6726 2247 6727 
629 2248 4929 
1090 3400 4929 
962 3207 4940 
2249 962 3580 
2473 1085 3802 
2252 613 4327 
1086 4163 4164 
2251 4163 5163 
73 2252 5213 
1760 3260 4196 
3001 352 3260 
1201 2254 7126 
3968 1201 3969 
1422 2255 4771 
2466 680 4139 
2077 644 4451 
644 2256 4451 
1667 4952 6899 
468 2257 4952 
4176 1666 5604 
2258 4176 5604 
2821 911 3232 
2837 673 3160 
1066 2852 4038 
2261 681 3466 
2852 2368 3466 
696 2262 2310 
1987 696 4296 
1066 2370 4039 
2260 377 4038 
5804 2240 5806 
2264 4784 6436 
2266 795 3670 
376 2266 3670 
1203 4590 6627 
575 5930 6474 
1123 2268 4330 
2772 1123 4330 
1105 2566 3440 
1105 2269 2566 
1468 2270 5396 
5393 652 5395 
3909 2597 5824 
833 2271 2597 
1219 2272 6333 
4369 2481 4534 
4915 1285 4916 
1285 4914 5794 
1150 2274 4796 
147 3228 3363 
5519 590 5979 
590 2275 4499 
742 2780 6593 
2276 2277 6594 
2115 6670 6963 
6592 2277 6593 
863 3120 3885 
3120 1919 3617 
3300 1041 4648 
3535 1749 6129 
2280 641 4195 
1055 3082 5129 
3535 4650 6851 
232 2281 3417 
1315 2282 4715 
24 25 4715 
1337 4389 4419 
2284 4860 6343 
5488 1510 5489 
2773 460 5533 
631 2286 5489 
2286 5488 5489 
1537 5862 5863 
2673 656 5862 
3174 833 5110 
824 2597 3909 
282 5978 6214 
687 2289 4182 
1051 2290 3898 
4716 3644 7019 
2395 935 3449 
1078 2291 5782 
2019 162 3769 
162 2292 3769 
705 2293 4732 
2414 705 4184 
627 2294 4393 
627 2931 3953 
2295 627 3953 
3031 401 3500 
2294 627 5092 
627 2296 5092 
990 2297 7097 
1976 2298 3992 
596 4100 7074 
340 4236 5790 
975 3438 5999 
2300 3693 4230 
666 2300 4230 
1576 2301 3849 
6092 244 6328 
1458 2631 4046 
3407 90 4888 
1648 4827 6683 
216 4472 5825 
2304 4983 5951 
5167 2729 5574 
5167 1341 5465 
1503 5537 5772 
5654 2306 6670 
2307 782 6487 
3134 1863 6487 
4511 1177 4512 
2822 639 4948 
2037 1030 2822 
1031 2309 5724 
3297 2219 5736 
63 2310 3297 
696 1987 2311 
1987 2677 5478 
6015 1211 6713 
251 2312 4114 
2460 5104 7104 
5104 2967 7104 
1264 2314 2643 
2315 3492 5378 
2315 5378 5380 
5084 2316 5734 
2890 862 5733 
2317 982 4368 
297 2317 4368 
1687 2318 5091 
316 5967 6844 
715 2319 6120 
1348 5186 6120 
2970 2320 3328 
715 2320 2970 
763 2722 5186 
284 2321 2723 
4357 1143 4932 
683 2647 3532 
2323 683 3532 
2647 1684 3532 
121 3096 6248 
121 2324 3096 
1608 3045 3516 
3516 3045 6219 
2326 895 4002 
475 2326 4002 
253 1909 2327 
2327 1909 4564 
1272 2808 4845 
2614 231 4844 
1545 2329 5704 
1035 2330 3891 
3672 1037 4228 
2330 3672 4228 
653 3690 5704 
2331 3461 5884 
1257 2332 6449 
971 2333 3776 
2657 1625 6679 
667 2333 5023 
2465 1296 4964 
4438 656 4963 
360 2335 5309 
626 2336 3877 
3593 1538 5482 
1081 2399 2813 
2813 2399 4799 
1081 2784 6043 
2337 643 2813 
2339 4003 5991 
320 5991 6924 
2567 363 4897 
363 2340 3006 
2672 1798 2902 
1521 2341 4794 
493 2342 6412 
3218 493 4390 
2343 3162 5889 
3162 2112 5889 
2344 3936 6060 
4547 2344 7031 
2516 3682 6781 
1895 6335 6701 
123 2346 5975 
1267 3358 5975 
2347 2914 5564 
2914 1836 5564 
2348 772 4085 
161 2348 4085 
27 2349 4614 
27 26 2349 
2999 352 4595 
2428 1170 3001 
95 3042 5025 
2351 4915 4916 
1296 2352 4963 
4188 419 4790 
2425 700 4192 
3929 1524 6107 
2354 4682 5492 
336 2354 5492 
1490 4739 4741 
640 4362 4739 
1499 2356 5552 
4408 263 5553 
3511 931 4067 
721 2358 4067 
2549 763 3350 
3350 721 5665 
2360 957 5002 
558 4864 5002 
2361 5014 5416 
3922 1114 6317 
678 5677 6965 
5677 3075 6965 
1245 3972 4750 
1245 2364 3972 
4986 1246 7042 
646 4748 6608 
1138 2365 4284 
4285 1714 4711 
2366 5756 7040 
745 2366 4344 
2367 933 4742 
2367 4742 4811 
2852 2260 4038 
1066 2368 2852 
2369 1000 4474 
535 2369 4474 
2370 1066 4501 
617 2370 4501 
3967 1208 5179 
1208 2997 2998 
1499 3805 5553 
3805 2373 5553 
2372 658 3805 
658 2373 3805 
3551 1341 5776 
1341 5167 5574 
801 2575 2671 
682 2375 2575 
1441 5516 5585 
3271 433 5515 
2458 1441 5585 
682 2377 5516 
2378 784 3432 
251 2378 3432 
2379 4359 4361 
1140 2379 4971 
1178 3358 4070 
2381 655 4545 
1178 2381 4545 
2991 382 4546 
1130 2382 7048 
4340 1130 7048 
2383 1176 4377 
602 2383 4377 
510 3910 6528 
762 2384 5192 
2474 890 5452 
337 3904 6568 
708 2386 4526 
2386 3310 4526 
2385 708 3194 
708 2387 3194 
4569 2540 6230 
291 2388 2540 
670 2030 2389 
2389 2030 4127 
3607 1044 4171 
771 2390 4171 
1602 4656 5812 
2390 771 5625 
2392 3657 6542 
772 2803 4085 
4012 1519 5728 
119 2393 5840 
1692 5972 6185 
4275 1405 5972 
127 2395 3128 
3448 935 6181 
3342 1623 6072 
6071 1623 6113 
4812 1411 4813 
2881 1274 3615 
744 3088 3437 
3135 70 3979 
2399 3692 5798 
1018 2765 3182 
678 2400 3819 
2400 678 4719 
678 2401 4719 
2935 1325 5413 
291 2935 5413 
724 2662 6503 
724 2403 2662 
674 2026 2404 
2404 2026 2996 
311 2405 5005 
1300 2836 5005 
3635 5778 6151 
3495 245 6149 
2044 1076 3871 
2407 3871 5839 
4665 1326 5566 
418 2408 5566 
2246 779 4217 
779 2409 4217 
779 2410 5439 
1758 3610 5439 
3333 1112 3681 
2739 669 5044 
1343 4673 4674 
568 6730 6895 
2413 848 5377 
489 5055 6698 
2414 4184 5224 
162 2414 5224 
729 2520 3854 
4690 1221 4691 
2416 5028 5881 
340 2416 5881 
5170 5246 6888 
5246 2173 6888 
3814 2418 4616 
1016 2418 3814 
2419 923 2938 
1216 2419 5178 
840 6195 7051 
592 2420 6112 
2421 2006 3493 
677 2421 3493 
1310 2422 4493 
2462 1524 3929 
700 4722 5575 
2424 2353 5487 
345 2424 5487 
60 2425 5303 
900 2426 2735 
372 3365 4104 
2067 889 2427 
3194 2387 5452 
3869 1805 6911 
89 2428 6172 
2215 1243 4072 
4072 1243 6332 
4869 2523 5788 
2498 96 4872 
2142 4772 5096 
5087 612 5089 
872 2432 6743 
2447 2517 4891 
4893 1442 4894 
1442 2433 2859 
2434 5687 5688 
210 2434 5688 
2435 977 4212 
427 2435 4212 
5170 2436 5246 
704 2436 5170 
2179 365 2439 
1409 4847 5374 
2439 2438 6797 
2179 2439 6797 
4847 2437 6767 
2439 4847 6767 
2222 335 3193 
335 2440 3193 
4857 1328 6236 
3336 2146 3688 
476 2442 3336 
1317 3811 6532 
4945 1317 6532 
615 2444 5850 
4611 1224 4612 
853 3117 7061 
4614 1299 6184 
638 4613 4990 
2447 872 6743 
284 5420 6743 
1204 2448 4283 
4283 3450 6946 
2449 5973 7003 
2449 3654 5973 
2450 2943 5227 
3022 273 4135 
2451 450 4060 
864 2451 4060 
257 2452 4352 
3848 257 4352 
4326 74 5622 
74 2453 3993 
4769 1522 5815 
2736 940 3235 
1336 3212 4281 
2457 692 3212 
546 1860 2456 
1860 2511 5017 
422 2457 4636 
2457 3212 4636 
2629 905 6810 
905 2458 3518 
2459 488 3308 
1236 2459 5868 
697 2460 2976 
697 2976 6027 
1657 5119 6671 
479 2461 5952 
1440 4500 4840 
4500 469 4840 
2463 268 2565 
838 2463 2565 
2943 2464 5227 
996 2464 2943 
1101 3799 5811 
735 2465 3799 
2466 4139 6428 
4139 3016 6428 
2680 2473 5100 
322 2467 3802 
2468 1061 3314 
447 2468 3314 
62 2469 6127 
2873 996 3171 
1477 3352 3505 
3505 1031 5082 
4307 1840 4308 
371 4395 4849 
3398 2472 5411 
410 2472 3398 
2467 2473 3802 
2467 693 2473 
306 2427 2474 
2427 889 2474 
1118 2623 4276 
2475 1118 4654 
2476 2768 5739 
2054 5739 6951 
1073 3990 3991 
243 2477 3990 
1843 3340 3775 
2478 4747 4749 
2579 1028 3905 
3261 657 6384 
753 2480 5006 
2242 2834 5006 
2481 1140 4971 
655 2481 4971 
3036 1091 5645 
626 4165 5409 
1667 4303 5570 
2483 1164 4643 
412 2485 3250 
2484 3044 3546 
688 2484 3546 
3654 1501 5771 
3881 155 5770 
3019 2487 3727 
449 2487 3019 
4000 1108 6470 
3997 1724 4021 
2489 658 4987 
1070 2489 4987 
4249 2490 6353 
3022 1556 4249 
1556 5404 5904 
2266 376 3872 
695 2492 5903 
695 5903 6615 
2492 695 3762 
695 2493 3762 
2494 3780 6540 
1683 2495 3780 
725 2495 4027 
1570 3047 4027 
2496 500 3021 
975 2496 3021 
1542 2497 4392 
3618 999 5668 
2430 685 4248 
685 2498 4248 
4166 2499 4167 
727 2499 4166 
4051 1104 6805 
2500 4051 6805 
3475 949 3561 
965 2501 6382 
1026 3648 5758 
699 2502 3650 
2503 371 5412 
2503 5412 5738 
1379 3146 3316 
4604 1351 4605 
2505 5712 5808 
2505 5228 5712 
676 2506 3397 
91 2108 2507 
2108 893 2507 
559 4668 5191 
1302 2508 4668 
2509 334 6544 
959 6010 6544 
3284 1614 6165 
1614 4161 5860 
2511 1089 4435 
4435 692 5017 
1459 4482 5591 
1459 2513 4482 
1284 4832 5016 
2514 691 4832 
1284 4831 4832 
3874 303 4831 
3214 1131 3473 
694 2515 4194 
2516 5856 5857 
2516 5857 6170 
4177 1365 5916 
1365 4177 5820 
3103 1221 4690 
1222 2518 6067 
2519 729 3854 
5578 201 6630 
3947 2520 5451 
508 2520 3947 
923 2954 7099 
334 2521 2954 
1774 6638 6639 
301 2522 6638 
2523 1163 5445 
5788 2523 5962 
2244 1036 6237 
5033 1533 5568 
2078 111 2525 
3623 1181 3624 
100 2526 5867 
2526 2890 5867 
6068 2527 6979 
851 5841 6068 
5963 1227 6957 
1053 3082 4943 
4111 2650 5957 
2651 774 3939 
1384 5348 5960 
2530 3977 5565 
1449 3317 5897 
2058 757 5942 
4729 1573 4907 
1573 3499 5807 
1177 2533 4510 
4041 311 4511 
45 2534 4587 
45 44 2534 
2535 812 5068 
180 4049 5068 
3178 1486 5542 
4470 220 5610 
1138 4284 4297 
333 4284 4359 
6320 2538 6513 
218 2538 6320 
556 3179 6682 
556 2539 3179 
1252 4646 4647 
291 2540 4646 
1226 4569 6230 
3651 116 4568 
187 1887 2542 
2542 1887 4910 
2543 4910 6287 
544 2543 6287 
317 2544 6383 
2544 5157 6383 
1738 5762 6611 
821 2545 5762 
2546 549 4950 
1011 2546 4950 
3060 829 6562 
2567 829 2686 
5964 2034 5965 
3426 166 6520 
2723 763 3151 
3151 763 5846 
2003 6390 6391 
2550 837 3888 
4015 1783 6362 
6601 2551 6602 
2552 3740 6688 
176 2499 2553 
2499 949 2553 
3822 1005 3824 
3824 1005 6301 
1326 4665 5126 
2408 731 4665 
1428 5405 5406 
233 5405 5992 
842 2557 4207 
2558 1219 6333 
206 4993 6333 
2740 1042 3439 
667 3806 6449 
5432 2560 5433 
736 2560 5432 
1591 3585 5989 
2560 736 3585 
846 3039 3040 
738 2562 3039 
21 20 2563 
3334 1158 4431 
2208 295 3897 
295 2564 3897 
2565 1200 2756 
838 2565 2756 
2566 620 6198 
969 2566 6198 
2547 363 2686 
363 2567 2686 
141 2568 4969 
2684 141 4969 
1279 4470 4879 
2569 4470 5610 
1143 4356 4932 
714 2570 4355 
6480 3072 6481 
2571 6479 6724 
1483 4406 5693 
714 2572 4406 
2573 4495 6838 
2539 917 3179 
2574 112 4461 
2574 4461 5944 
801 2670 2697 
2377 682 2575 
2576 875 3910 
510 2576 3910 
2056 2577 2578 
2056 249 2577 
1479 2589 4930 
575 2578 4246 
573 3747 6599 
1966 2811 6260 
2581 710 4669 
1054 2581 6873 
4470 2569 4879 
710 2582 4880 
2583 4721 6964 
4722 2425 6964 
1213 3102 5049 
1213 2585 4905 
950 3418 6905 
713 2585 3418 
2586 1186 5229 
357 4828 5229 
1436 4006 5496 
3010 355 6294 
5967 2588 6844 
2860 316 4095 
2589 1479 6289 
4246 2578 6289 
559 2046 3855 
3855 2046 5196 
5929 1644 6248 
730 2591 6247 
329 2592 4381 
1613 2593 4381 
2933 2593 5221 
1916 2933 5221 
2594 1732 6819 
3912 1229 4693 
2595 1592 3606 
1557 2595 3606 
744 6110 6550 
6110 2596 6550 
833 2597 5110 
2288 3174 5110 
2598 451 3281 
989 2598 3281 
2599 241 4354 
1082 2599 4354 
2600 1362 6890 
1363 2600 7111 
1489 2601 4519 
2601 4518 4519 
6357 2602 6358 
778 2602 6357 
159 2603 3573 
1833 3319 3573 
2942 1231 4213 
2226 660 4689 
2605 891 6274 
403 5284 6274 
2606 1118 5472 
606 2606 5472 
3625 970 4440 
381 3625 3751 
251 2608 5830 
3432 2119 5792 
2609 602 5422 
1004 2609 5422 
1665 2610 6309 
2610 5796 6218 
5000 2611 6567 
491 2611 5000 
4253 2614 4844 
373 4845 5633 
1273 2613 4884 
1272 4253 4844 
719 2614 4253 
2254 1201 4183 
4798 2615 6207 
2564 4036 6215 
4036 2616 6215 
1126 2617 4311 
2202 1126 4311 
2618 1009 5474 
2618 5474 6735 
2619 1293 5509 
592 3921 5509 
5722 2620 5875 
314 3989 4629 
6592 446 6594 
446 2621 3007 
1964 1013 3699 
2623 1118 4846 
607 2623 4846 
997 2624 5349 
431 2625 5399 
2625 4700 5399 
3016 1423 6428 
4351 790 4700 
4924 1286 4925 
416 2627 4923 
233 2628 4336 
2556 233 4336 
6526 2629 6810 
264 5280 6526 
1520 2630 5140 
2748 728 5838 
2302 909 5640 
909 2631 5640 
974 6232 6650 
6232 2632 6650 
358 2633 3141 
2601 1218 4518 
1477 3204 5158 
2470 823 3204 
2066 4131 5536 
5536 4131 6729 
1671 5192 6528 
286 2636 6177 
2508 1302 4931 
2637 4931 5786 
1197 4792 7016 
107 3002 4627 
751 2639 4956 
1268 2718 4956 
6716 1763 6717 
1763 4372 7082 
4185 1699 5450 
5450 1699 5752 
2642 1014 5765 
379 2642 5765 
2191 2643 6345 
3533 392 5919 
1247 2644 4018 
1531 4466 5120 
1871 2645 4596 
733 2645 6988 
2646 2645 7023 
335 2646 7023 
4356 2647 4932 
2322 4357 4932 
57 5278 6873 
3912 1355 4641 
688 3933 6468 
1337 3994 4111 
2912 428 3994 
1727 5567 6591 
5567 2651 6591 
2652 49 4979 
1587 2652 4979 
2653 876 3875 
3875 271 4266 
522 3465 3925 
928 2654 3465 
428 2655 4580 
3637 1869 4017 
5800 1515 5801 
477 2656 5799 
4816 1515 5800 
737 2657 5801 
2658 5958 5959 
737 2658 5959 
4425 536 6685 
6438 2659 6690 
2059 158 3441 
158 2660 3441 
5228 569 5712 
4597 2052 4598 
246 3221 6410 
1760 4443 6502 
1155 2663 4417 
2663 1155 4957 
2664 965 6382 
2664 6382 6805 
1492 2665 5384 
2472 809 5411 
195 2666 5048 
1235 4025 4683 
2667 1167 4506 
198 2667 4506 
2959 50 4272 
49 48 2668 
5746 2669 5749 
580 2669 5746 
2377 2575 2697 
2575 801 2697 
2671 2575 6519 
108 2671 6519 
703 2672 2902 
1661 2672 3828 
420 2673 6802 
1537 3416 6802 
781 2674 5032 
2674 4076 5032 
1103 4007 5059 
781 2675 4215 
747 2676 5197 
2081 1126 4312 
4313 603 5478 
1247 2678 4463 
3368 58 4018 
2444 1224 4610 
1224 4611 5918 
2680 73 5213 
1085 2680 5213 
1717 5736 6208 
1580 4088 5927 
748 2682 5661 
2868 748 5661 
1485 2683 6266 
2684 750 2960 
6266 750 6482 
750 2684 6482 
1909 526 2685 
526 1910 2685 
2035 5964 5965 
3283 813 6564 
2584 395 5247 
395 2687 5247 
3005 199 5855 
1536 5205 6096 
3620 1347 4075 
398 2689 5164 
1318 4933 4934 
2691 760 4933 
4025 1900 4683 
760 2691 6307 
2692 4911 5650 
1168 2692 6928 
1210 2842 5027 
1641 2693 5636 
2694 1444 3137 
680 2694 3137 
332 2695 3771 
1115 3506 6937 
2504 1351 4791 
1351 2696 4791 
279 2697 3629 
279 2377 2697 
2698 1327 2840 
901 2698 2840 
2649 150 5248 
150 2699 5248 
3156 1979 6533 
1979 662 2700 
1027 3820 6676 
4168 160 5040 
2702 6026 6932 
1260 2702 6932 
812 2703 5968 
2703 5891 5968 
2920 1719 6228 
1719 2704 3240 
2705 409 5419 
1279 2705 5419 
2706 381 2805 
871 2706 2805 
2707 5763 6618 
2083 1318 4935 
3470 1680 6349 
3970 868 6348 
2689 1347 5164 
4163 613 5163 
3763 2710 4810 
3762 2493 3763 
2711 6507 6508 
767 2711 6508 
6069 511 6666 
511 2712 6666 
1902 6704 6705 
865 2713 6704 
1482 4174 5669 
434 2714 5670 
2676 747 4788 
747 2715 4788 
2716 95 5025 
1484 2716 6850 
1485 3123 5898 
435 3123 6483 
1485 2718 5672 
5671 2717 6850 
3141 3984 5122 
2804 746 4997 
2720 1076 3599 
467 2720 3599 
2721 917 5426 
300 2721 5426 
2321 2722 2723 
2321 715 2722 
2723 3151 6273 
284 2723 6273 
1437 2725 5479 
5153 1437 5479 
4225 1147 4277 
2725 4225 4277 
3108 843 6018 
754 3107 6293 
3091 99 5582 
1343 4672 4673 
3339 512 6160 
859 3152 3153 
1281 2729 4848 
3030 138 4850 
2730 1109 5787 
2730 5787 6270 
6939 2732 6940 
79 2731 6939 
1579 2732 5386 
2732 5757 6940 
3200 4155 6998 
2669 956 5749 
956 2734 2905 
263 2735 4087 
263 2197 2735 
3205 2040 5974 
2736 3205 5974 
4151 1454 5389 
755 2737 5559 
2738 312 4358 
3728 1171 4358 
5705 2739 6987 
2074 2739 5853 
310 2755 3439 
791 2755 5234 
4020 1850 5013 
5020 65 5199 
151 2742 5041 
1110 4021 5740 
2864 785 3879 
2744 4203 7083 
192 6861 7088 
2745 192 5556 
2746 970 4426 
1311 2746 6742 
301 2332 2747 
2332 1257 2747 
2227 1294 4681 
1294 3347 6678 
5699 1821 7008 
4396 820 6677 
1718 2750 6586 
4216 106 6584 
2751 445 6011 
2751 5772 6290 
5130 2941 6430 
1533 2752 5568 
2753 2161 3586 
666 2753 6370 
1433 2754 4178 
2786 776 3594 
3439 2755 6708 
2740 3439 6708 
5141 2756 6002 
838 2756 5141 
5683 1849 6697 
3333 520 4680 
2807 4640 6629 
1773 2807 6629 
2876 1460 5592 
248 5593 5667 
1459 5588 5590 
5588 2876 5592 
3694 576 6943 
4265 1168 5689 
2762 424 3886 
898 2762 3886 
457 2763 5499 
5014 1505 5416 
2816 3409 5249 
275 2816 5369 
2400 168 4239 
168 2765 4239 
2983 1307 4452 
2806 761 5077 
1263 2767 4658 
647 4659 5901 
1480 5683 6697 
574 5684 5836 
2769 532 3118 
1012 2769 3118 
2463 1491 5026 
3159 740 4775 
3926 384 4807 
4841 1270 4842 
2772 4330 4601 
1214 2772 4601 
1426 2773 5429 
3647 460 4706 
1242 2774 5262 
1580 2775 5928 
2544 317 5927 
2776 764 5211 
2777 1802 5211 
5403 1487 5627 
204 2777 5628 
3452 1185 4113 
2041 686 4514 
738 1950 2779 
1950 458 2779 
3482 1425 5058 
1425 2843 5572 
1841 2781 5597 
