4621 1966 6260 
5035 205 6261 
205 3741 6261 
2866 648 6262 
1198 2235 6373 
2971 1101 6263 
1101 3175 6263 
2917 5887 6264 
5887 961 6264 
2704 6265 6669 
483 6265 6424 
2683 4903 6266 
4903 750 6266 
197 3295 6267 
3295 1868 6267 
1868 3295 6268 
3295 826 6268 
3362 539 6497 
539 6269 6497 
341 3538 6270 
3538 1864 6270 
245 3495 6271 
3495 1747 6271 
1767 3880 6272 
3880 1035 6272 
2067 5420 6273 
5420 284 6273 
1905 5340 6274 
5340 403 6274 
437 3148 6706 
3148 854 6275 
1669 2498 6276 
2498 685 6276 
2249 3580 6277 
3580 537 6277 
1590 4234 6278 
4234 4080 6278 
86 2320 6279 
6279 2320 6280 
1152 4286 6280 
4286 1643 6280 
698 6164 6281 
6164 1928 6281 
1645 2175 6282 
2175 896 6282 
343 3184 6283 
3184 1645 6283 
1670 3431 6284 
3431 207 6284 
967 3431 6285 
3431 1670 6285 
2204 4523 6854 
4523 510 6854 
1887 3792 6287 
3792 544 6287 
181 5752 6288 
5752 1699 6288 
2578 749 6289 
749 2589 6289 
789 2276 6290 
2276 1984 6290 
1744 4480 6291 
4480 487 6291 
6292 707 6765 
3000 6292 6765 
2724 5479 6293 
5479 754 6293 
355 2587 6294 
2587 2703 6294 
2770 5026 6295 
5026 1491 6295 
1723 3314 6296 
3314 1061 6296 
3291 3104 6297 
3104 1125 6297 
3433 1480 6298 
1480 2768 6298 
2151 3745 6299 
3745 1014 6299 
260 2545 6300 
1282 6300 6444 
2554 6301 6543 
2554 3714 6301 
508 3947 6302 
3947 1817 6302 
1564 3991 6303 
3991 743 6303 
2069 3511 6304 
3511 278 6304 
2380 4360 6305 
4360 123 6305 
4413 1920 6778 
1920 3175 6778 
1900 4075 6307 
4075 760 6307 
1665 3093 6308 
3093 873 6308 
2610 6218 6309 
6218 548 6309 
6310 2100 6869 
620 6310 6869 
535 2819 6537 
2819 799 6311 
4667 421 6312 
421 3611 6312 
2293 3292 6840 
3292 6313 6840 
1630 5223 6314 
5223 3628 6314 
2135 6315 7038 
630 6315 6377 
714 4355 6724 
4355 1143 6316 
1114 5806 6317 
5806 2240 6317 
1966 4620 6318 
4620 194 6318 
6319 3394 6549 
1720 3393 6319 
2063 2817 6320 
2817 218 6320 
3975 2924 6321 
2924 1702 6321 
2314 1264 6322 
1264 3632 6322 
1649 5425 6323 
5425 1509 6323 
6323 5424 6324 
5424 621 6324 
1927 534 6325 
534 2183 6325 
5201 3500 6326 
3500 972 6326 
2305 3272 6327 
3272 851 6327 
5121 3083 6328 
3083 1739 6328 
488 2459 6329 
2459 1739 6329 
3662 6329 6330 
6329 1739 6330 
555 4199 6535 
6331 555 6535 
5212 2429 6332 
2429 2855 6332 
2272 4369 6333 
4369 206 6333 
1012 5925 6334 
5925 1923 6334 
2134 4463 6335 
4463 758 6335 
3029 5594 6336 
5594 1494 6336 
3589 1036 6337 
1036 2524 6337 
1063 3907 6338 
3907 1682 6338 
1682 3907 6339 
3907 625 6339 
110 2855 7004 
2855 784 6340 
1655 3079 6341 
3079 439 6341 
876 3219 6342 
3219 1655 6342 
2285 3539 6343 
3539 828 6343 
2061 4089 6344 
4089 1132 6344 
651 2923 6345 
2923 2191 6345 
2215 4072 6346 
4072 110 6346 
1046 3491 6347 
6347 3491 6460 
868 2708 6348 
2708 1680 6348 
2708 5717 6349 
5717 560 6349 
1675 4525 6350 
4525 3786 6350 
467 3599 6351 
3599 2044 6351 
916 3137 6352 
3137 1444 6352 
2450 5227 6353 
5227 273 6353 
1661 3828 6354 
3828 1093 6354 
1967 3586 6355 
3586 671 6355 
181 6288 6356 
6288 1742 6356 
1742 4323 6357 
4323 778 6357 
505 3024 6358 
3024 1742 6358 
3360 3712 6359 
3712 859 6359 
2218 4083 6360 
4083 1182 6360 
1918 5103 6361 
5103 1333 6361 
1783 5956 6362 
5956 504 6362 
1656 4317 6363 
4317 479 6363 
1968 4373 6364 
4373 699 6364 
2882 5169 6365 
5169 183 6365 
1856 2506 6366 
2506 120 6366 
1864 2799 6367 
2799 772 6367 
1904 3841 6368 
3841 225 6368 
724 2253 6369 
2253 1904 6369 
2753 4947 6370 
4947 1574 6370 
1482 2733 6371 
788 6371 6998 
3986 2640 7082 
2640 1799 6372 
2235 6262 6373 
6262 648 6373 
1629 5379 6374 
5379 1914 6374 
456 2401 6375 
2401 1075 6375 
1718 4396 6376 
4396 1282 6376 
6315 2135 6377 
2135 3357 6377 
4306 468 6378 
468 3497 6378 
2113 5491 6379 
5491 663 6379 
1060 5494 6380 
5494 1750 6380 
3597 1562 6381 
5029 2743 6648 
2501 3561 6382 
3561 727 6382 
2229 4658 6383 
4658 317 6383 
657 2811 6384 
2811 1966 6384 
1569 2823 6385 
2823 849 6385 
11 10 6386 
10 2102 6386 
4097 1593 6387 
1593 2442 6387 
5545 255 6388 
255 5161 6388 
3638 4739 6389 
4739 1490 6389 
2003 4612 6390 
4612 615 6390 
2231 3124 6391 
3124 837 6391 
3949 898 6392 
898 3353 6392 
1242 4391 6393 
6393 4391 6995 
973 3422 6394 
3422 1881 6394 
570 4093 6395 
4093 1448 6395 
3217 2120 6396 
4449 293 6472 
2265 6397 6398 
2265 1406 6397 
1666 2257 6398 
2257 468 6398 
2218 3823 6399 
3823 1005 6399 
942 3258 6400 
3258 1752 6400 
321 3928 6401 
3928 2248 6401 
1714 4173 6402 
4173 220 6402 
1651 3889 6403 
3889 825 6403 
226 6259 6404 
6259 1725 6404 
1020 3786 6405 
3786 1712 6405 
1712 3786 6406 
3786 170 6406 
2280 5129 6407 
5129 330 6407 
3712 2728 6408 
2728 3152 6408 
611 4340 6409 
4340 1876 6409 
1845 4578 6410 
4578 246 6410 
5877 2968 6411 
2968 736 6411 
2342 4026 6412 
4026 1560 6412 
6208 2219 6413 
2219 2544 6413 
518 3256 6414 
3256 1857 6414 
6415 1750 6464 
3285 174 6415 
2055 2826 6416 
2826 1309 6416 
2042 5821 6417 
5821 608 6417 
2897 5466 6418 
5466 376 6418 
1797 4162 6419 
4162 1098 6419 
702 3767 6420 
3767 1715 6420 
1715 3767 6421 
3767 1045 6421 
2148 4329 6422 
4329 1730 6422 
1822 5156 6423 
5156 547 6423 
6265 2704 6424 
2704 1719 6424 
797 2879 6425 
2879 1694 6425 
2878 6425 6426 
6425 1694 6426 
267 2785 6427 
2785 1694 6427 
1423 5400 6428 
5400 2466 6428 
443 3052 6429 
6429 3052 6858 
1037 2524 6430 
2524 461 6430 
2299 3438 6431 
3438 975 6431 
2714 5662 6432 
5662 1481 6432 
2104 4137 6433 
4137 1123 6433 
1696 3125 6434 
3125 169 6434 
1072 3840 6435 
3840 2542 6435 
1256 2403 6904 
6369 2264 6569 
923 2419 6437 
2419 2057 6437 
1924 4238 6438 
4238 954 6438 
1511 3539 6439 
3539 460 6439 
3549 865 6440 
6703 1902 6705 
977 3319 6441 
3319 1833 6441 
1535 3281 6442 
3281 451 6442 
1917 3967 6443 
3967 614 6443 
6300 2545 6444 
2545 2012 6444 
867 3201 6445 
3201 2376 6445 
186 5689 6446 
5689 1847 6446 
1873 3526 6447 
3526 550 6447 
597 3696 6448 
3696 1695 6448 
2332 3776 6449 
3776 667 6449 
1298 5306 6450 
5306 2386 6450 
1476 2655 6451 
2655 1184 6451 
4485 4976 6452 
4976 856 6452 
856 3158 6453 
6453 3158 6454 
261 2937 6454 
2937 1685 6454 
3014 1277 6455 
1277 3751 6455 
2953 5042 6456 
5042 718 6456 
2681 6082 6457 
6082 717 6457 
4022 1881 6458 
1881 3422 6458 
2181 3906 6459 
3906 1034 6459 
2215 6346 6460 
6346 1800 6460 
2139 4944 6461 
4944 825 6461 
840 2907 6462 
6462 2907 6463 
6242 3265 6463 
3265 1710 6463 
1750 3015 6464 
885 6464 7035 
4226 133 6465 
133 2796 6465 
190 3136 6466 
3136 1697 6466 
1521 5727 6467 
5727 2766 6467 
1577 2484 6468 
2484 688 6468 
36 2791 6469 
1753 6469 6889 
1108 3998 6470 
3998 1855 6470 
4000 6470 6471 
6470 1855 6471 
293 6396 6472 
6396 2120 6472 
3332 6473 6831 
3332 1792 6473 
4590 2056 6627 
2056 575 6474 
3443 1988 6475 
1988 777 6475 
1688 2994 6476 
2994 839 6476 
1030 3703 6477 
2995 1688 7063 
2357 4099 6478 
4099 1094 6478 
2868 2572 6835 
2572 714 6479 
6479 2571 6480 
2571 97 6480 
748 2868 6481 
6481 2868 6835 
2684 4969 6482 
4969 1807 6482 
1807 2939 6483 
2939 435 6483 
1736 2749 6484 
2749 3542 6484 
208 3893 6485 
3893 2116 6485 
2169 5565 6486 
5565 687 6486 
240 4679 6738 
4679 2307 6738 
3597 262 6488 
262 3427 6488 
1634 2923 6489 
2923 651 6489 
2137 3322 6491 
3322 601 6491 
2138 6118 6950 
6491 2138 6950 
1131 4194 6492 
4194 2515 6492 
172 2066 6493 
2066 4052 6493 
2661 4597 6494 
4597 1292 6494 
883 4101 6495 
4101 2053 6495 
4371 1762 6496 
1762 2958 6496 
3965 1135 6497 
1135 3362 6497 
1726 3710 6498 
3710 577 6498 
4764 1364 6499 
1364 3176 6499 
848 3125 6500 
3125 1696 6500 
2867 4136 6501 
4136 416 6501 
3260 6502 6575 
3260 1760 6502 
1760 4196 6503 
4196 724 6503 
2790 3545 6504 
3545 258 6504 
2564 826 6505 
826 3295 6505 
1690 3427 6506 
3427 262 6506 
302 4112 6507 
4112 1784 6507 
6508 5217 6600 
767 6508 6600 
4532 1196 6509 
1196 3499 6509 
1445 5220 6510 
5220 1809 6510 
1156 2828 6511 
2828 778 6511 
686 3028 6512 
3028 2958 6512 
4040 1837 6513 
6027 2063 6977 
1129 2375 6514 
2375 682 6514 
2460 3521 6515 
3521 312 6515 
462 3047 6516 
3047 1570 6516 
2820 1734 6517 
1734 3668 6517 
2182 5447 6518 
5447 364 6518 
2575 2375 6519 
2375 108 6519 
166 2548 6520 
2034 6520 6921 
5844 2228 6521 
2228 920 6521 
324 2366 6522 
2366 1759 6522 
1746 2634 6523 
2634 823 6523 
5835 2757 6524 
1849 6524 6697 
6525 697 6977 
1837 6525 6977 
2192 5321 6526 
5321 264 6526 
2252 5315 6527 
5315 1395 6527 
2384 6286 6528 
6286 510 6528 
2981 904 6529 
904 2340 6529 
3465 2654 6530 
2654 1169 6530 
1303 5021 6531 
5021 1809 6531 
227 6212 6532 
6212 2443 6532 
1979 2700 6533 
2700 870 6533 
3592 985 6534 
985 2843 6534 
1305 4622 6535 
4622 1911 6535 
2364 4747 6536 
4747 361 6536 
2819 6311 6537 
6311 1523 6537 
369 3376 6538 
3376 1354 6538 
2343 4542 6539 
4542 966 6539 
725 5460 6540 
5460 2494 6540 
348 5352 6541 
5352 1735 6541 
2803 772 6542 
772 2392 6542 
1005 3823 6543 
3823 2217 6543 
2057 4661 6544 
4661 959 6544 
589 5462 6545 
5462 1708 6545 
1708 4489 6546 
4489 1187 6546 
2250 4778 6547 
4778 322 6547 
86 3393 6548 
3393 1720 6548 
483 3067 6549 
3067 1720 6549 
2398 5706 6550 
5706 744 6550 
1827 3444 6551 
3444 1121 6551 
137 3302 6552 
3302 1827 6552 
1365 4890 6553 
4890 3239 6553 
260 2814 6554 
2814 1821 6554 
1869 2912 6555 
2912 664 6555 
783 2801 6556 
2801 1769 6556 
3627 1172 6557 
1172 2800 6557 
6558 893 7118 
1769 6558 7118 
1769 2801 6559 
2801 378 6559 
4468 2666 6560 
2666 1235 6560 
1874 3797 6561 
3797 625 6561 
829 2567 6562 
2567 1874 6562 
2541 6209 6563 
6209 116 6563 
813 6921 6922 
2547 2686 6564 
2254 5314 6565 
5314 1399 6565 
4795 6321 6566 
6321 1702 6566 
874 3248 6567 
3248 1702 6567 
2076 4043 6568 
4043 337 6568 
2264 6436 6569 
6436 2403 6569 
2021 4342 6570 
4342 2601 6570 
6064 4090 6571 
4090 1132 6571 
1686 3315 6572 
3315 482 6572 
5024 1885 6573 
1885 4495 6573 
3176 914 6574 
914 3071 6574 
817 2428 6575 
2428 3001 6575 
4349 4618 6576 
4618 1730 6576 
6176 3238 6577 
3238 872 6577 
2284 6252 6578 
6252 98 6578 
184 3537 6579 
3537 1838 6579 
2505 5808 6580 
5808 106 6580 
867 3203 6581 
3203 1737 6581 
6582 807 6583 
2005 6582 6583 
2541 1432 6583 
1432 2005 6583 
106 2750 6584 
2750 1718 6584 
4216 6584 6585 
6584 1718 6585 
820 4396 6586 
4396 1718 6586 
3385 6587 6790 
3385 1654 6587 
1993 31 6588 
31 32 6588 
4913 13 6589 
13 14 6589 
27 28 6590 
28 1999 6590 
577 3513 6591 
3513 1727 6591 
1958 4108 6592 
4108 446 6592 
5654 742 6892 
742 6593 6892 
446 4967 6594 
4967 2276 6594 
3090 583 6595 
583 2002 6595 
4996 2035 6596 
4505 272 6929 
1455 2980 6597 
2980 922 6597 
5156 2097 6598 
587 6598 7066 
6355 2974 6599 
2974 573 6599 
6601 2552 6662 
767 6601 6662 
712 3740 6602 
3740 2552 6602 
2551 5931 6602 
5931 712 6602 
3866 6446 6603 
6446 1847 6603 
1954 3666 6604 
3666 528 6604 
957 2867 6605 
2867 1240 6605 
1922 3664 6606 
3664 88 6606 
1922 4453 6607 
4453 823 6607 
1922 3659 6608 
3659 646 6608 
5949 2977 6609 
2977 62 6609 
923 2747 6610 
2747 1257 6610 
5762 2545 6611 
2545 260 6611 
6612 4315 6647 
921 3727 6612 
838 3115 6613 
3115 1772 6613 
2290 3899 6614 
3899 609 6614 
1748 3520 6615 
3520 695 6615 
258 2391 6616 
2391 2392 6616 
103 2184 6617 
1362 6617 6890 
564 4935 6618 
4935 2707 6618 
502 3326 6619 
3326 1626 6619 
1756 3392 6620 
3392 907 6620 
770 5536 6621 
5536 2635 6621 
675 5507 6622 
5507 3841 6622 
1785 4298 6623 
4298 504 6623 
1813 3242 6624 
3242 888 6624 
3682 2345 6625 
2345 1813 6625 
1131 4193 6626 
4193 1813 6626 
2267 3658 6627 
3658 1203 6627 
739 4160 6628 
4160 2150 6628 
566 3750 6629 
3750 1773 6629 
201 2807 6630 
2807 1773 6630 
6631 4175 7036 
1728 6631 7036 
2883 2783 6632 
2783 1099 6632 
202 3619 6633 
3619 1866 6633 
802 2964 6856 
2964 610 6634 
2766 5727 6635 
5727 464 6635 
230 4550 6636 
4550 1732 6636 
964 3839 6637 
3839 1774 6637 
1774 3839 6638 
3839 301 6638 
768 4141 6639 
4141 1774 6639 
1795 2644 6640 
2644 470 6640 
645 5564 6641 
5564 1836 6641 
3011 786 6642 
786 2856 6642 
4036 1932 6643 
1932 2302 6643 
1735 5352 6644 
5352 810 6644 
1689 6099 6645 
6099 3792 6645 
887 3255 6646 
3255 1623 6646 
2045 5102 6647 
5102 921 6647 
2743 6381 6648 
6381 1562 6648 
3060 6562 6649 
6562 1874 6649 
1795 3275 6650 
3275 974 6650 
3791 3129 6651 
3129 892 6651 
3098 1466 6652 
1466 2414 6652 
854 3148 6653 
3148 1738 6653 
331 3095 6654 
3095 1836 6654 
1836 2914 6655 
2914 857 6655 
1790 4076 6656 
4076 266 6656 
1790 4351 6657 
4351 860 6657 
5559 2737 6658 
2737 442 6658 
890 2474 6659 
2474 889 6659 
795 2266 6660 
2266 2796 6660 
5567 4071 6661 
4071 2286 6661 
2764 3409 6662 
3409 767 6662 
1928 6163 6663 
6163 115 6663 
1902 6664 6704 
2030 670 6703 
1903 6664 6665 
670 6665 6703 
2712 6079 6666 
6079 1778 6666 
269 2338 6667 
2338 1778 6667 
1745 3392 6668 
3392 283 6668 
6668 3399 6669 
3399 908 6669 
2306 5537 6670 
5537 243 6670 
5119 3191 6671 
3191 237 6671 
1099 3656 6672 
3656 1797 6672 
953 3610 6673 
3610 1758 6673 
4453 6606 6674 
6606 88 6674 
1190 2182 6675 
2182 1746 6675 
1839 3648 6676 
3648 326 6676 
820 2749 6677 
1821 6677 7008 
2748 4681 6678 
4681 1294 6678 
2333 177 6679 
177 2657 6679 
340 3438 6680 
3438 2299 6680 
3004 3744 6681 
3744 1779 6681 
6682 1885 6917 
556 6682 6917 
4827 2303 6683 
2303 791 6683 
1191 4595 6684 
4595 2350 6684 
536 5925 6685 
5925 3112 6685 
517 3388 6686 
3388 1493 6686 
3389 6687 6732 
3389 271 6687 
140 2764 6688 
2764 2552 6688 
935 2395 6689 
2395 127 6689 
2659 3011 6690 
3011 536 6690 
3607 278 6691 
278 2029 6691 
3560 5383 6692 
5383 154 6692 
3520 1748 6693 
1748 4214 6693 
2090 5417 6694 
5417 1462 6694 
1260 4574 6695 
4574 2496 6695 
1001 2891 6696 
2891 792 6696 
2757 5684 6697 
5684 1480 6697 
1755 3779 6698 
3779 489 6698 
1755 3040 6699 
6699 3040 6872 
368 3463 6700 
3463 1894 6700 
758 3868 6701 
3868 1894 6701 
1901 5064 6702 
5064 924 6702 
6665 6664 6703 
6664 1902 6703 
6664 6440 6704 
6440 865 6704 
6704 2713 6705 
2713 288 6705 
3148 6275 6706 
6275 1669 6706 
1890 3531 6707 
3531 187 6707 
791 5639 6708 
5639 2740 6708 
2098 6598 6709 
6598 587 6709 
5001 239 6710 
239 2157 6710 
5487 1525 6711 
1525 3765 6711 
4873 1825 6712 
1825 3374 6712 
1211 4114 6713 
4114 4411 6713 
4529 2531 6714 
2531 757 6714 
962 4940 6715 
4940 1969 6715 
864 3195 6716 
3195 1763 6716 
2640 6372 6717 
6372 280 6717 
849 3803 6718 
3803 1761 6718 
808 2990 6719 
2990 1972 6719 
677 6720 6836 
6720 3296 6836 
561 2892 6721 
1939 6721 7101 
3330 1086 6722 
1086 4164 6722 
5090 2571 6723 
2571 1870 6723 
4355 6316 6724 
6316 1870 6724 
3771 6723 6725 
6723 1870 6725 
1955 4004 6726 
4004 1065 6726 
2247 3399 6727 
3399 283 6727 
3070 844 6728 
844 3069 6728 
465 5094 6729 
5094 2635 6729 
2412 4673 6895 
4673 568 6895 
876 3220 6731 
3220 1771 6731 
1771 3270 6732 
3270 835 6732 
850 5961 6733 
5961 3427 6733 
1828 3827 6734 
3827 1122 6734 
787 4064 6735 
4064 1925 6735 
1925 3985 6736 
3985 247 6736 
532 2769 6737 
2769 1925 6737 
1863 3528 6738 
3528 240 6738 
1775 5988 6739 
5988 1591 6739 
6050 2128 6740 
2128 869 6740 
6420 1775 6741 
1775 3073 6741 
2746 4426 6742 
4426 491 6742 
2432 4565 6743 
4565 284 6743 
283 3392 6744 
3392 1756 6744 
896 3801 6745 
3801 1767 6745 
909 2302 6746 
2302 1932 6746 
1932 2564 6747 
2564 295 6747 
271 4328 6748 
4328 1788 6748 
6749 2135 7038 
1510 6749 7038 
582 5009 6750 
5009 1998 6750 
72 3843 6751 
3843 1776 6751 
5697 3121 6752 
3121 1776 6752 
2607 3625 6753 
3625 381 6753 
1907 3565 6754 
3565 958 6754 
2016 3135 6755 
3135 3979 6755 
3494 1804 6756 
1804 4756 6756 
247 4258 6757 
4258 2856 6757 
1789 5175 6758 
5175 637 6758 
5202 5716 6759 
5716 131 6759 
2132 4744 6760 
4744 524 6760 
495 3556 6761 
3556 1710 6761 
2948 1877 6762 
1877 3892 6762 
890 3056 6763 
3056 3057 6763 
2062 4201 6764 
4201 1153 6764 
3568 1945 6765 
1945 3000 6765 
543 3353 6766 
3353 1853 6766 
2437 704 6767 
704 2439 6767 
1001 2591 6768 
2591 2592 6768 
2714 6432 6769 
6432 747 6769 
966 3477 6770 
3477 1772 6770 
1772 3477 6771 
3477 493 6771 
3925 1893 6772 
1893 2781 6772 
2003 2550 6773 
2550 261 6773 
1808 4449 6774 
4449 861 6774 
369 3760 6775 
3760 2119 6775 
2812 5934 6776 
5934 657 6776 
803 3139 6777 
3139 1920 6777 
3175 6306 6778 
6306 1223 6778 
1920 3139 6779 
3139 342 6779 
3459 1153 6780 
1153 2849 6780 
1895 4516 6781 
4516 624 6781 
105 2510 6782 
2510 1830 6782 
1830 4339 6783 
4339 1256 6783 
3256 1858 6784 
1858 3359 6784 
1802 2994 6785 
2994 585 6785 
1802 2777 6786 
2777 204 6786 
6786 2993 6787 
2993 839 6787 
109 2902 6788 
2902 1798 6788 
1798 2672 6789 
2672 572 6789 
841 3488 6790 
3488 1798 6790 
1831 3138 6791 
3138 226 6791 
2162 6144 6792 
6144 770 6792 
1047 4477 6793 
4477 3081 6793 
1896 2297 6794 
2297 990 6794 
3809 836 6795 
3052 6795 6858 
914 3176 6796 
3176 1364 6796 
2438 637 6797 
637 2179 6797 
2535 6254 6798 
6254 1436 6798 
4664 5030 6799 
5030 1473 6799 
3084 1350 6800 
1350 4605 6800 
775 2525 6801 
2525 960 6801 
2673 5862 6802 
5862 1537 6802 
371 2503 6803 
2503 1283 6803 
2884 6434 6804 
6434 169 6804 
6382 727 6805 
727 2500 6805 
5522 1490 6806 
1490 4741 6806 
1297 4188 6807 
4188 3105 6807 
349 4294 6808 
4294 1787 6808 
4804 5735 6809 
5735 492 6809 
905 3518 6810 
3518 2192 6810 
226 6404 6811 
6404 1834 6811 
377 3480 6812 
3480 1752 6812 
33 32 6813 
32 2853 6813 
1606 3726 6814 
3726 313 6814 
492 4091 6815 
4091 1786 6815 
897 3324 6816 
6816 3324 6818 
1782 2301 6817 
2301 244 6817 
540 2300 6818 
2300 1782 6818 
649 4693 6819 
4693 2594 6819 
1536 5206 6820 
5206 2103 6820 
937 3773 6821 
3773 1793 6821 
806 3430 6822 
3430 1793 6822 
1816 4559 6823 
4559 664 6823 
98 5710 6824 
5710 1816 6824 
1249 4559 6825 
4559 1816 6825 
1835 3706 6826 
3706 983 6826 
835 3270 6827 
3270 2013 6827 
2013 3825 6828 
3825 603 6828 
1934 2416 6829 
2416 1135 6829 
182 3570 6830 
3570 1934 6830 
5600 5767 6831 
5767 1791 6831 
1791 3959 6832 
3959 1043 6832 
310 3959 6833 
3959 1791 6833 
2070 563 6834 
563 3952 6834 
2572 6479 6835 
6479 1806 6835 
3296 2088 6836 
2088 3080 6836 
185 3723 6837 
3723 1817 6837 
3179 917 6838 
917 2573 6838 
2916 385 6839 
385 3244 6839 
985 3748 6840 
3748 2293 6840 
3814 501 6841 
501 3566 6841 
1862 3529 6842 
3529 565 6842 
138 5596 6843 
5596 2113 6843 
2588 5936 6844 
5936 1554 6844 
581 5010 6845 
5010 1996 6845 
907 3392 6846 
3392 1745 6846 
3353 898 6847 
898 3354 6847 
1811 6039 6848 
6039 735 6848 
1102 4055 6849 
4055 1811 6849 
2716 4867 6850 
4867 751 6850 
910 3415 6851 
3415 1749 6851 
5571 2988 6852 
2988 1586 6852 
2448 1979 6853 
1979 7 6853 
1670 2847 6854 
2847 2204 6854 
3915 1737 6855 
1737 3914 6855 
2964 6634 6856 
6634 2017 6856 
1890 3812 6857 
3812 545 6857 
836 3051 6858 
3051 1803 6858 
1803 3051 6859 
3051 156 6859 
1803 3241 6860 
3241 888 6860 
192 2745 6861 
2745 1861 6861 
782 2919 6862 
2919 1861 6862 
565 3134 6863 
3134 1861 6863 
4005 4274 6864 
4274 1521 6864 
5071 1357 6865 
1357 3614 6865 
3492 6347 6866 
6347 1800 6866 
2870 6139 6867 
6139 1704 6867 
2241 4455 6868 
4455 325 6868 
5734 2316 6869 
2316 620 6869 
1318 2083 6870 
2083 591 6870 
3773 937 6871 
937 2873 6871 
3039 2562 6872 
2562 126 6872 
2581 5288 6873 
5288 57 6873 
3298 45 6874 
45 46 6874 
42 3299 6875 
3299 1997 6875 
893 2987 6876 
2987 2069 6876 
3095 331 6877 
331 2990 6877 
2894 5827 6878 
5827 1572 6878 
564 2875 6879 
2875 1906 6879 
1253 4422 6880 
4422 1834 6880 
1834 4422 6881 
4422 642 6881 
6882 4584 6900 
1582 3307 6882 
716 4766 6883 
4766 2038 6883 
1293 2619 6884 
2619 628 6884 
2170 5565 6885 
5565 2169 6885 
1812 2841 6886 
2841 914 6886 
1812 4143 6887 
4143 925 6887 
2173 636 6888 
636 2417 6888 
2791 6665 6889 
6665 670 6889 
2184 3311 6890 
3311 618 6890 
2169 3796 6891 
3796 450 6891 
2277 2306 6892 
2306 5654 6892 
1171 6037 6893 
6037 2225 6893 
3949 2563 6894 
2563 1158 6894 
2060 2411 6895 
2411 2412 6895 
82 3144 6896 
3144 1916 6896 
1916 5221 6897 
5221 732 6897 
802 2933 6898 
2933 1916 6898 
4952 2257 6899 
2257 2077 6899 
194 3425 6900 
3425 1582 6900 
2117 3155 6901 
3155 671 6901 
2866 1077 6902 
1077 4065 6902 
3197 1366 6903 
1366 3942 6903 
2403 6436 6904 
6436 665 6904 
6423 3145 6905 
3145 950 6905 
1822 3847 6906 
3847 221 6906 
1824 3929 6907 
3929 259 6907 
342 3139 6908 
3139 1448 6908 
578 3731 6909 
3731 1995 6909 
4109 4110 6910 
4110 1474 6910 
6172 2428 6911 
2428 817 6911 
1810 3738 6912 
3738 881 6912 
1810 3693 6913 
3693 540 6913 
3278 15 6914 
15 14 6914 
2899 5183 6915 
5183 1352 6915 
1330 2940 6916 
2940 1884 6916 
1884 3554 6917 
3554 556 6917 
4752 1764 6918 
1764 3503 6918 
6302 5037 6919 
5037 1818 6919 
1818 3782 6920 
3782 995 6920 
2547 6564 6922 
6564 813 6922 
1025 5548 6923 
5548 2547 6923 
2548 3352 6923 
3352 1025 6923 
1089 2511 6924 
2511 320 6924 
3944 786 6925 
786 3901 6925 
1975 3992 6926 
3992 594 6926 
1975 3788 6927 
3788 228 6927 
2692 5650 6928 
5650 745 6928 
272 6596 6929 
6596 2035 6929 
6744 1756 6930 
1756 3562 6930 
1431 5464 6931 
5464 1891 6931 
1886 4574 6932 
4574 1260 6932 
621 3821 6933 
3821 2165 6933 
3408 1514 6934 
1514 3684 6934 
3278 2965 6935 
2965 16 6935 
1839 3820 6936 
3820 524 6936 
4942 3343 6937 
3343 1115 6937 
1962 4989 6938 
4989 102 6938 
1814 5348 6939 
5348 79 6939 
5757 847 6940 
847 5031 6940 
2778 4828 6941 
4828 357 6941 
2626 5400 6942 
5400 1423 6942 
576 2761 6943 
2761 1963 6943 
745 3560 6944 
3560 1963 6944 
860 2625 6945 
6945 2625 6947 
1819 4282 6946 
4282 1204 6946 
431 4282 6947 
4282 1819 6947 
3280 6352 6948 
6352 1444 6948 
1427 4580 6949 
4580 2655 6949 
799 3486 6950 
3486 2137 6950 
2055 4870 6952 
4870 2054 6952 
574 5874 6952 
5874 2055 6952 
33 6813 6953 
6813 3549 6953 
180 4478 6954 
6954 4478 6955 
1210 2693 6955 
2693 1899 6955 
1021 3647 6956 
3647 4706 6956 
3815 330 6957 
1053 2528 7098 
2126 3262 6958 
3262 128 6958 
3791 991 6959 
991 3531 6959 
571 3830 6960 
3830 1828 6960 
256 3827 6961 
3827 1828 6961 
673 4959 6962 
4959 2259 6962 
243 3990 6963 
3990 2114 6963 
2425 60 6964 
60 2583 6964 
1075 2401 6965 
2401 678 6965 
2491 1464 6966 
1464 3938 6966 
2127 3976 6967 
3976 1306 6967 
1223 3012 6968 
3012 1815 6968 
1358 4528 6969 
1815 6969 6970 
6969 4528 6970 
4528 809 6970 
6462 3556 6971 
3556 1711 6971 
6707 2418 6972 
2418 1016 6972 
5953 3374 6973 
3374 1825 6973 
2978 806 6974 
806 2979 6974 
1472 2141 6975 
2141 4116 6975 
1354 3376 6976 
3376 924 6976 
2063 6513 6977 
6513 1837 6977 
1832 2988 6978 
2988 1098 6978 
2527 184 6979 
184 4308 6979 
920 3406 6980 
3406 1829 6980 
449 3019 6981 
6981 3019 6982 
921 3018 6982 
3018 1829 6982 
2082 3370 6983 
3370 926 6983 
1872 3960 6984 
3960 737 6984 
3958 6116 6985 
6116 1872 6985 
5063 6985 6986 
6985 1872 6986 
1112 4680 6987 
4680 1849 6987 
1871 4033 6988 
4033 733 6988 
1986 5721 6989 
5721 173 6989 
4416 3245 6990 
3245 1021 6990 
1726 6498 6991 
6498 3939 6991 
2596 4813 6992 
4813 1411 6992 
4218 1981 6993 
1981 3110 6993 
2210 3768 6994 
3768 1045 6994 
3421 6394 6995 
6394 1881 6995 
793 4123 6996 
4123 2033 6996 
387 3826 6997 
3826 2033 6997 
2733 5267 6998 
5267 1414 6998 
2437 1409 6999 
1409 4121 6999 
1846 3133 7000 
3133 203 7000 
193 4068 7001 
4068 1943 7001 
5872 7001 7002 
7001 1943 7002 
1943 4068 7003 
4068 1148 7003 
2855 6340 7004 
6340 1655 7004 
2795 5107 7005 
5107 773 7005 
972 3500 7006 
3500 2295 7006 
1291 2695 7007 
2695 1115 7007 
2749 5791 7008 
5791 547 7008 
579 5682 7009 
5682 1867 7009 
582 4154 7010 
7010 4154 7011 
4153 7009 7011 
7009 1867 7011 
2134 5797 7012 
5797 1531 7012 
1842 3153 7013 
3153 174 7013 
513 3524 7014 
3524 1842 7014 
859 3153 7015 
3153 1842 7015 
1883 4625 7016 
4625 1197 7016 
1941 2944 7017 
2944 279 7017 
800 2782 7018 
2782 1941 7018 
1941 2782 7019 
2782 609 7019 
1206 2521 7020 
2521 334 7020 
188 3077 7021 
3077 1340 7021 
5634 1770 7022 
1770 4384 7022 
2207 4238 7023 
4238 335 7023 
588 3746 7024 
3746 2092 7024 
1956 4822 7025 
4822 1329 7025 
3668 1734 7026 
1734 3956 7026 
2116 6073 7028 
6073 706 7028 
2117 6485 7028 
6485 2116 7028 
2884 864 7029 
864 4060 7029 
2699 3534 7030 
3534 650 7030 
2344 6060 7031 
6060 1619 7031 
127 3128 7032 
3128 1888 7032 
545 3577 7033 
3577 1888 7033 
858 3963 7034 
3963 1888 7034 
6464 3015 7035 
3015 1892 7035 
1892 3708 7036 
3708 1728 7036 
1363 5035 7037 
5035 1938 7037 
2773 5533 7038 
5533 1510 7038 
2458 2944 7039 
2944 842 7039 
1918 5382 7040 
5382 1475 7040 
925 2067 7041 
2067 2427 7041 
1246 3775 7042 
3775 3340 7042 
1831 5467 7043 
5467 794 7043 
1106 3464 7044 
3464 2086 7044 
2086 4563 7045 
4563 939 7045 
6912 3048 7046 
3048 208 7046 
906 3168 7047 
3168 1705 7047 
2382 4170 7048 
4170 1876 7048 
1221 3103 7049 
3103 1876 7049 
539 3361 7050 
3361 2147 7050 
2420 4821 7051 
4821 840 7051 
561 3343 7052 
3343 1940 7052 
1940 4316 7053 
4316 121 7053 
1893 4807 7054 
4807 1271 7054 
5796 2610 7055 
2610 1691 7055 
432 2917 7056 
2917 1469 7056 
1038 3730 7057 
3730 1930 7057 
1930 2895 7058 
2895 136 7058 
2085 6059 7059 
6059 287 7059 
6752 1776 7060 
1776 3843 7060 
1435 3116 7061 
3116 853 7061 
2302 5640 7062 
5640 90 7062 
1688 6477 7063 
6477 3703 7063 
3126 6500 7064 
6500 1696 7064 
1948 5068 7065 
5068 812 7065 
6598 2097 7066 
2097 1908 7066 
623 3114 7067 
3114 1534 7067 
1111 3298 7068 
3298 1995 7068 
1997 3299 7069 
3299 1111 7069 
648 3674 7070 
3674 1878 7070 
5393 2189 7071 
2189 2188 7071 
2188 5612 7072 
5612 947 7072 
299 5177 7073 
5177 2188 7073 
1976 3832 7074 
3832 596 7074 
1574 4947 7075 
4947 2220 7075 
3816 1054 7076 
1054 2648 7076 
4317 844 7077 
844 5112 7077 
1959 3513 7078 
3513 577 7078 
5972 1405 7079 
1405 3686 7079 
3342 7080 7114 
3342 179 7080 
3289 6111 7081 
6111 1844 7081 
2640 6717 7082 
6717 1763 7082 
1387 5264 7083 
5264 2744 7083 
2641 3916 7084 
3916 1145 7084 
266 6026 7085 
6026 2001 7085 
2001 3907 7086 
3907 1063 7086 
625 3907 7087 
3907 2001 7087 
2919 5854 7088 
5854 1232 7088 
3094 2214 7089 
2214 3861 7089 
4148 6852 7090 
6852 1586 7090 
1410 5302 7091 
5302 2436 7091 
2166 4145 7092 
4145 293 7092 
2166 4045 7093 
4045 879 7093 
3049 600 7094 
600 4080 7094 
2398 4882 7095 
4882 373 7095 
1505 5014 7096 
5014 1853 7096 
2297 4859 7097 
4859 728 7097 
2528 6957 7098 
6957 330 7098 
2522 2747 7099 
2747 923 7099 
3062 7100 7101 
3062 415 7100 
2892 6696 7101 
6696 792 7101 
2853 3917 7102 
3917 1075 7102 
40 4370 7103 
4370 2802 7103 
1061 3521 7104 
3521 2460 7104 
389 3479 7105 
3479 2107 7105 
1851 3705 7106 
3705 190 7106 
528 4010 7107 
4010 1851 7107 
1859 3932 7108 
3932 1150 7108 
1859 2788 7109 
2788 766 7109 
519 3932 7110 
3932 1859 7110 
2600 6890 7111 
6890 618 7111 
5943 5866 7112 
5866 144 7112 
2068 3391 7113 
3391 476 7113 
1857 3256 7114 
3256 887 7114 
2000 2945 7115 
2945 1008 7115 
394 2945 7116 
2945 2000 7116 
788 4155 7117 
4155 2000 7117 
2108 3627 7118 
3627 1769 7118 
2622 3699 7119 
3699 1013 7119 
3993 814 7120 
814 3003 7120 
84 4221 7121 
4221 1935 7121 
5530 471 7122 
471 3618 7122 
3738 6913 7123 
6913 540 7123 
3229 2962 7124 
2962 3940 7124 
6205 816 7125 
816 2883 7125 
2254 6447 7126 
6447 550 7126 
