0
39
40
41
42
43
44
45
46
47
49
51
52
53
54
55
56
57
59
60
61
62
63
64
65
67
73
75
77
80
90
113
121
131
139
140
153
155
171
174
175
176
177
180
198
199
206
212
213
215
230
231
243
244
253
254
280
285
286
287
289
290
299
300
304
305
306
307
309
333
334
342
343
387
464
465
474
475
478
479
481
487
510
511
514
515
518
526
527
530
531
534
535
540
541
571
583
587
588
591
592
602
621
622
624
642
643
658
661
669
680
697
698
732
733
735
736
741
742
745
746
748
749
752
761
762
820
821
891
892
893
909
910
911
912
913
914
925
926
935
936
969
970
990
991
1000
1001
1006
1007
1020
1021
1024
1025
1034
1035
1036
1037
1038
1043
1044
1045
1046
1047
1048
1049
1050
1058
1059
1060
1076
1077
1078
1079
1132
1146
1147
1164
1165
1176
1177
1178
1179
1180
1181
1202
1203
1204
1205
1212
1213
1214
1215
1216
1256
1257
1259
1296
1299
1300
1318
1319
1328
1377
1383
1402
1403
1440
1441
1456
1457
1472
1473
1500
1504
1505
1522
1523
1530
1531
1532
1533
1556
1557
1564
1565
1580
1613
1614
1620
1621
1624
1625
1634
1635
1636
1637
1667
1675
1676
1703
1758
1783
1790
1791
1826
1827
1840
1845
1846
1853
1854
1855
1856
1907
1908
1909
1910
1932
1935
1936
1955
1956
1957
1958
1962
1963
1968
1969
2002
2003
2014
2015
2016
2017
2018
2019
2020
2021
2028
2029
2055
2064
2065
2076
2077
2088
2089
2090
2091
2110
2111
2112
2113
2117
2118
2119
2123
2124
2125
2126
2156
2157
2161
2197
2198
2199
2200
2234
2235
2236
2237
2238
2239
2246
2247
2254
2255
2270
2271
2355
2384
2385
2390
2391
2392
2395
2396
2397
2398
2411
2412
2420
2423
2424
2425
2426
2429
2430
2433
2434
2447
2488
2492
2505
2516
2517
2518
2547
2548
2569
2570
2571
2572
2603
2604
2613
2614
2615
2616
2617
2618
2625
2626
2649
2650
2656
2657
2658
2708
2709
2710
2711
2751
2752
2759
2760
2773
2774
2777
2778
2828
2829
2830
2831
2832
2833
2834
2835
2883
2884
2895
2896
2926
2927
2946
2947
2958
2992
2993
3018
3019
3020
3021
3022
3023
3047
3048
3055
3057
3058
3080
3081
3123
3124
3143
3144
3180
3181
3182
3183
3200
3201
3212
3213
3226
3227
3228
3234
3235
3285
3286
3309
3310
3343
3344
3351
3352
3367
3368
3387
3388
3405
3412
3413
3424
3426
3428
3429
3445
3446
3473
3474
3491
3492
3495
3496
3497
3498
3501
3502
3503
3526
3527
3544
3545
3546
3547
3554
3555
3556
3557
3564
3565
3576
3577
3588
3589
3594
3595
3601
3602
3603
3604
3616
3625
3626
3631
3632
3673
3674
3679
3680
3681
3682
3685
3686
3698
3699
3704
3705
3708
3709
3730
3731
3734
3735
3746
3747
3757
3758
3773
3787
3806
3807
3830
3831
3840
3841
3846
3847
3855
3856
3857
3858
3871
3872
3885
3886
3887
3888
3889
3890
3918
3919
3926
3927
3928
3929
3950
3951
3952
3953
3954
3955
3962
3963
3982
3983
3984
3985
3986
3987
4008
4009
4022
4023
4024
4025
4026
4027
4036
4037
4040
4041
4044
4045
4046
4047
4060
4061
4088
4089
4094
4095
4096
4097
4103
4104
4117
4118
4119
4120
4121
4122
4127
4128
4149
4150
4161
4162
4171
4172
4173
4174
4175
4203
4204
4268
4269
4289
4290
4339
4340
4361
4362
4383
4384
4391
4392
4397
4398
4437
4438
4458
4459
4460
4461
4500
4501
4513
4518
4519
4552
4553
4564
4565
4566
4567
4568
4569
4574
4575
4588
4589
4590
4591
4600
4601
4604
4605
4625
4626
4627
4628
4657
4658
4665
4674
4675
4728
4729
4778
4779
4858
4859
4860
4861
4879
4880
4887
4888
4892
4893
4907
4908
4970
4971
4976
4977
4978
4979
5003
5004
5019
5020
5021
5022
5023
5024
5025
5026
5027
5028
5057
5058
5061
5062
5069
5070
5116
5117
5118
5119
5128
5162
5163
5170
5171
5184
5185
5220
5221
5232
5233
5234
5235
5243
5272
5273
5274
5275
5276
5277
5298
5299
5300
5301
5343
5344
5357
5358
5359
5360
5363
5364
5367
5368
5381
5387
5388
5401
5402
5460
5461
5466
5467
5484
5485
5486
5487
5493
5502
5503
5506
5507
5529
5530
5559
5560
5567
5568
5583
5584
5585
5586
5601
5602
5603
5604
5631
5632
5635
5643
5644
5668
5669
5670
5671
5681
5682
5683
5684
5729
5730
5737
5738
5779
5780
5781
5782
5783
5784
5785
5786
5787
5788
5791
5792
5803
5804
5858
5859
5915
5960
5961
5968
5969
5970
5971
5989
5990
5991
5992
5993
5994
5997
5998
6006
6007
6008
6027
6028
6053
6054
6063
6064
6117
6118
6132
6133
6134
6217
6218
6219
6220
6221
6222
6256
6257
6272
6273
6288
6289
6376
6377
6422
6423
6433
6434
6437
6438
6439
6440
6441
6442
6481
6482
6511
6512
6516
6517
6539
6569
6570
6592
6593
6596
6597
6604
6605
6610
6611
6638
6639
6640
6641
6658
6659
6666
6667
6704
6705
6710
6711
6713
6722
6723
6740
6741
6744
6745
6757
6790
6792
6793
6804
6805
6818
6819
6834
6835
6862
6863
6864
6865
6920
6921
6922
6923
6924
6925
6932
6933
6954
6955
6958
6959
6966
6967
6998
6999
7012
7013
7014
7077
7078
7079
7080
7081
7082
7085
7088
7095
7096
7121
7122
7137
7138
7141
7142
7179
7180
7211
7212
7219
7220
7227
7228
7259
7260
7261
7262
7323
7324
7347
7348
7353
7354
7355
7356
7357
7358
7385
7387
7388
7407
7408
7417
7418
7435
7436
7445
7446
7457
7458
7463
7464
7485
7486
7519
7520
7531
7532
7601
7606
7629
7630
7661
7673
7674
7679
7680
7695
7696
7703
7704
7713
7714
7715
7716
7737
7738
7741
7742
7745
7746
7759
7760
7773
7774
7783
7784
7832
7833
7840
7841
7842
7843
7860
7861
7862
7863
7876
7877
7878
7879
7896
7897
7906
7907
7912
7913
7924
7925
7934
7935
7938
7939
7948
7949
7950
7951
7960
7961
8004
8005
8016
8017
8029
8030
8031
8032
8033
8034
8039
8040
8061
8062
8065
8066
8087
8088
8089
8090
8099
8100
8135
8136
8145
8146
8149
8150
8151
8152
8161
8162
8173
8174
8177
8178
8179
8180
8181
8182
8183
8184
8203
8204
8219
8220
8251
8252
8275
8276
8281
8282
8309
8310
8321
8322
8337
8338
8347
8348
8349
8350
8361
8362
8367
8368
8427
8428
8449
8450
8455
8456
8467
8468
8475
8476
8477
8478
8479
8480
8491
8492
8499
8500
8503
8504
8505
8506
8512
8519
8520
8541
8542
8555
8556
8557
8558
8569
8570
8581
8582
8587
8588
8605
8606
8633
8634
8697
8698
8729
8730
8731
8732
8737
8738
8804
8805
8808
8809
8810
8811
8820
8821
8822
8823
8824
8825
8848
8866
8867
8868
8869
8878
8879
8880
8881
8882
8883
8892
8893
8894
8895
8928
8929
8986
8987
9005
9028
9029
9048
9049
9054
9055
9058
9059
9087
9090
9091
9092
9093
9106
9107
9122
9123
9142
9143
9144
9145
9159
9160
9163
9164
9165
9166
9167
9168
9175
9176
9177
9178
9184
9234
9235
9258
9259
9262
9263
9264
9265
9295
9296
9303
9304
9309
9310
9326
9327
9346
9347
9362
9363
9368
9369
9392
9393
9394
9395
9406
9407
9412
9413
9414
9415
9424
9425
9438
9439
9468
9469
9482
9483
9484
9485
9486
9487
9488
9489
9490
9491
9492
9493
9522
9523
9530
9531
9578
9579
9603
9604
9605
9606
9635
9636
9640
9649
9650
9709
9710
9711
9744
9745
9748
9749
9770
9771
9774
9775
9786
9787
9788
9789
9792
9793
9806
9807
9808
9809
9810
9811
9814
9815
9817
9818
9819
9820
9821
9822
9823
9826
9827
9832
9833
9836
9837
9843
9844
9845
9870
9871
9880
9881
9882
9883
9884
9885
9886
9887
9892
9893
9902
9903
9924
9925
9940
9941
9942
9943
9952
9953
9990
9991
10000
10001
10024
10025
10026
10027
10028
10029
10032
10033
10034
10035
10040
10041
10076
10077
10080
10081
10150
10151
10152
10153
10156
10157
10158
10159
10160
10161
10182
10183
10204
10205
10244
10245
10262
10263
10272
10273
10280
10281
10286
10287
10294
10295
10324
10358
10359
10379
10380
10392
10393
10419
10430
10431
10456
10457
10486
10487
10500
10501
10520
10521
10522
10523
10542
10543
10552
10553
10554
10555
10558
10559
10576
10577
10616
10617
10624
10625
10650
10651
10672
10673
10730
10731
10732
10733
10818
10819
10894
10895
10908
10909
10912
10914
10915
10964
10965
10968
10969
10978
10992
10993
11010
11011
11058
11059
11072
11073
11098
11099
11126
11127
11130
11131
11136
11137
11140
11141
11142
11143
11153
11154
11155
11156
11157
11162
11163
11164
11165
11240
11241
11242
11243
11260
11261
11302
11303
11324
11325
11356
11357
11358
11359
11360
11361
11364
11365
11378
11379
11394
11395
11402
11403
11414
11415
11432
11438
11439
11520
11521
11522
11523
11536
11552
11553
11560
11561
11578
11579
11580
11581
11596
11597
11622
11623
11624
11625
11626
11627
11658
11659
11668
11669
11688
11689
11696
11697
11698
11699
11706
11707
11754
11755
11766
11767
11770
11771
11784
11785
11800
11801
11806
11807
11822
11823
11832
11833
11850
11851
11852
11853
11882
11883
11884
11885
11886
11887
11938
11939
11940
11941
11942
11943
11970
11971
11982
11983
12000
12001
12012
12013
12044
12045
12060
12061
12124
12125
12148
12149
12150
12151
12162
12163
12170
12171
12176
12177
12178
12179
12180
12181
12196
12197
12206
12207
12220
12221
12228
12229
12236
12237
12254
12255
12264
12265
12336
12337
12342
12343
12344
12345
12346
12347
12364
12365
12376
12406
12407
12480
12481
12494
12495
12506
12507
12532
12533
12552
12553
12558
12559
12590
12591
12594
12595
12596
12597
12624
12625
12626
12627
12640
12641
12644
12645
12656
12657
12658
12659
12664
12665
12668
12669
12688
12689
12708
12709
12734
12735
12790
12791
12820
12821
12838
12839
12850
12851
12880
12881
12900
12901
12908
12909
12911
12930
12931
12940
12941
12942
12943
12944
12945
12967
12982
12983
12998
12999
13020
13021
13022
13023
13024
13025
13038
13039
13054
13055
13058
13059
13080
13081
13104
13106
13107
13108
13109
13138
13139
13162
13163
13240
13241
13254
13255
13286
13287
13292
13293
13304
13305
13354
13355
13364
13365
13372
13373
13392
13393
13400
13401
13434
13435
13462
13463
13470
13471
13476
13477
13500
13501
13502
13503
13514
13515
13520
13521
13544
13545
13560
13561
13568
13569
13574
13575
13576
13577
13578
13579
13616
13617
13618
13619
13620
13621
13632
13656
13657
13664
13665
13694
13695
13738
13739
13748
13749
13752
13798
13799
13800
13801
13802
13803
13818
13819
13820
13821
13822
13823
