99
101
103
110
116
117
145
146
150
154
205
208
220
222
223
224
266
267
268
283
284
310
311
318
319
329
330
331
332
349
350
351
352
353
358
362
363
380
390
391
398
399
417
418
423
424
439
440
443
444
488
491
492
536
537
550
551
558
559
610
611
617
618
619
626
640
641
647
648
651
652
653
654
656
657
681
685
686
721
726
727
790
791
792
793
794
795
796
811
816
840
841
852
853
854
855
862
863
864
865
887
888
889
890
927
928
937
938
955
956
963
964
971
972
973
974
989
1010
1011
1012
1013
1056
1057
1064
1065
1068
1072
1073
1074
1075
1099
1111
1112
1125
1126
1127
1128
1133
1140
1141
1150
1151
1182
1183
1188
1189
1192
1193
1197
1198
1217
1236
1237
1238
1239
1240
1254
1255
1264
1265
1267
1268
1303
1304
1305
1306
1307
1308
1314
1315
1326
1327
1341
1342
1360
1361
1382
1392
1393
1395
1446
1447
1464
1465
1503
1508
1509
1510
1524
1525
1526
1527
1562
1563
1566
1567
1596
1597
1628
1629
1630
1631
1638
1639
1649
1650
1651
1652
1683
1684
1691
1692
1693
1723
1724
1726
1731
1732
1762
1763
1778
1779
1780
1781
1788
1789
1806
1807
1816
1817
1828
1867
1868
1889
1890
1913
1914
1925
1926
1939
1940
1969
1991
1992
1993
1994
2012
2013
2038
2039
2042
2043
2062
2063
2066
2067
2094
2095
2105
2106
2114
2115
2168
2177
2178
2196
2209
2210
2211
2212
2213
2214
2226
2227
2262
2263
2290
2291
2300
2301
2302
2303
2322
2323
2324
2325
2326
2334
2335
2340
2341
2373
2413
2414
2435
2436
2462
2469
2470
2475
2476
2477
2478
2490
2493
2494
2502
2506
2507
2519
2538
2539
2540
2544
2593
2594
2619
2620
2621
2622
2637
2638
2666
2667
2670
2671
2672
2673
2674
2675
2688
2689
2696
2697
2702
2703
2704
2705
2706
2707
2724
2725
2734
2735
2740
2741
2742
2743
2789
2790
2808
2809
2817
2818
2848
2849
2858
2859
2881
2882
2893
2894
2920
2921
2922
2923
2950
2951
2966
2967
2970
2971
2976
2977
2978
2979
2980
2981
3000
3001
3039
3040
3069
3070
3073
3104
3105
3106
3107
3133
3134
3155
3156
3157
3158
3159
3160
3161
3162
3166
3167
3168
3171
3172
3188
3189
3222
3223
3240
3260
3261
3262
3263
3264
3265
3305
3306
3327
3328
3329
3330
3335
3336
3337
3338
3356
3373
3374
3375
3376
3393
3394
3416
3417
3432
3433
3443
3444
3447
3448
3459
3460
3461
3462
3477
3478
3506
3507
3528
3529
3566
3567
3568
3569
3570
3571
3584
3585
3617
3618
3663
3664
3687
3702
3703
3710
3711
3716
3722
3723
3781
3782
3783
3792
3793
3861
3873
3874
3875
3876
3877
3878
3879
3880
3881
3882
3896
3897
3898
3899
3904
3905
3936
3937
3968
3969
3974
3975
4006
4007
4042
4043
4054
4055
4056
4062
4063
4064
4065
4066
4067
4070
4071
4139
4140
4141
4142
4145
4146
4153
4154
4155
4156
4157
4158
4201
4202
4205
4206
4223
4224
4273
4274
4291
4294
4295
4306
4307
4308
4309
4369
4370
4371
4372
4373
4374
4403
4404
4405
4406
4407
4408
4423
4424
4470
4471
4488
4489
4508
4509
4516
4517
4522
4523
4554
4555
4582
4583
4597
4614
4615
4622
4623
4624
4631
4632
4633
4634
4635
4647
4648
4649
4650
4651
4652
4653
4654
4655
4656
4659
4688
4689
4690
4691
4692
4693
4698
4699
4704
4705
4730
4731
4742
4743
4754
4755
4756
4757
4758
4782
4783
4790
4791
4792
4793
4794
4795
4796
4797
4804
4805
4806
4807
4814
4816
4817
4818
4819
4826
4827
4836
4837
4848
4849
4891
4931
4932
4939
4940
4942
4943
4952
4953
4972
4973
4996
5007
5008
5017
5018
5033
5034
5041
5042
5065
5066
5071
5072
5073
5074
5085
5086
5101
5102
5109
5112
5113
5124
5125
5126
5129
5138
5139
5156
5157
5168
5169
5182
5183
5201
5202
5252
5253
5266
5267
5270
5271
5278
5279
5302
5303
5306
5307
5316
5317
5337
5338
5339
5340
5355
5356
5369
5370
5373
5374
5377
5378
5397
5398
5416
5417
5420
5421
5424
5425
5432
5433
5480
5481
5494
5514
5515
5520
5524
5525
5526
5545
5546
5593
5594
5597
5598
5605
5606
5676
5678
5689
5690
5691
5692
5719
5720
5753
5754
5775
5776
5831
5832
5833
5834
5835
5836
5837
5838
5870
5871
5910
5911
5920
5921
5926
5927
5944
5945
5987
5988
6013
6014
6029
6030
6041
6042
6129
6130
6147
6148
6167
6168
6173
6174
6215
6216
6250
6251
6254
6255
6270
6271
6302
6303
6310
6311
6314
6315
6338
6339
6340
6341
6356
6357
6358
6359
6360
6361
6362
6363
6400
6401
6418
6419
6443
6444
6445
6446
6463
6464
6497
6498
6507
6508
6513
6514
6520
6521
6528
6529
6555
6556
6573
6574
6575
6576
6581
6582
6614
6615
6616
6617
6630
6631
6636
6637
6684
6685
6688
6689
6690
6691
6692
6693
6716
6717
6726
6727
6728
6729
6732
6733
6738
6739
6746
6747
6820
6821
6856
6857
6858
6859
6860
6861
6888
6889
6894
6895
6896
6897
6900
6901
6940
6941
6972
6973
6974
6975
6976
6977
6984
6985
6992
6993
6994
6995
7020
7021
7022
7023
7024
7025
7028
7055
7056
7065
7066
7067
7068
7069
7070
7101
7102
7103
7104
7105
7106
7123
7135
7136
7163
7164
7165
7166
7171
7172
7185
7186
7187
7188
7233
7234
7265
7266
7295
7296
7315
7316
7317
7318
7331
7332
7343
7344
7367
7368
7389
7390
7393
7394
7427
7428
7447
7448
7461
7462
7473
7474
7475
7476
7477
7478
7489
7490
7491
7492
7497
7498
7499
7500
7517
7518
7545
7546
7599
7600
7613
7614
7625
7626
7639
7640
7653
7654
7663
7664
7681
7682
7717
7718
7719
7720
7725
7726
7753
7754
7755
7756
7797
7798
7807
7808
7815
7816
7824
7825
7830
7831
7846
7847
7866
7867
7892
7893
7932
7933
7941
7954
7955
7956
7957
7962
7963
7970
7971
7982
7983
8018
8019
8027
8028
8104
8113
8114
8117
8118
8119
8120
8217
8218
8235
8236
8253
8254
8261
8262
8263
8264
8279
8280
8285
8287
8288
8289
8290
8301
8302
8303
8304
8319
8320
8331
8332
8333
8334
8335
8336
8345
8346
8393
8394
8405
8406
8411
8412
8413
8414
8421
8422
8433
8434
8437
8438
8515
8516
8531
8532
8533
8534
8559
8560
8563
8564
8573
8574
8591
8592
8597
8598
8611
8612
8721
8722
8723
8724
8745
8746
8773
8774
8798
8799
8800
8801
8854
8855
8856
8857
8890
8891
8900
8901
8902
8903
8924
8925
8970
8971
8984
8985
8988
9000
9001
9002
9003
9005
9006
9007
9008
9009
9022
9023
9062
9063
9072
9073
9074
9075
9076
9077
9094
9095
9098
9099
9100
9101
9102
9103
9124
9125
9195
9196
9220
9221
9222
9223
9224
9225
9228
9229
9230
9231
9232
9233
9287
9288
9299
9300
9301
9302
9312
9313
9314
9315
9316
9317
9338
9339
9354
9355
9360
9361
9366
9367
9400
9401
9402
9403
9404
9405
9416
9417
9418
9419
9426
9427
9452
9453
9459
9460
9461
9476
9477
9480
9481
9500
9501
9532
9533
9538
9539
9556
9557
9590
9591
9627
9628
9641
9642
9651
9652
9655
9656
9663
9664
9684
9685
9688
9689
9696
9697
9704
9705
9712
9713
9772
9773
9780
9781
9782
9783
9784
9785
9794
9795
9926
9927
9938
9939
9946
9948
9949
9958
9959
9966
9967
10008
10009
10012
10013
10044
10045
10048
10049
10068
10069
10084
10085
10086
10087
10088
10089
10090
10091
10094
10095
10108
10109
10110
10111
10112
10113
10120
10121
10126
10127
10128
10129
10140
10141
10142
10143
10144
10145
10146
10147
10148
10149
10154
10155
10162
10163
10168
10169
10176
10177
10184
10185
10186
10187
10188
10189
10208
10209
10278
10279
10288
10289
10298
10299
10300
10301
10344
10345
10346
10347
10352
10353
10394
10395
10422
10423
10438
10439
10460
10461
10462
10463
10464
10465
10466
10467
10504
10505
10516
10517
10544
10545
10546
10547
10596
10597
10598
10599
10600
10601
10604
10605
10654
10655
10656
10657
10658
10659
10666
10667
10668
10669
10670
10671
10674
10675
10692
10693
10694
10695
10706
10707
10708
10709
10718
10719
10720
10721
10734
10735
10736
10737
10740
10741
10762
10763
10770
10771
10788
10789
10802
10803
10804
10805
10806
10807
10808
10809
10812
10813
10852
10853
10854
10855
10860
10861
10924
10925
10926
10927
10934
10935
10936
10937
10938
10939
10950
10951
10952
10953
10954
10955
11000
11001
11002
11003
11004
11005
11012
11013
11080
11081
11082
11083
11088
11089
11138
11139
11166
11167
11170
11171
11172
11173
11174
11175
11190
11191
11196
11197
11220
11221
11248
11249
11268
11269
11278
11279
11282
11283
11308
11309
11332
11333
11336
11337
11348
11349
11422
11423
11424
11425
11444
11445
11452
11453
11474
11475
11476
11477
11526
11527
11538
11539
11556
11557
11608
11609
11628
11629
11630
11631
11652
11653
11660
11661
11662
11663
11664
11665
11708
11709
11710
11711
11726
11727
11748
11749
11751
11786
11787
11790
11791
11814
11815
11818
11819
11844
11845
11856
11857
11864
11865
11892
11893
11894
11895
11898
11899
11912
11913
11914
11915
11916
11917
11962
11963
11980
11981
11996
11997
12010
12011
12054
12055
12058
12059
12066
12067
12126
12127
12128
12129
12136
12137
12138
12139
12156
12157
12164
12165
12166
12167
12192
12193
12214
12215
12218
12219
12234
12235
12246
12247
12258
12259
12260
12261
12262
12263
12268
12269
12286
12287
12304
12305
12320
12321
12338
12339
12356
12357
12360
12361
12366
12367
12372
12373
12378
12379
12392
12393
12432
12433
12450
12458
12459
12460
12461
12478
12479
12502
12503
12550
12551
12562
12563
12564
12565
12572
12573
12574
12575
12576
12577
12582
12592
12593
12628
12629
12630
12631
12648
12649
12674
12675
12722
12723
12758
12759
12760
12761
12766
12767
12786
12808
12809
12810
12811
12814
12815
12816
12817
12818
12819
12836
12837
12848
12849
12860
12861
12868
12869
12872
12873
12874
12875
12886
12887
12920
12921
12938
12939
12968
12969
12978
12979
12990
12991
13026
13027
13032
13033
13056
13057
13060
13061
13062
13063
13064
13065
13152
13153
13158
13159
13224
13225
13226
13227
13252
13253
13284
13285
13288
13289
13290
13291
13300
13301
13348
13349
13350
13351
13352
13353
13370
13371
13394
13395
13418
13419
13424
13425
13426
13427
13446
13447
13448
13449
13450
13451
13452
13453
13454
13455
13480
13481
13482
13483
13488
13489
13542
13543
13546
13547
13610
13611
13628
13629
13630
13631
13667
13674
13675
13688
13689
13710
13711
13712
13713
13718
13719
13720
13722
13723
13746
13747
13754
13755
13780
13781
13815
13836
13837
13844
13845
13846
13847
13848
13849
13852
13853
13858
13859
