100
104
106
115
127
128
144
152
169
179
209
210
217
218
221
269
270
320
321
326
327
328
335
336
337
338
339
346
347
360
361
368
369
370
373
378
379
382
383
400
462
463
489
490
495
506
507
524
525
532
533
546
547
548
549
553
554
555
576
577
636
637
638
639
644
671
674
675
676
677
678
682
683
684
709
710
720
722
723
728
729
767
769
770
773
797
798
799
800
801
802
803
804
807
831
834
835
836
837
844
845
885
886
943
944
945
946
951
952
967
968
976
977
988
992
993
1004
1005
1022
1023
1026
1027
1028
1029
1030
1031
1051
1052
1070
1071
1088
1089
1092
1093
1094
1095
1096
1097
1134
1152
1153
1158
1159
1162
1163
1169
1170
1218
1219
1220
1221
1228
1229
1232
1233
1234
1235
1260
1261
1262
1263
1282
1283
1284
1309
1310
1311
1337
1338
1343
1354
1355
1387
1388
1396
1397
1424
1425
1432
1433
1454
1455
1460
1461
1485
1491
1492
1534
1585
1586
1587
1588
1600
1601
1618
1632
1633
1640
1641
1646
1647
1648
1661
1662
1669
1670
1671
1672
1690
1711
1712
1721
1722
1735
1736
1752
1753
1766
1767
1784
1785
1786
1787
1796
1800
1801
1804
1805
1831
1832
1869
1870
1871
1872
1875
1876
1879
1880
1881
1882
1891
1894
1903
1927
1928
1933
1934
1949
1950
1953
1954
1960
1961
1972
1973
1977
1978
1979
1995
2006
2007
2008
2009
2036
2048
2056
2057
2058
2059
2060
2061
2133
2134
2139
2140
2143
2144
2174
2175
2176
2182
2183
2201
2202
2207
2208
2223
2242
2243
2261
2264
2265
2272
2273
2276
2277
2278
2279
2296
2297
2298
2299
2318
2319
2330
2331
2344
2345
2374
2375
2409
2410
2427
2428
2439
2440
2450
2451
2495
2496
2520
2521
2522
2537
2541
2549
2550
2551
2552
2561
2562
2563
2564
2587
2588
2633
2634
2643
2644
2660
2661
2668
2669
2676
2677
2678
2679
2680
2681
2684
2685
2700
2701
2726
2727
2728
2729
2732
2733
2736
2737
2738
2739
2744
2745
2761
2762
2763
2764
2765
2766
2769
2770
2800
2801
2802
2803
2826
2827
2842
2843
2844
2845
2863
2885
2886
2889
2890
2900
2901
2902
2903
2942
2943
2952
2953
2982
2983
2998
2999
3004
3005
3026
3027
3067
3068
3088
3089
3115
3116
3119
3120
3125
3126
3127
3128
3149
3150
3151
3152
3169
3202
3203
3242
3243
3244
3245
3248
3249
3252
3253
3275
3276
3277
3278
3307
3308
3325
3326
3357
3389
3390
3391
3392
3430
3431
3436
3437
3438
3487
3488
3580
3581
3592
3593
3596
3607
3608
3610
3611
3612
3613
3614
3639
3640
3641
3642
3643
3644
3651
3652
3653
3654
3665
3666
3669
3670
3690
3691
3700
3701
3706
3707
3741
3769
3770
3789
3790
3791
3794
3795
3800
3801
3816
3817
3820
3821
3828
3829
3844
3845
3848
3849
3850
3851
3852
3859
3860
3922
3923
3924
3925
3940
3941
3944
3945
3948
3949
3956
3957
3970
3971
3988
3989
3994
3995
4048
4049
4078
4079
4092
4093
4105
4106
4107
4108
4131
4132
4178
4179
4211
4212
4213
4214
4233
4234
4235
4236
4237
4238
4260
4261
4270
4271
4272
4314
4315
4326
4327
4328
4329
4363
4364
4389
4390
4417
4418
4420
4421
4445
4446
4480
4481
4482
4483
4496
4497
4498
4499
4524
4525
4538
4539
4540
4541
4542
4560
4561
4606
4607
4616
4617
4641
4642
4643
4644
4670
4671
4694
4695
4696
4697
4708
4710
4711
4724
4725
4726
4727
4759
4760
4766
4767
4768
4769
4772
4786
4787
4788
4789
4810
4811
4812
4813
4846
4847
4877
4885
4886
4894
4923
4924
4941
4944
4945
4946
4947
4954
4955
4956
4957
4958
4959
4960
4961
5009
5010
5011
5012
5053
5054
5075
5076
5077
5078
5079
5080
5097
5098
5120
5121
5122
5123
5134
5135
5150
5151
5154
5155
5176
5177
5186
5187
5212
5213
5284
5285
5290
5291
5326
5353
5354
5376
5379
5380
5436
5447
5449
5458
5459
5478
5479
5490
5491
5498
5499
5510
5511
5512
5513
5531
5532
5535
5536
5541
5542
5553
5554
5557
5558
5565
5566
5609
5633
5634
5639
5640
5641
5642
5715
5716
5725
5726
5747
5748
5777
5778
5793
5794
5801
5802
5805
5806
5811
5812
5813
5814
5815
5816
5829
5830
5856
5857
5876
5877
5928
5929
5985
5986
6025
6026
6035
6036
6051
6052
6079
6080
6087
6088
6089
6090
6091
6092
6101
6102
6103
6104
6119
6120
6135
6136
6155
6156
6157
6158
6246
6247
6292
6293
6294
6295
6300
6301
6316
6317
6342
6343
6368
6369
6370
6371
6372
6373
6374
6375
6382
6383
6384
6385
6394
6395
6408
6409
6410
6411
6429
6430
6431
6432
6493
6494
6505
6506
6540
6541
6553
6554
6561
6562
6598
6599
6620
6621
6632
6648
6649
6650
6651
6652
6653
6654
6655
6668
6669
6676
6677
6678
6679
6702
6703
6724
6725
6730
6731
6760
6761
6780
6781
6795
6798
6799
6800
6806
6807
6890
6891
6892
6893
6898
6899
6902
6903
6904
6905
6914
6915
6916
6917
6918
6919
6986
6987
7000
7001
7016
7017
7026
7027
7041
7042
7043
7044
7051
7052
7053
7054
7059
7060
7071
7072
7089
7090
7091
7092
7094
7111
7112
7151
7152
7155
7156
7157
7158
7159
7160
7167
7168
7175
7176
7183
7184
7199
7200
7231
7232
7235
7236
7243
7244
7245
7246
7257
7267
7268
7269
7270
7271
7272
7287
7288
7301
7302
7313
7314
7375
7376
7401
7402
7403
7404
7411
7412
7413
7414
7415
7416
7439
7440
7449
7450
7451
7452
7453
7454
7465
7466
7501
7502
7503
7504
7505
7506
7527
7528
7539
7540
7541
7542
7543
7544
7559
7561
7562
7579
7580
7607
7608
7609
7610
7611
7612
7627
7628
7645
7646
7647
7648
7657
7658
7669
7670
7677
7678
7685
7686
7687
7688
7765
7766
7789
7790
7791
7792
7803
7804
7817
7818
7819
7820
7821
7822
7823
7828
7829
7844
7845
7886
7887
7904
7905
7918
7919
7920
7921
7966
7967
7968
7969
7988
7989
8041
8042
8105
8106
8121
8122
8123
8124
8129
8130
8147
8148
8155
8156
8157
8158
8159
8160
8167
8168
8189
8190
8191
8192
8215
8216
8257
8258
8259
8260
8273
8274
8313
8314
8315
8316
8317
8318
8329
8330
8339
8340
8341
8342
8343
8344
8353
8354
8359
8360
8395
8396
8399
8400
8453
8454
8459
8460
8461
8462
8536
8561
8562
8565
8566
8575
8576
8583
8584
8609
8610
8689
8690
8691
8692
8695
8696
8701
8702
8711
8712
8713
8714
8739
8740
8747
8748
8781
8782
8802
8803
8884
8885
8896
8897
8898
8899
8942
8943
8958
8959
8960
8961
8964
8965
8966
8967
8968
8969
8972
8973
8974
8975
8980
8981
8992
8993
8994
8995
9010
9011
9012
9013
9014
9015
9030
9031
9032
9033
9038
9039
9042
9043
9045
9046
9047
9066
9067
9070
9071
9080
9081
9088
9089
9112
9113
9126
9127
9128
9129
9130
9131
9236
9237
9246
9250
9251
9252
9253
9256
9257
9261
9272
9273
9330
9331
9332
9333
9336
9337
9348
9349
9350
9351
9352
9353
9356
9357
9372
9373
9374
9375
9376
9377
9422
9423
9444
9445
9446
9447
9448
9449
9494
9495
9498
9499
9504
9505
9506
9507
9528
9529
9554
9555
9558
9559
9562
9563
9564
9565
9570
9571
9582
9583
9593
9594
9599
9600
9601
9602
9611
9612
9617
9618
9621
9622
9645
9646
9661
9662
9665
9666
9702
9703
9726
9727
9728
9729
9740
9741
9746
9747
9760
9761
9762
9763
9862
9863
9868
9869
9904
9905
9906
9907
9908
9909
9910
9911
9956
9957
9970
9971
10010
10011
10043
10066
10067
10082
10083
10092
10093
10096
10097
10098
10099
10104
10105
10118
10119
10132
10133
10134
10135
10190
10191
10192
10193
10194
10195
10198
10199
10200
10201
10242
10243
10258
10259
10268
10269
10270
10271
10284
10285
10292
10293
10302
10303
10312
10313
10318
10319
10328
10329
10354
10355
10356
10357
10388
10389
10448
10449
10452
10453
10472
10473
10474
10475
10502
10503
10513
10528
10529
10534
10535
10540
10541
10560
10561
10564
10565
10590
10591
10592
10593
10632
10633
10660
10661
10676
10677
10678
10679
10680
10681
10684
10685
10696
10697
10698
10699
10700
10701
10748
10749
10772
10773
10778
10779
10782
10783
10814
10815
10820
10821
10826
10827
10830
10831
10832
10833
10834
10835
10836
10837
10846
10847
10856
10857
10858
10859
10892
10893
10910
10911
10956
10957
10958
10959
10966
10967
10980
10981
10982
10983
10986
10987
10988
10989
10990
10991
10994
10995
11018
11019
11020
11021
11024
11025
11030
11031
11032
11033
11034
11035
11037
11044
11045
11064
11065
11070
11071
11092
11093
11146
11147
11148
11149
11181
11202
11203
11212
11213
11214
11215
11216
11217
11256
11257
11258
11259
11264
11265
11280
11281
11284
11285
11286
11287
11294
11295
11304
11305
11312
11313
11320
11321
11352
11353
11354
11355
11362
11363
11366
11367
11410
11411
11480
11481
11510
11511
11514
11515
11516
11517
11528
11529
11530
11531
11532
11533
11540
11541
11554
11555
11588
11589
11590
11591
11592
11593
11602
11603
11634
11635
11642
11643
11702
11703
11712
11713
11718
11719
11720
11721
11732
11733
11744
11745
11776
11777
11779
11780
11781
11788
11789
11804
11805
11838
11839
11846
11847
11994
11995
12004
12005
12029
12038
12039
12086
12087
12092
12093
12100
12101
12114
12115
12116
12117
12118
12119
12146
12147
12198
12199
12210
12211
12216
12217
12224
12244
12245
12280
12281
12300
12301
12334
12335
12368
12369
12384
12388
12389
12412
12413
12418
12419
12420
12421
12446
12447
12448
12449
12454
12455
12456
12457
12488
12489
12492
12493
12508
12509
12510
12511
12512
12513
12516
12517
12528
12536
12537
12560
12561
12570
12571
12578
12579
12580
12581
12610
12611
12646
12647
12662
12663
12678
12679
12694
12695
12696
12697
12700
12701
12702
12703
12724
12725
12744
12745
12770
12771
12777
12796
12797
12804
12805
12834
12835
12888
12889
12890
12891
12892
12893
12902
12903
12936
12937
12972
12973
12976
12977
12980
12981
13002
13003
13008
13009
13030
13031
13034
13074
13075
13092
13093
13096
13097
13112
13113
13144
13145
13200
13201
13260
13261
13262
13263
13264
13265
13276
13277
13278
13279
13280
13281
13282
13283
13314
13315
13324
13325
13360
13361
13382
13383
13404
13405
13466
13467
13468
13469
13490
13491
13512
13513
13516
13517
13518
13519
13526
13527
13557
13580
13581
13582
13583
13584
13585
13586
13587
13588
13589
13594
13595
13596
13597
13602
13603
13654
13655
13690
13691
13702
13703
13704
13705
13716
13717
13732
13733
13762
13763
13770
13771
13794
13795
13812
13813
13840
13841
13854
13855
13862
13863
13866
13867
