6
26
57
58
63
65
67
68
69
70
71
72
74
76
77
78
79
82
83
84
86
88
92
93
97
98
109
114
124
140
143
147
148
158
159
173
202
203
207
211
214
228
229
249
250
271
272
273
274
277
278
312
314
315
316
317
364
365
370
371
373
379
412
413
425
426
427
428
431
432
437
438
448
449
466
467
468
469
470
471
476
480
481
486
487
496
497
500
501
508
509
519
533
565
566
589
590
602
603
604
605
606
607
620
649
650
667
668
699
700
715
716
717
718
719
768
771
772
774
808
846
847
850
851
868
869
880
881
882
898
899
917
918
919
920
921
922
943
949
950
994
995
1008
1009
1032
1033
1053
1061
1062
1082
1083
1109
1110
1117
1118
1122
1129
1130
1131
1168
1169
1170
1171
1172
1173
1184
1185
1186
1187
1190
1191
1249
1250
1251
1297
1298
1336
1366
1367
1368
1369
1385
1386
1404
1405
1406
1407
1418
1419
1426
1427
1428
1429
1430
1431
1434
1435
1436
1437
1450
1451
1462
1463
1482
1483
1498
1499
1520
1521
1535
1537
1538
1554
1555
1570
1571
1572
1573
1589
1604
1605
1606
1617
1618
1653
1654
1687
1688
1705
1706
1715
1716
1717
1718
1719
1720
1729
1730
1740
1741
1758
1759
1774
1775
1796
1797
1810
1811
1833
1838
1839
1847
1848
1849
1850
1857
1858
1859
1860
1861
1862
1885
1886
1887
1888
1897
1898
1911
1912
1921
1922
1945
1946
1947
1948
1977
1979
1980
1981
1982
1989
1990
2004
2005
2040
2041
2051
2052
2053
2054
2078
2079
2099
2100
2129
2130
2154
2155
2159
2160
2166
2167
2173
2174
2179
2180
2186
2187
2188
2189
2190
2191
2194
2195
2218
2219
2220
2221
2244
2245
2257
2259
2260
2261
2266
2267
2280
2281
2282
2283
2289
2304
2305
2306
2307
2308
2309
2357
2358
2393
2394
2403
2404
2419
2458
2459
2491
2497
2498
2524
2525
2535
2536
2553
2555
2556
2573
2574
2581
2582
2591
2592
2645
2646
2647
2648
2654
2655
2659
2662
2663
2683
2694
2695
2771
2772
2783
2784
2787
2788
2793
2794
2795
2796
2812
2813
2845
2869
2875
2876
2877
2878
2904
2905
2926
2927
2932
2933
2940
2941
2944
2945
2948
2949
2954
2955
2956
2957
2958
2959
2984
2985
2992
3038
3053
3054
3055
3056
3065
3066
3074
3075
3076
3077
3169
3170
3186
3187
3216
3217
3228
3229
3230
3231
3234
3235
3250
3251
3254
3255
3273
3274
3287
3288
3295
3296
3297
3298
3331
3332
3345
3346
3357
3358
3382
3385
3386
3397
3398
3406
3407
3408
3409
3423
3439
3440
3455
3456
3457
3458
3463
3464
3489
3490
3524
3525
3527
3534
3535
3552
3553
3558
3559
3572
3573
3586
3587
3615
3619
3620
3627
3628
3629
3630
3671
3672
3677
3678
3680
3688
3689
3694
3695
3696
3697
3718
3719
3738
3739
3740
3741
3753
3754
3755
3756
3759
3760
3763
3764
3774
3784
3853
3854
3869
3893
3914
3915
3934
3935
3964
3965
3966
3967
3972
3973
3990
3991
3992
3993
4012
4013
4024
4025
4038
4039
4050
4051
4052
4053
4057
4137
4138
4159
4160
4169
4170
4179
4181
4188
4189
4207
4208
4245
4246
4262
4263
4279
4280
4281
4282
4298
4299
4318
4319
4320
4321
4322
4323
4324
4325
4335
4336
4337
4338
4341
4342
4349
4350
4388
4401
4402
4409
4410
4411
4412
4413
4414
4435
4436
4451
4452
4453
4454
4455
4456
4457
4462
4463
4466
4467
4468
4469
4490
4491
4551
4558
4559
4570
4571
4586
4587
4594
4595
4626
4645
4646
4700
4701
4718
4719
4720
4721
4722
4723
4732
4733
4734
4735
4746
4747
4748
4749
4765
4784
4785
4800
4801
4822
4823
4824
4825
4840
4841
4872
4873
4874
4875
4876
4877
4878
4895
4896
4897
4898
4903
4904
4913
4914
4921
4922
4948
4949
4980
4981
4984
4985
4986
4987
4992
4993
4994
4995
5015
5016
5029
5030
5032
5037
5038
5047
5048
5049
5050
5067
5068
5111
5144
5145
5189
5191
5192
5194
5203
5204
5205
5206
5207
5208
5222
5223
5242
5254
5255
5258
5259
5264
5265
5269
5280
5281
5282
5283
5286
5287
5299
5300
5301
5304
5305
5310
5311
5312
5313
5314
5315
5322
5323
5357
5358
5375
5376
5399
5400
5403
5404
5422
5423
5452
5453
5468
5469
5476
5477
5492
5493
5504
5505
5516
5517
5522
5523
5533
5534
5551
5552
5595
5596
5609
5610
5619
5620
5621
5622
5623
5624
5625
5626
5627
5628
5629
5630
5637
5638
5645
5646
5649
5650
5653
5654
5666
5672
5673
5674
5675
5686
5699
5700
5739
5740
5749
5750
5751
5752
5757
5758
5759
5760
5802
5807
5808
5892
5893
5896
5897
5900
5901
5950
5951
5952
5953
6009
6010
6031
6032
6033
6034
6035
6037
6038
6043
6044
6045
6046
6073
6074
6093
6094
6139
6140
6141
6142
6171
6172
6177
6178
6195
6196
6206
6225
6226
6227
6228
6236
6237
6238
6239
6280
6281
6290
6291
6312
6313
6320
6321
6332
6333
6346
6347
6350
6351
6352
6353
6366
6367
6404
6405
6479
6480
6501
6502
6503
6504
6527
6532
6533
6548
6549
6567
6568
6583
6593
6632
6633
6634
6635
6658
6660
6661
6674
6675
6742
6743
6762
6763
6764
6765
6766
6767
6772
6773
6774
6775
6784
6785
6800
6801
6802
6803
6816
6817
6854
6855
6868
6869
6882
6883
6884
6885
6906
6907
6908
6909
6910
6911
6912
6913
6926
6927
6928
6929
6930
6931
6934
6935
6936
6937
6942
6943
6968
6969
6970
6971
7004
7005
7008
7009
7012
7013
7014
7015
7029
7030
7031
7032
7085
7086
7087
7096
7129
7130
7131
7132
7189
7190
7191
7192
7217
7218
7225
7226
7229
7230
7231
7232
7257
7258
7319
7320
7335
7336
7383
7384
7385
7386
7405
7406
7419
7420
7421
7422
7423
7424
7437
7438
7451
7495
7496
7525
7526
7537
7538
7553
7554
7555
7556
7557
7558
7559
7560
7567
7581
7582
7635
7636
7637
7638
7678
7705
7706
7721
7722
7723
7724
7729
7730
7747
7748
7775
7776
7777
7778
7813
7814
7829
7886
7887
7898
7899
7900
7907
7918
7919
7922
7923
7936
7937
7946
7947
7988
7994
7995
7996
7997
8022
8023
8035
8036
8051
8052
8075
8076
8077
8078
8091
8092
8093
8094
8125
8126
8127
8128
8165
8166
8185
8199
8200
8201
8202
8221
8222
8225
8226
8252
8323
8324
8325
8326
8387
8388
8389
8390
8429
8430
8445
8446
8454
8457
8458
8463
8464
8527
8528
8539
8540
8577
8578
8579
8580
8613
8614
8615
8616
8625
8626
8629
8630
8631
8632
8641
8642
8643
8644
8645
8646
8715
8716
8742
8743
8744
8755
8756
8757
8758
8759
8760
8767
8768
8769
8770
8794
8795
8796
8797
8870
8871
8872
8873
8874
8875
8886
8887
8910
8911
8912
8913
8914
8915
8940
8941
8948
8949
8962
8963
8990
8991
9016
9017
9018
9019
9020
9021
9044
9045
9052
9053
9086
9087
9088
9089
9110
9111
9116
9140
9141
9203
9204
9214
9215
9216
9217
9242
9243
9244
9245
9254
9255
9266
9267
9268
9269
9270
9271
9305
9306
9307
9308
9318
9319
9358
9359
9364
9365
9380
9381
9384
9385
9408
9409
9410
9411
9420
9421
9432
9433
9454
9455
9456
9457
9494
9495
9496
9497
9512
9513
9534
9535
9536
9537
9548
9549
9574
9575
9607
9608
9618
9625
9626
9669
9670
9671
9672
9675
9676
9679
9680
9681
9682
9683
9686
9687
9732
9733
9736
9737
9738
9739
9750
9751
9778
9779
9796
9797
9800
9801
9812
9813
9816
9817
9818
9819
9820
9860
9861
9874
9875
9876
9877
9898
9899
9900
9901
9930
9931
9968
9969
9972
9973
9992
9993
9994
9995
10030
10031
10036
10037
10042
10043
10078
10079
10122
10123
10174
10175
10178
10179
10180
10181
10243
10246
10247
10256
10257
10266
10267
10274
10275
10306
10307
10308
10309
10338
10339
10348
10349
10378
10379
10380
10381
10384
10385
10396
10397
10400
10401
10402
10403
10404
10405
10406
10407
10408
10409
10410
10411
10412
10413
10414
10415
10440
10441
10484
10485
10506
10507
10508
10509
10512
10513
10556
10557
10580
10581
10606
10607
10626
10627
10634
10635
10642
10643
10644
10645
10646
10647
10648
10649
10660
10662
10663
10664
10665
10710
10711
10728
10729
10750
10751
10756
10757
10784
10785
10838
10839
10850
10851
10868
10869
10871
10876
10877
10880
10881
10882
10883
10884
10885
10886
10887
10888
10889
10898
10899
10900
10901
10912
10913
10960
10961
10972
10973
10974
10975
11016
11017
11022
11023
11026
11027
11028
11029
11032
11033
11034
11036
11037
11040
11041
11062
11063
11074
11075
11078
11079
11100
11101
11102
11103
11104
11105
11108
11109
11110
11111
11152
11153
11154
11194
11195
11210
11211
11234
11235
11246
11247
11330
11331
11344
11345
11346
11347
11376
11377
11382
11383
11384
11385
11386
11387
11388
11389
11390
11391
11396
11397
11398
11399
11412
11413
11470
11471
11484
11485
11486
11487
11488
11489
11500
11501
11542
11543
11544
11545
11548
11549
11550
11551
11566
11567
11582
11583
11586
11587
11612
11613
11632
11633
11638
11639
11666
11667
11672
11673
11674
11675
11700
11701
11714
11715
11734
11735
11740
11741
11752
11753
11756
11757
11758
11759
11768
11769
11772
11773
11778
11834
11835
11840
11841
11904
11905
11952
11953
11978
11979
12002
12003
12022
12023
12024
12025
12026
12027
12028
12029
12032
12033
12036
12037
12040
12041
12062
12063
12064
12065
12074
12075
12088
12089
12090
12091
12122
12123
12142
12143
12152
12153
12158
12159
12168
12169
12179
12202
12203
12288
12289
12290
12291
12292
12293
12337
12384
12385
12442
12443
12452
12453
12470
12471
12474
12475
12476
12477
12500
12501
12504
12505
12566
12567
12568
12569
12608
12609
12642
12643
12650
12651
12652
12653
12654
12655
12660
12661
12666
12667
12672
12673
12714
12715
12736
12737
12738
12739
12740
12741
12742
12743
12776
12777
12778
12779
12780
12781
12806
12807
12826
12827
12828
12829
12830
12831
12842
12843
12852
12853
12878
12879
12906
12907
12912
12913
12926
12927
12928
12929
12946
12947
12948
12949
12958
12959
12962
12963
12964
12965
12974
12975
12986
12987
12998
12999
13004
13005
13034
13035
13044
13045
13050
13051
13094
13095
13104
13105
13124
13125
13182
13183
13184
13185
13186
13187
13188
13189
13210
13211
13212
13213
13234
13235
13272
13273
13274
13275
13302
13303
13318
13319
13362
13363
13364
13365
13432
13433
13456
13457
13458
13459
13460
13461
13472
13473
13478
13479
13498
13499
13504
13505
13506
13507
13508
13509
13522
13523
13524
13525
13538
13539
13570
13571
13598
13599
13614
13615
13646
13647
13648
13649
13650
13651
13652
13653
13658
13659
13676
13677
13692
13693
13695
13714
13715
13726
13727
13740
13741
13744
13745
13750
13751
13752
13753
13756
13757
13758
13759
13760
13761
13774
13775
13784
13785
13786
13787
13788
13789
13794
13795
13804
13805
13824
13825
13838
13839
13842
13843
13864
13865
