4
8
17
18
19
21
22
23
25
27
28
29
31
33
34
35
36
37
38
48
89
91
95
96
99
122
123
133
134
137
138
142
149
150
156
157
160
172
186
201
204
239
240
245
246
251
252
254
262
263
281
282
344
345
348
354
355
356
357
359
392
393
406
407
410
411
414
415
416
421
422
429
430
433
434
440
447
456
457
458
459
472
473
498
499
528
529
560
561
567
568
572
573
584
616
623
625
629
645
646
670
687
688
701
702
734
739
740
747
754
755
759
760
763
764
777
778
781
782
786
787
809
810
812
813
814
815
832
833
858
859
860
861
878
879
901
902
929
930
937
978
979
982
983
984
985
996
997
1002
1003
1016
1017
1084
1085
1086
1090
1091
1098
1100
1101
1102
1103
1107
1108
1115
1116
1154
1155
1174
1175
1217
1222
1223
1230
1231
1238
1241
1242
1253
1258
1287
1288
1289
1290
1329
1330
1333
1334
1347
1350
1351
1376
1391
1392
1394
1395
1438
1439
1444
1445
1452
1453
1458
1459
1466
1467
1468
1469
1470
1471
1480
1481
1486
1487
1501
1502
1503
1543
1544
1558
1564
1565
1576
1577
1578
1579
1592
1593
1609
1610
1611
1612
1619
1622
1623
1644
1645
1657
1658
1676
1679
1680
1694
1695
1696
1697
1698
1707
1708
1709
1710
1725
1726
1742
1743
1748
1749
1834
1835
1836
1837
1854
1873
1874
1899
1900
1901
1902
1915
1916
1936
1964
1965
1966
1967
1970
1971
1976
1983
1984
1998
1999
2001
2002
2003
2010
2011
2024
2025
2026
2027
2030
2031
2049
2050
2084
2085
2096
2097
2103
2104
2116
2117
2149
2150
2151
2169
2170
2171
2172
2248
2249
2268
2269
2274
2275
2292
2293
2327
2332
2333
2342
2343
2354
2355
2356
2365
2366
2371
2372
2380
2381
2386
2387
2388
2389
2441
2442
2443
2444
2445
2446
2448
2449
2470
2479
2480
2481
2482
2484
2485
2487
2532
2545
2546
2557
2558
2589
2590
2601
2602
2623
2624
2637
2651
2652
2653
2690
2691
2716
2717
2718
2719
2720
2721
2747
2748
2753
2754
2755
2756
2781
2782
2804
2805
2810
2811
2816
2824
2825
2840
2841
2860
2861
2870
2910
2911
2930
2931
2938
2939
2968
2969
2972
2973
2988
2989
2994
2995
2996
2997
3010
3011
3024
3025
3049
3050
3063
3064
3100
3101
3114
3129
3130
3133
3134
3135
3136
3137
3138
3139
3140
3145
3146
3147
3148
3184
3185
3206
3207
3214
3215
3238
3239
3289
3290
3303
3304
3317
3318
3339
3340
3341
3342
3347
3348
3349
3350
3353
3354
3355
3361
3362
3369
3370
3373
3374
3383
3384
3399
3400
3403
3404
3420
3421
3425
3426
3427
3499
3500
3504
3505
3520
3521
3599
3600
3649
3650
3659
3660
3673
3674
3683
3684
3685
3686
3742
3743
3744
3748
3752
3779
3780
3785
3786
3787
3788
3810
3811
3814
3815
3818
3832
3833
3861
3862
3865
3866
3867
3868
3891
3892
3902
3903
3938
3939
3958
3959
3960
3961
3978
3979
3996
3997
4010
4011
4017
4018
4028
4029
4030
4031
4072
4073
4143
4144
4151
4152
4165
4166
4167
4168
4176
4177
4197
4198
4199
4200
4209
4210
4231
4232
4241
4242
4300
4301
4302
4303
4304
4305
4333
4334
4343
4344
4345
4346
4347
4348
4357
4358
4359
4360
4361
4362
4367
4368
4375
4376
4377
4378
4379
4380
4381
4382
4429
4430
4431
4432
4433
4434
4443
4444
4464
4465
4503
4504
4505
4506
4507
4510
4511
4512
4513
4520
4521
4546
4547
4548
4549
4578
4579
4580
4581
4596
4602
4603
4618
4619
4629
4630
4636
4659
4660
4663
4664
4672
4673
4686
4687
4706
4707
4750
4751
4776
4777
4780
4781
4815
4842
4843
4899
4900
4966
4967
4968
4969
4988
4989
5051
5052
5087
5088
5089
5090
5103
5104
5127
5128
5139
5140
5141
5152
5153
5164
5165
5166
5167
5172
5173
5180
5181
5230
5231
5244
5245
5250
5251
5288
5289
5320
5321
5333
5334
5345
5346
5361
5362
5365
5366
5371
5372
5407
5408
5409
5410
5411
5412
5413
5414
5415
5430
5431
5432
5439
5440
5441
5442
5443
5444
5464
5465
5474
5475
5494
5495
5543
5544
5545
5546
5555
5556
5573
5574
5577
5578
5599
5600
5601
5631
5632
5635
5636
5676
5677
5703
5704
5731
5732
5741
5742
5743
5744
5745
5746
5763
5764
5765
5766
5767
5768
5773
5774
5809
5810
5843
5844
5850
5851
5852
5853
5860
5861
5906
5907
5932
5933
5948
5949
5954
5955
5956
5957
5974
5975
5976
5977
5978
5979
5982
5983
5984
5995
5999
6000
6005
6006
6007
6017
6018
6065
6066
6071
6072
6081
6082
6105
6106
6107
6108
6109
6110
6143
6144
6149
6150
6188
6197
6198
6231
6232
6233
6234
6235
6248
6249
6282
6283
6284
6285
6286
6287
6296
6297
6328
6329
6334
6335
6336
6337
6392
6393
6396
6397
6398
6399
6412
6413
6414
6415
6416
6417
6425
6426
6427
6428
6455
6456
6473
6474
6475
6476
6481
6515
6534
6535
6538
6539
6550
6551
6577
6578
6579
6580
6594
6595
6600
6601
6642
6643
6645
6647
6698
6699
6700
6701
6706
6707
6708
6709
6748
6749
6750
6751
6752
6753
6754
6755
6782
6783
6788
6789
6810
6811
6814
6815
6818
6819
6828
6829
6838
6839
6840
6841
6848
6849
6850
6851
6866
6867
6886
6887
6938
6939
6944
6945
6964
6965
7049
7050
7061
7062
7063
7064
7097
7098
7140
7153
7154
7177
7178
7213
7214
7275
7276
7277
7278
7279
7280
7281
7282
7283
7284
7289
7290
7291
7292
7293
7294
7305
7306
7349
7350
7351
7352
7361
7362
7367
7368
7377
7378
7381
7382
7395
7396
7397
7398
7429
7430
7431
7432
7441
7442
7467
7468
7469
7470
7479
7480
7481
7482
7483
7484
7493
7494
7519
7520
7521
7522
7551
7552
7583
7584
7585
7586
7587
7588
7589
7590
7597
7598
7617
7618
7619
7620
7621
7622
7623
7624
7631
7632
7633
7634
7649
7650
7651
7652
7665
7666
7671
7672
7675
7676
7683
7684
7739
7740
7757
7758
7761
7762
7771
7772
7787
7788
7793
7794
7807
7808
7811
7812
7824
7825
7834
7835
7852
7853
7854
7855
7856
7857
7863
7868
7869
7880
7881
7894
7895
7902
7903
7908
7909
7928
7929
7930
7931
7940
7941
7942
7943
7944
7945
7952
7953
7976
7977
8006
8007
8014
8015
8053
8054
8057
8058
8059
8060
8073
8074
8103
8104
8107
8108
8109
8110
8143
8144
8163
8164
8169
8170
8193
8194
8195
8196
8197
8198
8207
8208
8235
8237
8238
8249
8250
8269
8270
8299
8300
8401
8402
8411
8412
8419
8420
8465
8466
8469
8470
8483
8484
8507
8508
8509
8510
8511
8512
8525
8526
8529
8530
8537
8538
8549
8550
8599
8600
8601
8602
8603
8604
8621
8622
8627
8628
8673
8674
8705
8706
8707
8708
8717
8718
8719
8720
8727
8728
8751
8752
8753
8754
8775
8776
8777
8778
8779
8780
8806
8807
8810
8814
8815
8816
8817
8818
8819
8836
8837
8838
8839
8846
8847
8848
8849
8877
8922
8923
8934
8935
8976
8977
9004
9005
9040
9041
9050
9051
9060
9064
9065
9138
9139
9148
9149
9150
9153
9154
9155
9156
9169
9170
9179
9180
9181
9182
9183
9184
9185
9186
9187
9188
9189
9190
9197
9198
9207
9208
9297
9298
9320
9321
9322
9323
9340
9341
9342
9343
9344
9345
9378
9379
9396
9397
9398
9399
9434
9435
9462
9463
9464
9465
9466
9467
9474
9475
9560
9561
9566
9567
9595
9596
9619
9620
9633
9634
9643
9644
9667
9668
9673
9674
9700
9701
9706
9707
9708
9709
9722
9723
9758
9759
9768
9769
9776
9777
9785
9798
9799
9834
9835
9850
9851
9896
9897
9903
9912
9913
9916
9917
9946
9947
9962
9963
9984
9985
9986
9987
9988
9989
10022
10023
10064
10065
10070
10071
10074
10075
10100
10101
10102
10103
10220
10221
10222
10223
10226
10227
10282
10283
10304
10305
10340
10341
10360
10361
10432
10433
10438
10439
10442
10443
10444
10445
10446
10447
10450
10451
10454
10455
10468
10469
10476
10477
10490
10491
10518
10519
10522
10538
10539
10546
10547
10548
10549
10550
10551
10578
10579
10584
10585
10586
10587
10588
10589
10608
10609
10610
10611
10612
10613
10614
10615
10628
10629
10630
10631
10640
10641
10682
10683
10690
10691
10714
10715
10764
10765
10766
10767
10774
10775
10828
10829
10862
10863
10904
10905
10916
10917
10920
10921
10944
10945
10946
10947
10970
10971
10978
10979
11014
11015
11038
11039
11054
11055
11056
11057
11066
11067
11068
11069
11090
11091
11094
11095
11160
11161
11168
11169
11188
11189
11197
11218
11219
11222
11223
11224
11225
11226
11227
11230
11231
11252
11253
11254
11255
11262
11263
11296
11297
11306
11307
11318
11319
11334
11335
11392
11393
11424
11425
11434
11435
11436
11437
11439
11446
11447
11448
11449
11462
11463
11490
11491
11508
11509
11536
11537
11546
11547
11584
11585
11618
11619
11620
11621
11640
11641
11658
11659
11676
11677
11684
11685
11686
11687
11716
11717
11722
11723
11750
11751
11802
11803
11822
11823
11828
11829
11848
11849
11852
11854
11855
11857
11858
11859
11860
11861
11896
11897
11900
11901
11920
11921
11932
11933
11944
11945
11946
11947
11948
11949
11956
11957
11958
11959
11966
11967
11982
11983
11992
11993
12006
12007
12008
12009
12070
12071
12072
12073
12076
12077
12082
12083
12084
12085
12096
12097
12104
12105
12130
12131
12132
12133
12144
12145
12154
12155
12160
12161
12172
12173
12174
12175
12204
12205
12223
12248
12249
12252
12253
12269
12322
12323
12348
12349
12350
12351
12352
12353
12366
12367
12376
12377
12398
12399
12416
12417
12422
12423
12434
12435
12438
12439
12450
12451
12462
12463
12486
12487
12514
12515
12544
12545
12548
12549
12554
12555
12556
12557
12582
12583
12602
12603
12604
12605
12612
12613
12616
12617
12618
12619
12620
12621
12692
12693
12698
12699
12704
12705
12706
12707
12710
12711
12712
12713
12716
12717
12718
12719
12720
12721
12751
12752
12753
12762
12763
12764
12765
12768
12769
12772
12773
12774
12775
12782
12783
12784
12785
12786
12787
12788
12789
12794
12795
12824
12825
12840
12841
12854
12855
12858
12859
12870
12871
12880
12884
12885
12910
12911
12932
12933
12934
12935
12950
12951
12952
12953
12968
12996
12997
13036
13037
13066
13067
13068
13069
13080
13082
13083
13100
13101
13102
13103
13114
13115
13122
13123
13140
13141
13146
13147
13154
13155
13156
13157
13178
13179
13180
13181
13190
13191
13192
13193
13194
13195
13196
13197
13206
13207
13220
13221
13236
13237
13306
13307
13308
13309
13342
13343
13374
13375
13376
13377
13386
13387
13388
13389
13402
13403
13422
13423
13428
13429
13436
13437
13474
13475
13485
13534
13535
13536
13537
13542
13543
13564
13565
13572
13573
13592
13593
13600
13601
13606
13607
13608
13609
13632
13633
13634
13635
13636
13637
13696
13697
13700
13701
13806
13807
