1
2
3
4
5
6
7
9
10
11
12
13
14
15
16
17
20
24
26
30
32
50
66
81
82
87
111
112
129
130
135
136
141
142
161
162
163
164
165
167
168
170
178
187
188
200
247
248
255
258
259
260
261
264
265
275
276
292
313
322
323
340
341
376
377
402
403
404
405
435
441
442
445
446
450
451
452
453
454
455
460
461
477
482
483
484
485
521
563
564
593
594
600
601
612
613
614
628
630
632
633
634
635
665
666
724
725
737
738
750
751
765
766
779
780
788
824
825
826
827
828
829
842
843
850
856
857
866
867
870
871
872
873
874
875
876
877
894
895
896
897
903
904
905
906
959
960
998
999
1014
1015
1018
1019
1039
1040
1080
1081
1086
1087
1121
1123
1124
1148
1149
1194
1195
1196
1199
1206
1207
1208
1209
1211
1246
1247
1248
1252
1285
1286
1324
1325
1331
1332
1335
1346
1347
1348
1349
1356
1357
1362
1363
1364
1365
1372
1373
1442
1443
1448
1493
1494
1495
1496
1497
1506
1507
1518
1519
1528
1529
1539
1540
1541
1542
1546
1547
1548
1549
1550
1553
1559
1568
1569
1571
1583
1584
1594
1595
1607
1608
1626
1627
1642
1643
1655
1656
1659
1660
1673
1674
1699
1700
1706
1713
1714
1727
1728
1733
1734
1749
1754
1755
1756
1757
1794
1795
1798
1799
1802
1803
1824
1825
1836
1837
1863
1864
1873
1874
1877
1878
1905
1906
1923
1924
1974
1975
1976
2000
2044
2045
2070
2071
2082
2083
2092
2093
2120
2121
2122
2127
2128
2137
2138
2145
2146
2147
2148
2155
2158
2179
2180
2253
2256
2257
2258
2259
2284
2285
2288
2289
2310
2311
2312
2313
2314
2315
2316
2317
2320
2321
2378
2379
2382
2383
2431
2432
2437
2438
2452
2453
2454
2455
2456
2457
2460
2461
2489
2499
2503
2511
2553
2554
2555
2567
2568
2577
2578
2579
2580
2595
2596
2597
2598
2639
2640
2682
2683
2698
2699
2749
2750
2767
2768
2814
2815
2838
2839
2846
2847
2862
2864
2870
2879
2880
2906
2907
2908
2909
2916
2917
2918
2919
2955
2960
2961
2962
2963
2964
2965
2974
2975
3006
3012
3013
3028
3029
3041
3042
3043
3044
3090
3091
3094
3095
3096
3097
3102
3103
3108
3109
3110
3111
3112
3113
3153
3154
3175
3176
3177
3178
3179
3190
3191
3194
3195
3196
3197
3204
3205
3210
3211
3218
3219
3220
3221
3232
3233
3246
3247
3291
3292
3293
3294
3295
3319
3320
3321
3322
3363
3364
3377
3378
3379
3380
3381
3382
3421
3422
3423
3475
3476
3479
3480
3481
3482
3485
3486
3493
3494
3508
3509
3510
3511
3514
3515
3516
3517
3518
3519
3532
3533
3534
3548
3549
3550
3551
3574
3575
3578
3579
3582
3583
3590
3591
3645
3646
3650
3675
3676
3745
3749
3765
3766
3767
3768
3808
3809
3812
3813
3818
3819
3822
3823
3832
3833
3836
3837
3838
3839
3870
3883
3884
3894
3895
3916
3917
3920
3921
3946
3947
3976
3977
4000
4001
4014
4015
4016
4080
4081
4082
4083
4084
4085
4090
4091
4101
4102
4129
4130
4163
4164
4180
4181
4217
4218
4243
4244
4253
4254
4255
4256
4257
4258
4292
4293
4296
4297
4312
4313
4316
4317
4351
4352
4375
4385
4386
4387
4388
4393
4394
4415
4416
4425
4426
4427
4428
4430
4439
4440
4441
4442
4476
4477
4478
4479
4484
4485
4514
4515
4545
4550
4551
4556
4557
4562
4563
4587
4610
4611
4637
4638
4639
4640
4661
4662
4666
4667
4682
4683
4684
4685
4702
4703
4712
4713
4740
4741
4774
4775
4798
4799
4802
4803
4820
4821
4852
4853
4862
4863
4864
4865
4866
4867
4870
4871
4915
4916
4917
4918
4925
4926
4927
4928
4933
4982
4983
4999
5000
5006
5013
5014
5031
5032
5035
5036
5043
5044
5055
5056
5063
5064
5099
5100
5105
5106
5107
5108
5110
5111
5114
5115
5132
5133
5174
5175
5189
5190
5193
5194
5195
5196
5197
5198
5218
5219
5236
5237
5238
5239
5240
5241
5248
5249
5268
5294
5295
5296
5297
5327
5328
5331
5332
5348
5405
5406
5426
5427
5428
5429
5434
5435
5445
5446
5450
5451
5482
5483
5496
5497
5527
5528
5539
5540
5549
5550
5563
5564
5607
5608
5651
5652
5661
5662
5663
5664
5665
5666
5679
5680
5685
5686
5687
5688
5693
5694
5695
5696
5697
5698
5701
5702
5707
5708
5709
5710
5711
5712
5713
5714
5721
5722
5735
5745
5750
5799
5800
5862
5863
5864
5865
5868
5869
5872
5873
5880
5881
5882
5883
5884
5885
5894
5895
5904
5905
5916
5917
5922
5923
5934
5935
5936
5937
5938
5939
5942
5943
5962
5963
5964
5965
5966
5967
5995
5996
6005
6006
6019
6020
6021
6022
6039
6040
6049
6057
6058
6059
6060
6067
6068
6081
6082
6099
6100
6115
6116
6121
6122
6123
6124
6125
6126
6127
6128
6175
6176
6183
6184
6185
6186
6187
6188
6189
6190
6193
6194
6199
6200
6201
6202
6203
6204
6205
6206
6207
6208
6209
6210
6260
6261
6304
6305
6306
6307
6308
6309
6326
6327
6348
6349
6380
6381
6386
6387
6388
6389
6390
6391
6420
6421
6485
6486
6489
6490
6491
6492
6499
6500
6526
6527
6530
6531
6552
6571
6572
6602
6603
6606
6607
6608
6609
6624
6625
6644
6645
6646
6647
6656
6657
6664
6665
6670
6671
6672
6673
6696
6697
6700
6701
6714
6715
6718
6719
6734
6735
6768
6769
6816
6838
6842
6843
6844
6845
6870
6871
6872
6873
6874
6875
6876
6877
6878
6879
6880
6881
6939
6942
6952
6953
6988
6989
7035
7036
7037
7038
7039
7040
7045
7046
7047
7048
7083
7084
7107
7108
7109
7110
7115
7116
7125
7126
7139
7140
7143
7144
7145
7146
7147
7148
7149
7150
7173
7174
7181
7182
7215
7216
7242
7285
7286
7291
7307
7308
7309
7310
7325
7326
7327
7328
7351
7352
7359
7360
7379
7380
7443
7444
7455
7456
7459
7460
7471
7472
7509
7510
7523
7524
7529
7530
7567
7568
7573
7574
7577
7578
7595
7596
7659
7660
7707
7708
7709
7710
7711
7712
7727
7728
7743
7744
7767
7768
7769
7770
7795
7796
7799
7836
7837
7848
7849
7858
7859
7870
7871
7882
7883
7884
7885
7900
7901
7964
7965
7972
7973
7986
7987
7992
7993
8008
8009
8010
8011
8037
8038
8049
8050
8055
8056
8085
8086
8095
8096
8131
8132
8185
8186
8187
8188
8223
8224
8229
8230
8267
8268
8295
8296
8297
8298
8327
8328
8351
8352
8357
8358
8363
8364
8365
8366
8369
8370
8371
8372
8375
8376
8385
8386
8397
8398
8407
8408
8409
8410
8417
8418
8423
8424
8425
8426
8473
8474
8487
8488
8489
8490
8495
8496
8501
8502
8543
8544
8547
8548
8553
8567
8568
8593
8594
8595
8596
8619
8620
8647
8648
8649
8650
8653
8654
8665
8666
8667
8668
8669
8670
8687
8688
8693
8694
8725
8726
8733
8734
8741
8742
8744
8749
8750
8771
8772
8826
8827
8828
8829
8830
8831
8832
8833
8876
8877
8888
8889
8932
8933
8936
8937
8938
8939
8952
8953
9024
9025
9056
9057
9060
9061
9087
9096
9097
9104
9105
9114
9115
9116
9117
9118
9119
9120
9121
9157
9158
9161
9162
9171
9172
9186
9201
9202
9209
9210
9218
9219
9238
9239
9240
9241
9274
9275
9276
9277
9289
9290
9291
9292
9293
9294
9370
9371
9386
9387
9388
9389
9390
9391
9442
9443
9524
9525
9552
9553
9584
9585
9588
9589
9613
9614
9615
9616
9631
9632
9633
9653
9654
9677
9678
9692
9693
9698
9699
9718
9719
9724
9725
9742
9743
9798
9799
9800
9801
9802
9803
9804
9805
9848
9849
9878
9879
9928
9929
9932
9933
9950
9951
9980
9981
9982
9983
9998
9999
10002
10003
10016
10017
10038
10039
10046
10047
10058
10059
10060
10061
10072
10073
10116
10117
10124
10125
10166
10167
10196
10197
10202
10203
10206
10207
10214
10215
10234
10235
10236
10237
10238
10239
10310
10311
10350
10351
10368
10369
10370
10371
10372
10373
10374
10375
10376
10377
10386
10387
10413
10420
10421
10450
10458
10459
10484
10485
10492
10493
10514
10515
10530
10531
10532
10533
10536
10537
10602
10603
10636
10637
10638
10639
10652
10653
10686
10687
10744
10745
10752
10753
10776
10777
10864
10865
10867
10868
10870
10871
10872
10873
10930
10931
10962
10963
10996
10997
10998
10999
11008
11009
11042
11043
11060
11061
11106
11107
11112
11113
11114
11115
11116
11117
11118
11119
11128
11129
11134
11135
11182
11183
11192
11193
11198
11199
11200
11204
11205
11208
11209
11232
11233
11238
11239
11244
11245
11270
11271
11272
11273
11274
11275
11316
11317
11326
11327
11328
11329
11372
11373
11374
11375
11380
11381
11406
11407
11416
11417
11418
11419
11420
11421
11468
11469
11471
11502
11503
11504
11505
11506
11507
11508
11509
11524
11525
11534
11535
11562
11563
11568
11569
11570
11571
11572
11573
11606
11607
11610
11611
11638
11639
11654
11655
11656
11657
11670
11671
11704
11705
11724
11725
11728
11729
11730
11731
11764
11765
11794
11795
11820
11821
11836
11837
11874
11875
11876
11877
11878
11879
11890
11891
11902
11903
11921
11922
11923
11928
11929
11930
11931
11934
11935
11954
11955
11968
11969
11972
11973
12034
12035
12042
12043
12046
12047
12052
12053
12056
12057
12102
12103
12112
12113
12154
12155
12182
12183
12184
12185
12186
12187
12190
12191
12222
12223
12242
12243
12256
12257
12266
12267
12278
12279
12284
12285
12294
12295
12306
12307
12308
12309
12318
12319
12326
12327
12328
12329
12330
12331
12332
12333
12348
12358
12359
12362
12363
12374
12375
12380
12381
12386
12387
12430
12431
12444
12445
12482
12483
12524
12525
12526
12527
12534
12535
12542
12543
12586
12587
12598
12599
12600
12601
12606
12607
12614
12615
12622
12623
12636
12637
12638
12639
12670
12671
12680
12681
12686
12687
12690
12691
12726
12727
12728
12729
12730
12731
12732
12733
12746
12747
12748
12749
12750
12751
12792
12793
12827
12844
12845
12846
12847
12856
12857
12862
12863
12864
12865
12866
12867
12876
12877
12960
12961
12996
12997
13000
13001
13010
13011
13012
13013
13014
13015
13016
13017
13018
13019
13046
13047
13048
13049
13072
13073
13098
13099
13116
13117
13118
13119
13120
13121
13164
13165
13176
13177
13198
13199
13214
13215
13216
13217
13222
13223
13266
13267
13320
13321
13322
13323
13346
13347
13358
13359
13366
13367
13384
13385
13396
13397
13442
13443
13444
13445
13484
13485
13492
13493
13494
13495
13496
13497
13506
13507
13508
13510
13511
13566
13567
13622
13623
13626
13627
13638
13639
13640
13641
13642
13643
13644
13645
13662
13663
13672
13673
13684
13685
13686
13687
13698
13699
13708
13709
13728
13729
13730
13731
13734
13735
13736
13737
13742
13743
13776
13777
13778
13779
13782
13783
13850
13851
