94
102
107
119
120
125
126
132
153
181
182
189
190
193
194
206
216
225
236
237
238
241
242
279
288
293
294
297
298
301
308
324
325
333
342
366
367
380
381
386
387
388
389
408
409
419
420
439
502
503
504
505
512
513
515
516
517
522
523
538
539
544
545
562
574
575
585
586
597
598
599
615
655
656
664
685
689
690
691
692
703
704
705
706
707
708
741
743
744
753
756
757
758
775
776
783
784
785
817
818
819
822
823
848
849
900
923
924
931
932
933
934
953
954
973
975
986
987
1054
1055
1063
1068
1069
1138
1139
1144
1145
1156
1157
1160
1161
1166
1167
1224
1225
1226
1227
1266
1269
1270
1271
1272
1273
1274
1291
1292
1293
1294
1295
1312
1313
1316
1317
1344
1345
1352
1353
1358
1359
1370
1371
1383
1384
1389
1390
1398
1399
1400
1401
1408
1409
1412
1413
1416
1417
1478
1479
1488
1510
1511
1512
1513
1516
1517
1560
1561
1581
1582
1590
1591
1598
1599
1602
1603
1663
1664
1665
1666
1668
1681
1682
1685
1686
1704
1737
1738
1744
1745
1746
1747
1760
1761
1768
1769
1770
1771
1772
1773
1776
1777
1782
1792
1793
1822
1823
1841
1842
1843
1844
1929
1930
1931
1932
1937
1938
1941
1942
1943
1944
1968
1969
1996
1997
2068
2069
2072
2073
2074
2075
2086
2087
2095
2107
2108
2109
2184
2185
2217
2224
2225
2228
2229
2230
2231
2232
2233
2240
2241
2250
2251
2286
2287
2336
2337
2338
2339
2346
2347
2348
2349
2367
2368
2369
2370
2376
2377
2395
2399
2400
2401
2402
2405
2406
2407
2408
2417
2418
2421
2422
2463
2464
2471
2472
2473
2474
2475
2477
2483
2486
2500
2501
2513
2514
2515
2526
2527
2528
2529
2530
2531
2559
2560
2565
2566
2575
2576
2583
2584
2585
2586
2603
2641
2642
2664
2665
2712
2713
2714
2715
2722
2723
2730
2731
2746
2757
2758
2775
2776
2778
2791
2792
2818
2819
2820
2821
2822
2823
2836
2837
2852
2853
2854
2855
2856
2857
2867
2868
2887
2888
2891
2892
2897
2914
2915
2924
2925
2928
2929
2934
2935
2936
2937
2990
2991
3002
3003
3034
3035
3036
3037
3045
3046
3071
3072
3078
3079
3084
3085
3086
3087
3092
3093
3163
3164
3165
3166
3173
3174
3208
3209
3241
3258
3259
3279
3280
3301
3302
3313
3314
3359
3360
3371
3372
3395
3396
3414
3415
3416
3417
3418
3419
3453
3454
3465
3466
3467
3468
3469
3470
3471
3472
3483
3484
3512
3513
3522
3523
3562
3563
3570
3571
3597
3598
3603
3604
3605
3606
3621
3622
3623
3624
3647
3648
3655
3656
3692
3693
3714
3715
3716
3717
3720
3721
3724
3725
3750
3751
3771
3772
3804
3805
3826
3827
3834
3835
3906
3907
3908
3909
3910
3911
3912
3913
3932
3933
3942
3943
3983
3998
3999
4002
4003
4004
4005
4074
4075
4111
4112
4123
4124
4125
4126
4133
4134
4135
4136
4147
4148
4182
4183
4184
4185
4186
4187
4219
4220
4221
4222
4247
4248
4249
4250
4251
4252
4259
4264
4265
4266
4267
4275
4276
4277
4278
4310
4311
4332
4447
4448
4449
4450
4472
4473
4474
4475
4486
4487
4494
4495
4502
4526
4527
4543
4544
4572
4573
4582
4583
4592
4593
4608
4609
4612
4613
4620
4621
4657
4736
4737
4738
4739
4752
4753
4761
4762
4763
4764
4808
4809
4830
4831
4832
4833
4834
4835
4838
4839
4844
4845
4854
4855
4856
4857
4888
4889
4890
4901
4902
4905
4906
5001
5002
5039
5040
5045
5046
5083
5084
5091
5092
5093
5094
5095
5096
5130
5131
5136
5137
5142
5143
5146
5147
5148
5149
5157
5188
5199
5200
5209
5210
5211
5224
5225
5226
5227
5228
5229
5260
5261
5262
5263
5318
5319
5324
5325
5329
5330
5335
5336
5381
5382
5383
5384
5391
5392
5393
5394
5395
5396
5418
5419
5420
5421
5454
5455
5472
5473
5500
5501
5508
5509
5518
5519
5520
5521
5537
5538
5547
5548
5561
5562
5581
5582
5587
5588
5589
5590
5591
5592
5647
5648
5659
5660
5717
5718
5727
5728
5755
5756
5797
5798
5823
5824
5825
5826
5827
5828
5845
5846
5847
5848
5849
5874
5875
5878
5879
5886
5887
5888
5889
5890
5891
5898
5899
5902
5903
5914
5915
5918
5919
5924
5925
5940
5941
5945
5946
5947
5958
5959
5972
5973
6001
6002
6003
6004
6023
6024
6047
6048
6077
6078
6097
6098
6131
6151
6152
6161
6162
6163
6164
6165
6166
6191
6192
6213
6214
6240
6241
6242
6243
6244
6245
6258
6259
6264
6265
6266
6267
6268
6269
6274
6275
6276
6277
6278
6279
6322
6323
6378
6379
6402
6403
6435
6436
6447
6448
6449
6450
6451
6452
6467
6468
6469
6470
6471
6472
6477
6478
6483
6484
6487
6488
6495
6496
6517
6518
6519
6522
6523
6524
6525
6544
6545
6546
6547
6588
6589
6612
6613
6618
6619
6680
6681
6682
6683
6685
6686
6687
6688
6711
6712
6713
6720
6721
6756
6757
6770
6771
6776
6777
6778
6779
6786
6787
6790
6791
6796
6797
6808
6809
6812
6813
6820
6821
6822
6823
6826
6827
6836
6837
6922
6923
6946
6947
6948
6949
6950
6951
6956
6957
6960
6961
6978
6979
6980
6981
6982
6983
6996
6997
7006
7007
7010
7011
7018
7019
7033
7034
7055
7056
7057
7058
7073
7074
7075
7076
7099
7100
7117
7118
7119
7120
7123
7124
7127
7128
7161
7162
7169
7170
7193
7194
7201
7202
7203
7204
7205
7206
7207
7208
7209
7210
7247
7248
7249
7250
7251
7252
7263
7264
7303
7304
7311
7312
7321
7322
7329
7330
7337
7338
7365
7366
7389
7390
7399
7400
7409
7410
7433
7434
7507
7508
7515
7516
7535
7536
7549
7550
7575
7576
7601
7602
7603
7604
7605
7606
7615
7616
7641
7642
7643
7644
7661
7662
7667
7668
7741
7742
7749
7750
7779
7780
7781
7782
7838
7839
7866
7872
7873
7874
7875
7888
7889
7890
7891
7893
7910
7911
7914
7915
7916
7917
7926
7927
7958
7959
7974
7975
7978
7979
7990
7991
8020
8021
8024
8025
8043
8044
8045
8046
8047
8048
8071
8072
8081
8082
8083
8084
8101
8102
8111
8112
8135
8136
8139
8140
8141
8142
8171
8172
8175
8176
8227
8228
8231
8232
8233
8234
8253
8254
8271
8272
8283
8284
8285
8286
8287
8291
8292
8293
8294
8311
8312
8373
8374
8377
8378
8383
8384
8403
8404
8431
8432
8435
8436
8439
8440
8481
8482
8485
8486
8517
8518
8521
8522
8523
8524
8545
8546
8551
8552
8571
8572
8589
8590
8591
8592
8607
8608
8617
8618
8651
8652
8663
8664
8699
8700
8703
8704
8709
8710
8735
8736
8783
8784
8787
8788
8789
8790
8791
8792
8793
8834
8835
8840
8841
8842
8843
8844
8845
8850
8851
8852
8853
8858
8859
8860
8861
8862
8863
8864
8865
8906
8907
8918
8919
8926
8927
8930
8931
8950
8951
8978
8979
8982
8983
8988
8989
8996
8997
8998
8999
9026
9027
9034
9035
9036
9037
9068
9069
9084
9085
9108
9109
9132
9133
9134
9135
9136
9137
9146
9147
9324
9325
9334
9335
9436
9437
9440
9441
9458
9459
9470
9471
9472
9473
9488
9501
9508
9509
9510
9511
9518
9519
9520
9521
9540
9541
9546
9547
9550
9551
9568
9569
9576
9577
9592
9597
9598
9623
9624
9629
9630
9637
9638
9639
9640
9690
9691
9694
9695
9714
9715
9730
9731
9734
9735
9764
9765
9770
9771
9824
9825
9828
9829
9830
9831
9832
9833
9836
9837
9840
9841
9842
9843
9846
9847
9856
9857
9864
9865
9866
9867
9888
9889
9890
9891
9894
9895
9918
9919
9920
9921
9922
9923
9936
9937
9960
9961
9974
9975
9976
9977
9978
9979
10004
10005
10014
10015
10020
10021
10028
10029
10050
10051
10056
10057
10062
10063
10076
10114
10115
10136
10137
10138
10139
10164
10165
10172
10173
10216
10217
10224
10225
10232
10233
10240
10241
10248
10249
10250
10251
10252
10253
10276
10277
10290
10291
10296
10297
10320
10321
10322
10323
10324
10325
10364
10365
10366
10367
10390
10391
10394
10395
10398
10399
10416
10417
10418
10419
10424
10425
10426
10427
10428
10429
10482
10483
10488
10489
10494
10495
10496
10497
10498
10499
10510
10511
10526
10527
10572
10573
10594
10595
10688
10689
10702
10703
10704
10705
10716
10717
10726
10727
10738
10739
10746
10747
10754
10755
10758
10759
10760
10761
10770
10780
10781
10810
10811
10816
10817
10822
10823
10842
10843
10844
10845
10848
10849
10874
10875
10890
10891
10906
10907
10922
10923
10928
10929
10932
10933
10940
10941
10942
10943
10976
10977
11130
11150
11151
11158
11159
11178
11179
11288
11289
11290
11291
11292
11293
11300
11301
11310
11311
11314
11315
11322
11323
11350
11351
11365
11400
11401
11404
11405
11432
11433
11450
11451
11466
11467
11472
11473
11482
11483
11512
11513
11523
11556
11558
11559
11574
11575
11576
11577
11594
11595
11598
11599
11600
11601
11604
11605
11614
11615
11636
11637
11646
11647
11648
11649
11650
11651
11678
11679
11682
11683
11690
11691
11694
11695
11736
11737
11760
11761
11774
11775
11786
11796
11797
11798
11799
11810
11811
11812
11813
11824
11825
11826
11827
11830
11831
11842
11843
11853
11866
11867
11868
11869
11870
11871
11918
11919
11936
11937
11960
11961
11964
11965
11976
11977
11984
11985
11986
11987
11988
11989
11998
11999
12106
12107
12108
12109
12110
12111
12134
12135
12188
12189
12194
12195
12200
12201
12221
12240
12241
12250
12251
12270
12271
12272
12273
12274
12275
12276
12277
12316
12317
12324
12325
12354
12355
12370
12371
12382
12383
12390
12391
12394
12395
12396
12397
12400
12401
12402
12403
12408
12409
12410
12411
12464
12465
12466
12467
12468
12469
12484
12485
12496
12497
12498
12499
12518
12519
12520
12521
12522
12523
12530
12531
12546
12547
12584
12585
12588
12589
12648
12649
12682
12683
12684
12685
12758
12798
12799
12800
12801
12802
12803
12812
12813
12822
12823
12832
12833
12872
12873
12882
12883
12904
12905
12916
12917
12918
12919
12954
12955
12966
12967
12970
12971
12992
12993
13006
13007
13028
13029
13056
13057
13090
13091
13126
13127
13134
13135
13142
13143
13150
13151
13160
13161
13166
13167
13174
13175
13202
13203
13242
13243
13246
13247
13248
13249
13250
13251
13256
13257
13258
13259
13294
13295
13296
13297
13298
13299
13326
13327
13328
13329
13336
13337
13338
13339
13340
13341
13356
13357
13378
13379
13398
13399
13406
13407
13408
13409
13410
13411
13412
13413
13414
13415
13416
13417
13420
13421
13438
13439
13440
13441
13486
13487
13532
13533
13540
13541
13548
13549
13558
13559
13562
13563
13604
13605
13624
13625
13666
13667
13668
13669
13670
13671
13678
13679
13680
13681
13682
13683
13706
13707
13720
13721
13764
13765
13772
13773
13790
13791
13808
13809
13814
13815
13816
13817
13826
13827
13828
13829
13860
13861
