85
104
105
108
118
127
128
151
166
183
184
185
191
192
195
196
197
219
226
227
232
233
234
235
256
257
291
295
296
302
303
372
374
375
384
385
394
395
396
397
401
435
436
493
494
520
542
543
548
549
552
556
557
569
570
578
579
580
581
582
595
596
608
609
627
630
631
659
660
662
663
672
673
679
682
693
694
695
696
711
712
713
714
730
731
774
789
805
806
830
831
834
835
836
838
839
876
883
884
907
908
915
916
939
940
941
942
947
948
957
958
961
962
965
966
980
981
1014
1041
1042
1066
1067
1104
1105
1106
1113
1114
1119
1120
1135
1136
1137
1142
1143
1200
1201
1206
1210
1211
1218
1219
1243
1244
1245
1246
1275
1276
1277
1278
1279
1280
1281
1301
1302
1320
1321
1322
1323
1324
1339
1340
1374
1375
1378
1379
1380
1381
1410
1411
1414
1415
1420
1421
1422
1423
1448
1449
1474
1475
1476
1477
1484
1489
1490
1514
1515
1536
1545
1550
1551
1552
1553
1574
1575
1615
1616
1677
1678
1689
1690
1701
1702
1739
1750
1751
1752
1753
1764
1765
1808
1809
1812
1813
1814
1815
1818
1819
1820
1821
1824
1829
1830
1851
1852
1865
1866
1883
1884
1891
1892
1893
1895
1896
1903
1904
1917
1918
1919
1920
1923
1924
1951
1952
1959
1985
1986
1987
1988
2022
2023
2032
2033
2034
2035
2036
2037
2046
2047
2080
2081
2098
2101
2102
2131
2132
2135
2136
2141
2142
2152
2153
2162
2163
2164
2165
2181
2192
2193
2203
2204
2205
2206
2215
2216
2222
2252
2294
2295
2328
2329
2350
2351
2352
2353
2359
2360
2361
2362
2363
2364
2415
2416
2465
2466
2467
2468
2504
2508
2509
2510
2512
2523
2533
2534
2542
2543
2599
2600
2605
2606
2607
2608
2609
2610
2611
2612
2627
2628
2629
2630
2631
2632
2635
2636
2686
2687
2692
2693
2767
2768
2779
2780
2785
2786
2797
2798
2799
2806
2807
2850
2851
2864
2865
2866
2871
2872
2873
2874
2898
2899
2912
2913
2986
2987
3007
3008
3009
3013
3014
3015
3016
3017
3030
3031
3032
3033
3051
3052
3059
3060
3061
3062
3068
3082
3083
3098
3099
3117
3118
3119
3120
3121
3122
3131
3132
3141
3142
3192
3193
3198
3199
3224
3225
3236
3237
3256
3257
3266
3267
3268
3269
3270
3271
3272
3281
3282
3283
3284
3299
3300
3311
3312
3315
3316
3319
3323
3324
3333
3334
3365
3366
3401
3402
3410
3411
3434
3435
3441
3442
3449
3450
3451
3452
3530
3531
3536
3537
3538
3539
3540
3541
3542
3543
3560
3561
3609
3610
3633
3634
3635
3636
3637
3638
3657
3658
3661
3662
3667
3668
3712
3713
3726
3727
3728
3729
3732
3733
3736
3737
3761
3762
3775
3776
3777
3778
3796
3797
3798
3799
3802
3803
3824
3825
3842
3843
3863
3864
3900
3901
3930
3931
3980
3981
4019
4020
4021
4032
4033
4034
4035
4058
4059
4068
4069
4076
4077
4086
4087
4098
4099
4100
4109
4110
4113
4114
4115
4116
4190
4191
4192
4193
4194
4195
4196
4215
4216
4225
4226
4227
4228
4229
4230
4239
4240
4283
4284
4285
4286
4287
4288
4330
4331
4353
4354
4355
4356
4365
4366
4395
4396
4399
4400
4415
4416
4419
4421
4422
4492
4493
4498
4528
4529
4530
4531
4532
4533
4534
4535
4536
4537
4576
4577
4584
4585
4598
4599
4668
4669
4676
4677
4678
4679
4680
4681
4708
4709
4714
4715
4716
4717
4744
4745
4770
4771
4772
4773
4811
4828
4829
4850
4851
4864
4868
4869
4881
4882
4883
4884
4909
4910
4911
4912
4919
4920
4929
4930
4933
4934
4935
4936
4937
4938
4941
4950
4951
4962
4963
4964
4965
4974
4975
4990
4991
4997
4998
5000
5005
5006
5059
5060
5081
5082
5158
5159
5160
5161
5178
5179
5214
5215
5216
5217
5246
5247
5256
5257
5292
5293
5308
5309
5341
5342
5347
5348
5349
5350
5351
5352
5385
5386
5389
5390
5437
5438
5448
5449
5456
5457
5462
5463
5470
5471
5488
5489
5569
5570
5571
5572
5575
5576
5579
5580
5611
5612
5613
5614
5615
5616
5617
5618
5655
5656
5657
5658
5667
5705
5706
5723
5724
5733
5734
5736
5761
5762
5769
5770
5771
5772
5789
5790
5795
5796
5817
5818
5819
5820
5821
5822
5839
5840
5841
5842
5854
5855
5866
5867
5908
5909
5912
5913
5930
5931
5980
5981
6011
6012
6015
6016
6049
6050
6055
6056
6057
6058
6061
6062
6067
6069
6070
6075
6076
6083
6084
6085
6086
6095
6096
6111
6112
6113
6114
6116
6137
6138
6145
6146
6153
6154
6159
6160
6169
6170
6179
6180
6181
6182
6210
6211
6212
6223
6224
6229
6230
6252
6253
6262
6263
6298
6299
6318
6319
6324
6325
6330
6331
6344
6345
6354
6355
6364
6365
6406
6407
6424
6453
6454
6457
6458
6459
6460
6461
6462
6465
6466
6492
6509
6510
6536
6537
6542
6543
6557
6558
6559
6560
6563
6564
6565
6566
6584
6585
6586
6587
6590
6591
6622
6623
6626
6627
6628
6629
6662
6663
6694
6695
6736
6737
6758
6759
6794
6795
6824
6825
6830
6831
6832
6833
6846
6847
6852
6853
6962
6963
6990
6991
7002
7003
7059
7093
7094
7113
7114
7133
7134
7183
7195
7196
7197
7198
7221
7222
7223
7224
7237
7238
7239
7240
7241
7242
7253
7254
7255
7256
7273
7274
7297
7298
7299
7300
7333
7334
7339
7340
7341
7342
7345
7346
7363
7364
7369
7370
7371
7372
7373
7374
7391
7392
7425
7426
7487
7488
7511
7512
7513
7514
7533
7534
7547
7548
7563
7564
7565
7566
7569
7570
7571
7572
7591
7592
7593
7594
7655
7656
7659
7660
7669
7670
7689
7690
7691
7692
7693
7694
7697
7698
7699
7700
7701
7702
7731
7732
7733
7734
7735
7736
7751
7752
7763
7764
7785
7786
7799
7800
7801
7802
7803
7804
7805
7806
7809
7810
7826
7827
7850
7851
7864
7865
7980
7981
7984
7985
7998
7999
8000
8001
8002
8003
8012
8013
8026
8063
8064
8067
8068
8069
8070
8079
8080
8097
8098
8115
8116
8133
8134
8137
8138
8153
8154
8205
8206
8209
8210
8211
8212
8213
8214
8239
8240
8241
8242
8243
8244
8245
8246
8247
8248
8255
8256
8265
8266
8277
8278
8305
8306
8307
8308
8341
8343
8355
8356
8379
8380
8381
8382
8391
8392
8415
8416
8441
8442
8443
8444
8447
8448
8451
8452
8471
8472
8493
8494
8497
8498
8513
8514
8535
8536
8553
8554
8585
8586
8623
8624
8635
8636
8637
8638
8639
8640
8655
8656
8657
8658
8659
8660
8661
8662
8671
8672
8675
8676
8677
8678
8679
8680
8681
8682
8683
8684
8685
8686
8692
8712
8713
8714
8733
8761
8762
8763
8764
8765
8766
8785
8786
8812
8813
8904
8905
8908
8909
8916
8917
8920
8921
8944
8945
8946
8947
8954
8955
8956
8957
9010
9042
9078
9079
9082
9083
9151
9152
9173
9174
9191
9192
9193
9194
9199
9200
9205
9206
9211
9212
9213
9226
9227
9246
9247
9248
9249
9260
9261
9278
9279
9280
9281
9282
9283
9284
9285
9286
9311
9328
9329
9382
9383
9428
9429
9430
9431
9450
9451
9478
9479
9502
9503
9514
9515
9516
9517
9526
9527
9542
9543
9544
9545
9572
9573
9580
9581
9586
9587
9609
9610
9647
9648
9657
9658
9659
9660
9716
9717
9720
9721
9752
9753
9754
9755
9756
9757
9766
9767
9790
9791
9838
9839
9852
9853
9854
9855
9858
9859
9872
9873
9914
9915
9928
9934
9935
9944
9945
9954
9955
9964
9965
9996
9997
10006
10007
10018
10019
10052
10053
10054
10055
10106
10107
10130
10131
10170
10171
10210
10211
10212
10213
10218
10219
10228
10229
10230
10231
10254
10255
10260
10261
10264
10265
10314
10315
10316
10317
10326
10327
10330
10331
10332
10333
10334
10335
10336
10337
10342
10343
10362
10363
10372
10373
10382
10383
10434
10435
10436
10437
10470
10471
10478
10479
10480
10481
10524
10525
10562
10563
10566
10567
10568
10569
10570
10571
10574
10575
10582
10583
10618
10619
10620
10621
10622
10623
10712
10713
10722
10723
10724
10725
10742
10743
10768
10769
10786
10787
10790
10791
10792
10793
10794
10795
10796
10797
10798
10799
10800
10801
10824
10825
10826
10827
10840
10841
10866
10867
10878
10879
10896
10897
10902
10903
10918
10919
10948
10949
10984
10985
11006
11007
11046
11047
11048
11049
11050
11051
11052
11053
11076
11077
11084
11085
11086
11087
11096
11097
11120
11121
11122
11123
11124
11125
11132
11133
11144
11145
11176
11177
11180
11181
11184
11185
11186
11187
11200
11201
11206
11207
11209
11228
11229
11233
11236
11237
11250
11251
11266
11267
11271
11272
11273
11274
11275
11276
11277
11298
11299
11338
11339
11340
11341
11342
11343
11368
11369
11370
11371
11408
11409
11426
11427
11428
11429
11430
11431
11440
11441
11442
11443
11454
11455
11456
11457
11458
11459
11460
11461
11464
11465
11478
11479
11492
11493
11494
11495
11496
11497
11498
11499
11518
11519
11540
11541
11564
11565
11589
11592
11616
11617
11644
11645
11680
11681
11692
11693
11738
11739
11742
11743
11746
11747
11762
11763
11778
11779
11782
11783
11792
11793
11808
11809
11816
11817
11862
11863
11872
11873
11880
11881
11888
11889
11906
11907
11908
11909
11910
11911
11924
11925
11926
11927
11950
11951
11974
11975
11990
11991
12014
12015
12016
12017
12018
12019
12020
12021
12030
12031
12048
12049
12050
12051
12068
12069
12078
12079
12080
12081
12094
12095
12098
12099
12120
12121
12140
12141
12208
12209
12212
12213
12224
12225
12226
12227
12230
12231
12232
12233
12238
12239
12282
12283
12295
12296
12297
12298
12299
12302
12303
12310
12311
12312
12313
12314
12315
12340
12341
12404
12405
12414
12415
12424
12425
12426
12427
12428
12429
12436
12437
12440
12441
12472
12473
12490
12491
12528
12529
12538
12539
12540
12541
12632
12633
12634
12635
12676
12677
12754
12755
12756
12757
12862
12863
12894
12895
12896
12897
12898
12899
12914
12915
12922
12923
12924
12925
12956
12957
12984
12985
12988
12989
12994
12995
13040
13041
13042
13043
13052
13053
13070
13071
13076
13077
13078
13079
13084
13085
13086
13087
13088
13089
13110
13111
13128
13129
13130
13131
13132
13133
13136
13137
13148
13149
13168
13169
13170
13171
13172
13173
13204
13205
13208
13209
13218
13219
13228
13229
13230
13231
13232
13233
13238
13239
13244
13245
13268
13269
13270
13271
13310
13311
13312
13313
13316
13317
13330
13331
13332
13333
13334
13335
13344
13345
13361
13368
13369
13380
13381
13390
13391
13430
13431
13464
13465
13528
13529
13530
13531
13550
13551
13552
13553
13554
13555
13556
13557
13590
13591
13612
13613
13622
13623
13639
13660
13661
13663
13716
13717
13724
13725
13766
13767
13768
13769
13792
13793
13796
13797
13810
13811
13830
13831
13832
13833
13834
13835
13856
13857
