-1
229
-1
17
1537
-1
-1
956
435
282
1317
497
-1
240
-1
848
1747
752
-1
-1
1186
1413
790
713
283
1805
1750
630
1150
1746
14
1807
1435
471
1538
1037
899
1152
898
1220
25
898
1806
10
498
1022
1023
1067
141
19
670
1536
1
-1
1216
1168
109
16
1318
673
21
1431
844
229
20
304
843
304
844
672
764
391
1268
280
1220
13
298
180
1244
1247
507
743
733
739
1010
1162
63
-1
-1
738
125
489
184
893
621
865
1715
429
1159
1466
1468
214
798
208
1263
1394
841
1391
313
55
1726
1711
536
914
484
1784
687
186
1113
748
627
344
1231
785
1135
399
751
1570
752
319
731
515
203
1310
1730
327
1362
1219
1798
750
863
519
212
158
864
1754
1751
1476
564
472
830
1104
134
463
417
1536
103
169
1501
372
1312
456
155
1676
101
422
915
36
1571
357
1175
335
1734
1236
-1
1451
-1
943
1684
708
914
1026
-1
386
118
1712
1721
1087
193
1166
488
28
177
1209
1206
1787
483
1783
1692
111
1763
1024
680
1023
755
607
1164
597
1144
188
93
527
506
814
815
855
595
1410
760
924
687
645
954
605
269
1189
205
719
236
492
134
1498
1601
378
414
971
906
1139
132
969
1653
765
766
623
994
256
88
412
408
399
231
1178
1286
1288
753
152
1279
666
1535
1034
611
917
577
990
1605
725
82
852
756
755
505
1028
532
384
1379
1522
-1
-1
1182
1124
883
70
1101
358
1147
1525
1803
691
486
1280
1117
-1
958
-1
1100
1117
421
856
1373
1682
1754
1402
643
667
254
54
1374
1643
857
1723
52
1831
1211
327
1212
1342
-1
1000
879
1205
349
1231
-1
1267
1167
1217
482
18
911
910
1764
1768
207
663
661
66
117
1780
950
433
1172
1443
266
1586
617
1641
361
926
1088
1443
878
456
112
218
61
1562
1509
1247
1535
1256
473
1030
292
1759
689
1539
215
-1
-1
215
1464
1371
972
242
488
153
30
747
1446
652
174
1824
1447
1655
602
742
1169
684
1258
1771
1381
590
778
1175
937
397
79
291
342
564
1477
1014
230
50
76
1796
931
1240
231
1511
1177
1315
1043
1665
1151
899
1109
1502
385
1108
1317
1746
1150
1469
497
16
144
1243
1130
428
1801
961
567
142
318
1781
1126
339
1319
263
1531
308
1790
271
803
474
589
1817
689
500
976
1657
1660
1272
253
1232
622
85
621
1560
1693
125
269
1544
608
296
54
199
1808
157
561
156
546
859
47
873
1119
322
734
942
740
-1
1377
1045
312
718
245
981
1428
1055
582
704
744
609
1055
518
1466
1626
268
1074
1367
1047
285
923
940
504
326
52
1724
837
885
579
950
263
1336
1184
1667
1095
1165
357
1572
1362
334
126
351
336
1815
403
700
699
1416
540
64
326
332
1211
261
1264
467
1082
299
25
673
219
1052
797
797
1053
1366
184
185
521
974
183
30
183
975
591
284
39
922
1669
1144
1583
1165
325
69
1513
751
710
1569
751
1109
1599
788
632
1382
359
648
505
1547
62
250
1648
1647
1697
279
821
810
945
197
1695
811
196
1683
1833
704
888
381
155
405
1137
1138
1002
977
976
1153
1107
1106
887
44
320
423
1636
727
75
509
1528
745
1249
732
449
110
843
34
440
466
425
1666
276
1546
505
1348
1028
1087
295
47
1404
246
246
953
872
407
33
1463
407
123
122
1566
1588
1554
1442
599
600
117
951
757
1818
181
470
529
530
856
1197
265
1121
743
400
1579
-1
-1
510
1495
437
1069
854
815
852
547
548
1006
1006
1810
1809
800
1472
1251
1251
21
0
870
554
134
83
410
136
1713
831
233
232
938
235
912
1140
1608
438
555
233
1739
392
76
904
905
907
1274
481
340
328
1533
1260
4
241
752
737
710
240
243
1010
124
489
242
973
1026
1429
981
1716
162
422
383
213
212
474
1119
1304
1597
1334
409
1192
834
370
864
1663
194
423
1800
1635
721
720
728
151
1273
1128
101
495
888
1445
575
1072
382
754
81
626
1596
409
1329
1527
-1
1493
576
951
990
431
979
996
178
573
1530
996
346
146
171
999
1785
484
924
221
1582
303
1585
114
413
784
1615
1229
1003
166
1053
1054
154
74
629
295
610
368
147
1423
1503
1523
908
581
1199
583
341
1389
854
-1
1823
452
1238
1046
209
768
1822
1051
1057
1407
709
195
1698
1057
1397
1022
24
1025
1085
358
1745
3
1805
1804
8
965
388
1112
186
167
1550
388
1275
612
1737
1490
612
1260
293
292
1084
632
633
1600
342
414
968
132
1123
1368
288
1600
120
1732
288
1025
1671
506
1546
270
211
955
1675
155
1677
405
-1
1136
25
1221
1264
1149
180
1318
1154
328
1155
565
1533
782
1321
-1
1196
360
265
556
22
882
21
1765
614
843
1305
307
780
306
1456
590
1099
147
1098
1306
1543
1449
587
1135
1380
1116
485
411
746
1189
161
1638
36
1635
1548
586
548
1797
869
1549
637
1122
1592
1122
1142
1589
568
144
319
1033
43
318
203
770
794
477
-1
-1
1181
159
708
984
-1
-1
1552
1010
1009
188
634
635
177
1207
168
795
45
104
300
669
239
464
499
690
444
698
-1
1224
655
1039
722
178
562
1039
524
346
1567
174
1001
1571
57
1572
839
175
367
1034
1773
731
610
611
730
1672
513
145
482
1156
238
376
274
755
970
290
132
395
476
805
40
1406
345
344
901
552
262
657
333
483
450
1794
934
1419
1062
1564
106
1340
1829
1266
-1
1777
1342
174
1340
1441
1201
620
-1
-1
1465
407
686
1364
661
1180
357
1363
988
56
173
356
94
680
281
192
647
1398
1120
303
1018
115
1642
822
1484
402
1779
1352
1357
1350
1601
749
1799
1354
547
1353
367
1089
602
336
366
1261
1347
271
959
833
1644
1301
249
765
1401
-1
1415
-1
874
53
696
1705
875
1174
1489
458
875
875
1706
1294
377
1388
341
761
376
1164
838
1497
77
1814
1831
860
1677
477
1673
199
1308
1558
1404
256
574
574
578
246
435
91
434
139
1611
1151
-1
-1
61
1749
1469
496
1775
284
285
1550
453
1775
391
670
1081
1430
390
23
236
1011
1012
1013
868
1640
1345
1707
-1
1290
343
1016
937
1176
637
459
1170
131
1411
1006
1005
587
83
41
222
1450
537
1579
775
1577
362
455
812
1557
1088
175
1643
426
1702
1701
200
297
856
1463
1468
354
214
215
724
1720
82
248
1329
257
231
1792
869
1771
1770
311
82
-1
-1
1321
1197
266
290
78
905
528
1718
1384
1185
964
966
51
1064
496
1820
499
1146
1657
1145
802
1378
909
570
909
1790
98
245
55
774
516
251
204
1047
1239
1551
1665
209
927
404
833
1649
1699
1137
1110
773
143
1284
32
1716
1285
1719
724
1609
260
1605
1720
1296
433
480
1171
113
432
895
384
650
487
384
2
1553
1694
437
224
436
1696
912
235
439
461
1592
438
208
1692
448
1102
470
1038
1056
522
747
522
1623
810
1508
330
1416
1480
1429
914
699
535
1508
1729
769
1727
449
764
440
1763
207
448
347
935
642
563
1788
1183
1187
-1
275
389
1187
1744
-1
-1
1674
402
1485
1554
1779
117
53
1035
1439
1205
374
1517
1173
460
397
791
840
1733
459
1591
439
714
713
939
866
1282
1185
51
1145
329
1148
801
802
1007
672
467
208
179
1483
466
640
1349
1252
845
1664
1106
441
1817
219
1271
11
1067
49
1573
1059
1115
120
633
148
247
590
1631
806
1505
343
1618
1287
380
588
321
1673
1699
1675
599
1557
1815
1442
1555
432
238
903
1167
1195
340
108
65
563
347
264
925
38
311
1100
684
1802
1525
96
1422
1379
435
63
615
124
1009
243
30
832
867
866
932
1292
1241
1639
871
76
1603
1510
1796
569
495
1278
494
1458
254
387
799
417
141
1750
3
-1
-1
14
418
500
329
499
1821
149
504
941
972
941
645
975
987
1361
723
168
501
539
210
193
90
294
1757
70
609
776
26
1246
1255
954
205
1190
732
718
538
223
1132
566
1129
641
1648
1252
339
514
846
513
1758
1519
43
1249
961
1637
423
728
783
585
1654
1467
165
1367
1403
47
1504
1334
1598
542
183
677
748
442
443
1560
918
857
1701
1338
1827
333
884
526
1385
525
911
853
70
884
1718
1547
415
1721
1074
220
1467
220
1400
1372
566
532
1027
531
1133
90
749
1602
928
870
1241
1714
536
1712
446
37
535
1480
1376
836
400
550
1377
510
616
540
504
723
177
539
542
967
1335
1609
541
520
1681
544
919
543
1682
857
1303
872
858
157
1809
1303
365
226
1808
226
1355
314
1065
1061
-1
1376
538
558
836
819
1580
553
1332
345
1328
552
626
230
1713
829
235
1607
829
-1
807
303
1048
619
1465
835
550
719
1245
732
731
813
1359
1357
1356
1352
156
332
997
999
483
451
935
49
133
881
1532
301
1630
511
531
1131
1242
144
1233
720
318
960
1457
494
1272
420
1281
1523
649
1041
1522
1420
1215
711
1212
653
261
1444
383
382
255
995
991
259
577
949
576
1072
87
383
1445
1071
952
1493
170
581
1386
1054
1479
273
580
163
1545
716
1387
273
1389
1228
976
644
517
1228
1402
314
1791
1005
1791
399
310
477
1678
1191
1456
1448
148
130
307
474
676
185
675
1645
646
1642
1409
595
1392
1390
841
1120
593
72
1394
1409
1393
646
1590
636
69
1590
635
1369
217
479
861
1566
1555
217
1778
1200
-1
920
128
366
878
1563
808
1198
1722
814
1020
1479
74
1368
607
756
606
1369
68
609
1246
154
164
507
608
1255
338
270
338
1256
86
287
613
286
612
1491
1014
305
-1
882
1095
616
488
615
986
539
1735
664
114
759
1735
1395
620
1626
557
662
619
353
31
152
1193
1278
152
894
1475
1474
81
1085
625
1147
624
793
781
1595
257
553
697
40
1265
1243
1514
1131
1462
1027
270
899
9
631
1569
630
849
1803
289
191
289
1277
473
325
1166
1487
325
1459
598
597
1594
1584
1141
316
396
1659
1687
1153
1106
644
1659
1520
682
468
1647
512
877
1061
1066
450
644
1664
100
639
643
584
73
675
502
592
674
596
359
1383
1024
1610
788
192
1741
571
1503
1041
738
434
652
1656
1563
126
651
1202
573
656
657
1420
741
1079
331
1225
1001
653
1213
1215
653
1080
346
1582
-1
-1
1581
1197
1196
661
1365
717
355
660
111
1625
620
1364
1179
111
1094
617
1330
1322
1322
1652
-1
828
1302
85
827
1279
101
1126
1782
1194
328
1158
1008
390
671
16
670
1250
1470
1081
466
23
180
1082
19
675
688
646
645
674
591
1645
677
591
676
1646
521
679
1482
1068
1263
678
1037
358
1271
67
1022
1068
1221
640
1519
1253
1752
845
1518
1257
129
485
1258
1427
1134
-1
-1
354
73
38
688
674
687
1410
121
690
149
689
1760
329
692
95
787
908
691
1502
694
1553
1552
1693
693
1009
-1
-1
800
757
758
372
1405
627
1489
330
1509
-1
176
1314
446
771
176
1727
1415
1417
1728
998
703
1206
702
1680
1788
163
705
198
704
707
945
707
1070
1695
716
706
705
322
59
821
278
768
820
241
1437
189
1218
712
572
711
1219
1237
714
462
7
938
713
461
1386
1070
716
715
707
582
1767
1764
660
719
510
161
558
718
75
252
1233
568
1232
252
1457
1210
332
998
1208
540
503
430
408
-1
88
993
726
725
992
-1
1310
962
204
962
252
516
1130
730
1033
729
1462
338
43
337
559
559
509
206
27
1507
1453
159
1182
1453
736
1433
1305
1432
735
1257
1436
241
890
650
1436
29
27
1454
1451
1450
-1
160
654
742
921
741
1421
128
1578
27
222
1832
775
164
1248
206
1160
1159
312
892
748
442
125
39
747
521
364
533
1354
46
1799
1353
190
42
189
240
42
5
754
1403
84
256
753
1092
89
68
341
89
970
606
1627
696
218
696
1628
1293
1793
896
618
1784
1793
72
1494
377
1460
1163
1553
1494
764
844
1431
448
763
23
80
1654
370
80
834
1375
1822
-1
1050
1743
277
709
447
772
1725
1729
1728
320
1725
1314
700
769
1730
1636
1638
428
774
773
1285
422
401
776
744
775
1580
507
1412
1813
1810
1412
1811
130
780
1258
1257
1426
779
306
782
1227
625
1008
781
301
784
517
1400
1073
267
783
1234
41
786
1059
785
1178
788
1611
691
648
787
191
-1
-1
1365
7
791
936
790
1414
459
880
793
1084
792
1630
625
-1
-1
320
1361
327
1208
1360
987
1670
181
182
1094
1691
34
1689
496
1470
1472
1471
228
695
1687
465
1158
465
1688
419
1118
148
1631
1504
806
1286
806
1632
343
475
805
804
556
-1
1017
1656
809
603
808
1447
1089
1698
196
443
197
1696
1561
1359
402
1351
1358
560
885
1384
71
604
71
1385
225
1529
1774
818
1528
818
835
817
816
819
551
818
1244
821
709
985
195
820
708
1634
361
1393
1633
824
1315
823
1634
825
1018
824
1390
1043
1316
-1
828
667
1650
833
666
827
830
554
555
1091
50
829
232
1714
1292
1291
932
490
426
369
828
249
1301
766
836
558
817
537
835
551
1497
169
867
1496
378
1798
1830
1814
336
1621
1262
460
35
842
594
841
1395
1586
305
22
207
763
22
20
683
469
846
845
1107
513
-1
1138
-1
850
5
1570
1745
850
631
851
848
849
1807
850
1804
853
89
225
971
852
526
855
225
274
71
854
1199
220
99
406
523
544
102
859
545
886
157
858
1356
1685
861
379
860
1686
599
1587
1565
1496
1350
1587
46
1755
48
250
31
1755
1647
490
1724
462
490
1498
837
393
1477
1511
1510
410
315
871
534
230
492
1604
870
545
873
213
872
1812
158
1311
372
1294
373
375
374
877
1515
893
1129
876
641
879
603
116
1172
106
878
1629
792
1029
1703
1075
564
614
-1
304
93
1216
910
910
525
527
886
170
813
953
885
858
1309
203
1559
1307
199
254
1826
1338
-1
737
-1
-1
1619
892
1044
891
1620
746
894
31
876
622
893
1273
-1
434
-1
759
1794
897
1736
896
1066
1149
12
13
138
12
630
901
1406
1628
345
900
1613
903
1275
1740
481
902
904
1090
237
903
237
1103
414
911
907
78
906
1168
237
1524
692
272
420
421
1280
109
884
883
109
906
526
1122
234
438
1607
968
1091
445
60
37
1428
1481
55
1612
917
979
916
949
87
1136
919
523
918
1371
543
1447
921
602
920
1825
741
923
186
1646
167
922
1641
264
73
940
484
1786
1783
927
1046
115
425
926
1633
929
533
930
1355
928
1548
931
1797
928
135
930
933
832
491
933
1499
932
931
1078
348
935
563
934
450
937
1591
790
131
396
936
939
714
233
462
938
1291
941
168
924
501
940
502
943
159
1506
1683
59
942
945
1697
1684
196
944
705
947
1559
1019
1558
946
1678
949
1613
1627
917
948
576
951
112
170
218
950
259
1071
579
953
213
952
886
955
74
508
1021
954
295
-1
957
2
956
958
1422
97
959
957
958
1708
368
961
1637
568
143
960
515
963
728
727
1458
962
1307
416
-1
1049
1063
1435
283
1434
1063
416
-1
-1
541
913
969
290
968
1608
79
971
342
756
78
970
853
973
124
501
243
972
974
975
184
973
185
974
502
584
201
150
201
1617
1658
979
1597
1596
260
978
916
982
1715
1620
982
244
162
983
981
980
-1
982
-1
985
323
1181
1051
984
820
616
1096
987
796
503
986
1143
989
356
988
1662
1176
991
260
87
1606
990
575
1474
-1
726
725
1606
1473
995
1444
81
575
994
1473
262
997
261
996
1531
562
1679
702
722
263
1679
562
1001
105
1326
334
1000
655
1616
201
1229
1614
1073
268
-1
-1
1666
1380
398
586
398
227
226
1148
1226
465
1226
782
669
324
489
694
324
28
242
392
1740
1737
392
1738
1639
1014
393
1738
133
1013
613
1448
1016
1632
1015
1346
395
1018
807
1316
360
1017
825
-1
-1
946
1198
605
1021
1086
1020
955
280
15
681
15
1398
67
1025
67
647
293
281
1024
60
244
-1
629
531
1028
90
211
1027
1030
1574
880
1076
1029
120
1115
1060
1032
1031
1576
1076
1034
319
729
86
337
1033
1341
457
1297
1204
1172
1171
1690
679
11
1689
441
1093
1040
333
331
1339
1039
1325
571
1042
650
1041
1742
1437
137
826
-1
1045
-1
891
-1
1044
161
276
1047
926
1046
424
167
-1
557
-1
964
-1
1434
1051
767
-1
277
1050
985
181
1819
1053
182
1052
268
1545
269
580
1544
163
164
1624
442
1113
1623
278
279
1327
1581
1323
1576
786
472
1031
1114
1575
549
642
1062
-1
1061
348
966
965
1064
417
1063
1749
1066
549
1331
642
1065
897
1068
15
471
681
1067
678
1070
1387
224
715
1069
706
1492
952
578
577
1492
255
1003
784
1399
1399
529
166
881
1704
1574
1573
1030
1032
1319
-1
1337
1418
934
1184
1214
654
1223
657
1214
1224
1082
672
390
179
1081
673
-1
1767
-1
1085
288
792
281
1084
624
1087
1722
1021
62
1086
211
403
116
1089
366
1088
809
1104
904
1739
1103
830
913
-1
-1
754
1094
1691
1038
663
1093
797
172
1096
615
1095
1668
986
1098
1433
1432
1542
1097
308
1100
308
1432
485
98
1099
1270
94
1759
1816
441
1690
1104
1091
905
50
1103
1090
-1
-1
1619
202
469
639
202
1781
846
1512
1741
139
190
1512
138
1649
1111
427
1110
1650
1676
284
1776
1113
39
1112
1056
1770
1772
1060
1769
1031
473
1117
311
1276
98
1116
96
1119
803
1505
247
1118
158
1121
360
594
221
1120
1585
316
317
912
1139
1593
291
1672
1125
93
1124
1127
1217
145
668
1127
1126
1195
1125
1515
1242
253
1514
877
511
1461
729
142
566
1461
628
1252
1133
511
1132
1349
532
1135
1235
685
41
1134
310
-1
918
297
200
1702
427
200
1700
847
1140
1123
79
1589
1139
234
1662
1142
637
1141
1584
317
1661
988
1669
187
1667
69
419
1146
464
1145
1658
418
1710
94
624
1709
1007
464
1150
898
299
9
1149
140
1152
138
385
12
1151
1268
1157
202
638
1157
300
1782
1156
1194
300
340
1155
1259
1158
1154
1153
669
1157
801
1160
746
32
1190
1159
745
1552
1163
1162
1161
1487
28
1161
762
1460
1459
377
68
1166
188
172
634
1165
63
1168
108
481
18
1167
907
1734
1262
128
1733
1571
397
1036
433
1705
1036
879
113
1174
458
1297
373
1173
1204
1176
131
56
396
1175
989
1178
136
1476
83
1177
786
1366
1180
663
1179
1762
355
1182
322
984
734
1181
92
1184
451
1680
1078
1183
171
463
1186
416
1185
1283
6
453
1188
452
1187
1551
1396
1190
75
312
509
1189
1160
-1
588
-1
1193
249
1756
1302
1192
621
1195
668
1155
1127
1194
482
659
302
1324
659
221
413
1478
1020
604
273
1478
855
601
1203
1201
-1
1200
352
652
1203
1777
1202
1564
1200
1205
1036
1174
106
1204
457
1207
64
702
326
1206
1785
1209
723
795
64
1208
1210
1211
722
1209
178
1210
104
1213
573
104
656
1212
1218
1215
1079
1080
572
1214
656
1217
18
883
108
1216
1125
1219
711
1213
712
1218
45
1221
13
24
298
1220
681
1223
1567
1225
1825
1222
1079
1225
331
1080
655
1224
1222
1007
1227
1008
1226
1710
781
1229
584
585
1002
1228
267
1328
-1
1333
1332
107
40
1233
721
151
720
1232
567
1235
785
1575
1134
1234
1772
1237
57
1421
1572
1236
712
1239
276
-1
424
1238
-1
1241
1604
135
534
1240
491
1243
567
1128
142
1242
628
1534
26
819
1773
1529
559
1247
508
608
26
119
1246
1249
745
1284
206
1248
515
1430
1251
671
1250
229
228
468
1132
512
1348
682
1671
-1
-1
1711
1256
610
508
611
1255
119
779
684
736
779
685
129
1260
1274
1156
287
1259
239
1262
1622
367
840
1261
1169
1483
679
34
1482
179
298
1266
1516
627
350
1265
1267
-1
1266
107
1269
24
1152
1397
1268
1610
1271
1101
1539
680
1270
471
1273
151
569
253
1272
894
1275
238
1259
902
1274
286
1277
1802
1116
633
1276
1769
1279
622
494
85
1278
667
1281
909
96
570
1280
1524
1283
463
-1
1186
1282
-1
1285
428
1248
774
1284
429
1287
84
804
1289
1286
476
1289
-1
84
-1
1288
1287
-1
395
-1
1292
832
939
491
1291
831
1294
758
1405
874
1293
375
1296
1311
1706
1485
1295
432
1488
1035
1173
1299
1829
-1
1488
1298
1300
1341
1299
-1
1302
369
834
666
1301
1193
1813
545
546
1812
1412
247
1455
306
735
1433
309
1455
1308
888
963
381
1307
1309
1310
887
1308
44
1309
727
1312
874
1295
53
1311
1484
1314
1726
1481
771
1313
699
1316
137
823
826
1315
1017
3
140
1318
19
1317
299
1320
1077
146
-1
1319
1826
1322
302
413
664
665
1321
1324
-1
1058
-1
1323
1196
1326
-1
1040
-1
1325
1000
-1
-1
1058
1329
1230
553
409
258
1328
664
1736
1651
-1
1651
1065
1333
1231
552
-1
1332
1230
248
520
1526
-1
1526
541
1337
1418
171
-1
1336
1077
889
524
1339
-1
1338
1040
1439
352
349
1438
1035
1300
351
1343
105
1342
1778
-1
1345
1449
1541
1346
1344
394
1016
1345
1795
1540
1542
368
1349
1253
210
468
1348
1133
1351
863
363
1588
1350
812
561
363
1353
365
1352
750
1355
365
749
548
1354
929
1357
561
859
363
1356
560
1359
813
1780
560
1358
812
1361
796
1363
503
1360
795
1363
173
45
356
1362
1360
1365
355
662
660
1364
789
1761
1179
182
518
1761
166
1369
606
291
607
1368
598
1371
-1
-1
919
1370
123
1373
530
1653
99
1372
1374
1375
102
1373
1644
1374
766
1377
550
537
538
1376
160
1789
420
1379
487
1378
91
1425
1005
310
1424
1426
130
1599
1383
192
1382
1732
647
1385
814
415
815
1384
525
1387
715
580
1069
1386
583
376
1495
1389
274
1388
583
1391
594
825
35
1390
1392
1393
593
1391
596
1392
822
1395
35
595
842
1394
618
-1
-1
1188
1398
280
1269
1023
1397
359
1400
1074
1073
530
1399
783
1402
1753
370
100
1401
585
1404
519
753
212
1403
382
1406
697
1293
344
1405
900
278
1624
1408
1743
1407
1776
1410
593
596
72
1409
688
1811
398
1424
1304
777
778
1414
7
1723
791
1413
1621
371
701
1416
444
1415
176
701
-1
-1
1419
1078
1336
348
1418
-1
1421
654
572
742
1420
1236
1423
487
957
1789
1422
271
1425
1381
1411
1427
1424
1380
1427
780
1381
685
1426
1425
1429
915
162
445
1428
244
1431
1250
391
20
1430
763
1097
736
1099
1097
1306
735
1435
966
1049
965
1434
10
1437
737
738
710
1436
1042
1440
1341
-1
1440
1340
457
1441
1439
1438
352
1440
-1
1556
217
480
116
1556
113
1445
574
994
578
1444
255
1655
126
1568
127
920
809
1449
1015
589
1344
1448
309
1451
740
400
58
1450
739
-1
-1
1454
1454
733
734
739
1453
1452
1456
1305
1306
307
1455
589
1458
569
721
495
1457
963
1486
1164
635
1486
1163
761
1462
1130
1131
730
1461
629
1464
214
406
123
1463
1681
1466
354
557
165
33
1465
1468
518
529
33
1467
406
387
141
1470
799
1469
671
1472
800
1537
228
1471
799
1474
993
995
623
992
1473
-1
623
-1
1477
49
1177
133
1476
868
1479
1198
1199
605
1478
581
1481
445
536
915
1480
1313
1483
1264
678
467
1482
1263
1485
362
1312
455
1484
1296
1487
1460
1459
1162
1486
634
1517
1299
1297
1516
374
697
1491
287
1532
613
1490
1703
1493
1071
1072
579
1492
259
1495
761
762
1388
1494
224
1500
838
862
1500
837
378
1499
77
867
1602
1498
933
1501
1497
1496
52
1500
1685
1503
692
139
649
272
1502
1505
804
519
475
1504
1118
1507
1833
942
1578
1506
733
1509
444
446
698
1508
118
1511
869
493
136
1510
868
1513
1108
1109
1742
1512
189
1515
1129
628
876
1514
1128
1828
1489
1265
1828
1488
458
1519
1521
683
682
1518
514
1648
1521
640
1520
1663
1518
1523
571
91
272
1522
570
1525
908
1281
486
95
1524
1527
1334
1335
258
1526
-1
1529
817
205
1245
816
1528
1531
262
1827
997
1530
146
1533
565
1490
301
1532
239
1535
1244
1774
119
1534
86
1537
17
51
1
1536
1471
1539
1816
11
121
1538
1270
1541
1347
1708
1543
1540
1344
1543
1098
1347
309
1542
1541
1545
1055
154
582
1544
1054
1717
210
294
1717
528
193
1549
314
929
1792
1548
315
1551
389
285
1188
1550
424
693
1161
324
693
436
762
1555
216
455
600
1554
480
1557
1442
1443
479
1556
403
1559
947
381
946
1558
887
1561
153
522
1694
1560
811
-1
-1
118
1564
651
603
1203
1563
349
862
1566
1686
1565
216
600
1568
334
1222
1446
1567
1824
1570
190
631
42
1569
848
1170
335
56
173
335
1237
1574
1076
472
1029
1573
1075
1576
1060
1234
1032
1575
1059
1832
1578
401
1577
1507
743
1580
401
222
776
1579
551
1582
659
1058
265
1581
658
1584
1661
187
1142
1583
636
1586
266
1121
114
1585
842
1588
862
863
216
1587
1351
1594
1140
317
1593
597
598
1592
461
936
439
1591
316
1594
1590
1123
636
1593
1589
1596
626
1612
257
1595
978
1598
248
978
520
1597
1719
1731
1382
191
292
1731
289
1602
364
77
533
1601
1499
1604
1640
493
871
1603
1240
1606
88
431
993
1605
991
1608
913
555
969
1607
234
430
-1
542
1611
648
1269
787
1610
385
1613
916
1595
948
1612
901
1615
1003
1819
267
1614
1616
1617
1002
1615
977
1616
1820
476
-1
-1
1620
891
1105
892
1619
980
1622
840
1414
1261
1621
1830
1624
1057
443
1407
1623
1056
1626
662
1762
619
1625
165
1628
757
948
758
1627
900
1630
880
1704
793
1629
565
1632
475
803
805
1631
1015
1634
823
927
824
1633
822
1636
251
313
204
1635
772
1801
516
960
1800
773
313
1640
492
1012
1603
1639
393
1642
115
923
361
1641
592
1644
404
102
369
1643
1375
1646
676
592
677
1645
922
194
641
865
194
1520
512
1650
1110
426
1111
1649
827
1652
1330
1331
665
1651
-1
1654
80
1372
765
1653
517
1656
1446
127
651
1655
808
1658
419
150
1146
1657
977
1660
638
639
1688
1659
150
1662
1143
1583
989
1661
1141
250
1752
1521
469
1751
643
1666
425
137
209
1665
1004
1144
1668
172
1667
1670
1096
1670
187
1143
1668
1669
796
1758
294
1253
1757
339
1124
1674
478
380
1700
1673
454
1676
296
478
54
1675
1111
1678
380
296
588
1677
947
1680
998
999
703
1679
1183
1682
543
1464
544
1681
99
1684
943
198
59
1683
944
1686
860
1501
861
1685
1565
1688
801
638
802
1687
1660
1690
1038
798
1102
1689
1037
1692
798
1093
440
1691
66
1694
694
153
436
1693
1561
1696
197
706
811
1695
437
1698
195
944
279
1697
810
1700
427
478
1138
1699
1674
1702
405
523
1137
1701
404
1704
881
1491
1075
1703
1629
1706
373
1171
375
1705
1295
1708
-1
394
959
1707
1540
1710
1148
1760
1227
1709
1147
1712
37
1254
535
1711
61
1714
232
554
831
1713
534
1716
32
980
429
1715
245
1718
1547
1546
415
1717
527
1720
430
1598
408
1719
431
1722
62
528
1086
1721
604
1724
103
1413
169
1723
866
1726
771
769
1313
1725
36
1728
447
700
770
1727
701
1730
447
770
772
1729
44
1732
1599
1600
1383
1731
293
1734
1170
460
57
1733
1169
1736
617
618
1330
1735
897
1738
1011
286
1012
1737
1013
1740
236
1090
1011
1739
902
1742
649
1108
1042
1741
1513
1744
768
1408
1823
1743
453
1746
282
849
140
1745
9
1748
-1
5
-1
1747
1806
1750
387
1064
497
1749
8
1752
48
1664
1663
1751
683
1754
1756
1401
48
1753
100
1756
864
865
1753
1755
1192
1758
1672
506
514
1757
1671
1760
121
1101
690
1759
1709
1762
1366
1367
1180
1761
1625
1764
449
66
717
110
1763
1766
305
1768
-1
1765
-1
1768
717
1083
110
1767
1765
1770
1115
1277
411
1114
1769
1772
411
129
1114
1771
1235
1774
1245
337
816
1773
1534
1776
388
389
1112
1775
1408
1778
351
1202
1343
1777
601
1780
456
362
112
1779
1358
1782
145
1107
668
1781
1154
1784
925
65
38
1783
760
1786
264
1207
925
1785
1787
1788
65
1786
451
1787
703
1790
1378
1423
421
1789
147
1792
587
586
410
1791
1549
1794
759
760
896
1793
347
-1
-1
1346
1797
135
493
930
1796
315
1799
46
838
750
1798
364
1801
1638
251
143
1800
1637
1803
486
1276
95
1802
632
1805
283
851
8
1804
282
1807
14
1748
10
1806
851
1809
156
547
546
1808
227
1811
777
227
778
1810
1411
1813
1304
873
777
1812
1303
839
379
1815
175
1814
479
1817
1102
1538
470
1816
149
1819
219
1821
1052
1818
1614
1821
418
1617
500
1820
1818
1823
767
277
275
1822
1744
1825
127
1568
921
1824
1223
1827
889
1320
524
1826
1530
1829
1517
1516
1298
1828
350
1831
839
1622
379
1830
103
1833
1577
744
1506
1832
198
