43
746
1141
687
184
577
1005
246
455
1357
481
1303
458
578
1273
-1
1149
-1
1664
733
734
457
1458
32
1731
307
1557
1619
1593
1382
152
844
756
398
1465
878
120
1547
121
362
1745
1475
1771
1422
500
1288
1001
713
333
1025
47
1103
61
591
460
1249
459
817
799
613
749
1269
946
30
1730
239
963
282
1056
767
1017
194
332
1734
1626
1713
46
661
1755
73
604
1220
1217
1050
475
476
1052
976
320
1440
464
21
928
831
1094
139
1419
7
826
524
1451
393
851
992
1252
149
363
1097
382
-1
-1
1444
371
718
852
786
72
67
1251
1462
903
902
570
1614
1544
899
1666
696
575
1180
256
0
572
1263
260
697
800
1291
25
1714
1400
1171
1680
16
62
1201
129
952
1175
1167
1707
392
1163
286
564
52
69
51
413
55
1104
54
-1
458
53
1169
53
1272
801
1543
280
1127
1653
109
1540
254
1011
1502
1440
121
541
1102
1592
17
1169
272
299
48
713
485
1611
690
1532
480
1491
1646
1567
753
677
342
1643
1250
39
113
1487
1737
670
318
52
623
645
346
653
-1
-1
1404
978
715
38
377
636
26
183
1594
355
1114
313
523
495
1031
771
155
1413
605
605
1389
265
1586
1652
85
338
451
273
1719
249
1030
356
1199
1373
1693
422
1696
742
867
1489
1025
79
533
586
710
974
703
781
125
1678
395
560
336
833
1570
1138
1137
885
736
370
1296
732
368
369
797
255
798
1184
263
161
405
1004
983
-1
886
-1
1524
148
615
307
1732
502
432
1632
1139
1455
1164
416
1431
152
580
452
152
810
-1
1013
-1
813
288
1621
608
565
268
564
1162
1052
1185
1271
359
875
1623
1567
1617
576
57
294
598
424
1398
833
335
144
1726
870
1426
655
67
880
115
190
114
1126
879
1145
821
477
1140
1365
856
876
247
625
1247
372
248
1546
12
1115
59
206
12
1208
790
1391
199
1423
1043
1387
359
1270
87
386
1569
1226
129
300
484
895
1652
1478
358
401
126
1629
48
1551
760
1483
513
1493
512
768
1739
1753
226
549
1677
544
437
522
1676
1392
1393
962
795
952
1688
665
662
541
1079
590
1733
332
31
525
1659
183
663
1776
601
1625
558
560
1286
1285
144
143
1022
112
682
1574
1359
1017
-1
-1
148
1525
894
97
147
-1
1648
35
351
1695
426
1612
1205
486
1251
102
10
101
413
1605
1092
1212
1091
618
435
77
344
1389
1051
1216
1641
721
914
229
742
722
703
874
754
960
1049
1229
94
421
422
214
521
1678
1518
643
1517
646
323
1320
656
1718
1424
1408
301
652
993
994
1153
459
1247
1154
872
189
889
1083
1514
548
1392
603
956
1400
399
662
1142
1420
1683
809
588
486
1123
1214
1426
465
551
254
1553
1099
499
244
852
317
1060
1419
880
1080
936
561
358
1479
1477
1659
1086
1198
545
74
140
1
411
955
1526
385
933
693
1783
1496
752
1491
774
582
782
520
169
582
1187
1061
114
529
882
1587
1024
1498
762
1155
1496
737
512
1577
23
483
585
1646
1509
236
584
1049
1616
705
598
230
916
799
466
123
794
1399
1105
469
335
202
1134
201
1685
1023
1347
776
1571
871
1725
1546
764
1765
683
121
1441
1116
1115
763
259
621
-1
-1
1254
490
1532
281
1759
1366
1325
212
280
211
1333
1018
582
873
583
1187
162
558
216
410
1244
-1
215
1741
553
340
1193
1466
398
1192
221
837
220
897
1337
219
281
219
1062
805
526
1062
992
-1
-1
1024
333
973
374
454
482
1370
133
998
825
1598
354
819
1619
672
869
158
865
295
198
697
1689
1421
817
965
964
968
1559
478
1364
353
329
671
1385
414
471
686
196
917
920
861
1566
1536
1502
723
911
293
21
602
1162
286
695
1405
286
1528
848
1184
1240
1385
472
350
178
709
1006
1513
1600
2
1778
494
118
674
248
397
247
119
81
1720
250
249
479
1538
1339
1239
1633
1239
1675
-1
975
463
765
58
463
176
93
1775
439
43
1179
402
1222
-1
-1
505
1763
1428
816
871
207
1750
659
44
730
262
729
261
972
288
94
1090
725
849
1669
1018
1402
748
78
412
1053
1026
1073
565
1071
270
1108
105
304
1151
1076
1107
268
566
1272
1374
1101
1101
541
61
367
80
1289
451
1583
714
689
859
634
638
988
858
-1
-1
539
1345
-1
685
1124
1735
488
211
1672
56
1758
210
221
22
388
1127
391
1716
1178
876
1478
1506
1081
1523
719
240
51
241
1490
752
729
104
1255
262
921
783
312
1645
584
919
508
506
860
944
943
326
239
427
929
1776
110
939
557
614
230
784
1556
297
797
796
296
630
631
1424
1200
62
1002
1260
561
126
166
1409
651
1360
1232
1305
1210
622
698
673
269
1078
1152
1081
562
1374
627
1249
8
98
462
1501
1736
589
1501
487
1432
1568
581
961
1510
1512
-1
1113
1707
289
75
1704
1656
325
1044
409
327
1531
1136
333
717
716
1482
760
178
1038
695
69
1210
347
1211
29
1728
700
1541
1008
1183
854
769
-1
164
1160
-1
1330
792
-1
940
314
1349
1088
1122
292
409
315
739
911
1045
942
234
1590
1353
866
868
1355
745
906
988
139
24
1064
224
16
316
973
710
882
336
201
111
1684
335
89
365
1280
1287
1303
80
1302
1141
1065
745
217
1481
1682
668
1750
571
66
670
1686
652
656
1406
1406
155
748
436
654
346
647
345
70
319
1306
1316
619
1411
699
709
759
757
1384
1241
244
149
1098
984
381
1363
1647
1760
1589
234
1697
1370
227
1576
1575
74
1593
545
82
1607
358
1476
128
181
357
124
1622
107
1470
640
1474
362
1749
1744
447
361
13
35
1363
1488
1488
901
569
1435
337
1438
1438
579
1437
1301
273
1000
92
370
1106
885
92
1397
368
1283
91
37
396
1442
738
537
119
1139
857
529
1266
225
1265
609
1147
1265
1147
1145
1266
1662
73
1640
1416
1125
880
676
722
1641
1752
1085
675
1463
352
594
1548
383
36
382
1549
1550
1695
503
385
185
1693
384
125
1601
1511
1005
804
1779
282
1059
948
746
402
818
1224
445
796
962
283
987
50
1708
1453
1452
1449
33
1516
643
966
88
559
1258
371
429
1551
624
248
536
218
11
416
172
1466
1297
1522
673
994
937
1507
128
389
256
1176
818
1177
800
1362
592
593
1467
95
725
1196
875
861
1622
875
1197
1536
1276
1730
1530
327
314
215
894
890
184
1741
1244
564
266
1604
1604
153
52
235
1041
1545
501
1562
958
398
879
100
1754
1094
830
785
1457
828
1676
635
997
-1
1223
-1
161
726
986
83
1528
161
888
907
663
938
110
599
569
1460
426
150
985
425
942
1043
293
727
794
1042
396
1445
1156
717
718
1443
1711
777
1710
1401
99
528
446
434
1632
822
1140
433
1412
155
1407
1637
345
1636
1448
1114
134
1114
1706
1703
1172
953
255
1643
1143
1484
1035
1256
1327
1686
1644
1643
659
1751
1446
784
1656
1555
390
638
688
964
433
778
1268
362
750
834
1658
-1
1036
1230
1200
1002
1700
1036
845
274
80
1699
102
1037
731
1296
1283
474
731
225
931
1242
2
827
457
978
456
7
996
54
-1
4
1246
168
18
611
612
18
1724
462
1492
954
307
461
254
1541
253
912
30
550
1770
176
550
1422
199
1743
765
1331
700
1331
-1
684
947
470
200
469
1119
843
530
472
235
516
243
471
477
1665
1267
1295
454
1267
1149
28
990
28
1150
1071
116
478
473
233
749
477
250
951
774
64
597
773
884
755
3
1534
535
225
-1
-1
194
1611
127
925
1227
518
63
151
1037
174
309
589
588
1608
1345
279
1653
596
704
836
1367
209
492
1547
1546
1725
574
491
1671
494
888
493
1668
246
952
76
496
495
949
1715
572
660
1286
1439
660
659
1010
1650
177
788
1100
14
932
415
692
891
1493
98
384
1613
504
899
933
503
515
258
769
291
1571
1196
740
1684
508
1570
291
507
1348
843
1471
511
1473
521
1271
510
1270
193
131
807
1492
131
1131
1256
779
855
1762
505
855
517
472
904
1590
935
516
485
1630
1476
1227
691
713
1270
1188
188
1188
510
162
523
633
134
634
522
75
682
33
1578
1578
140
1575
222
1543
802
1542
805
-1
432
529
878
528
373
190
1757
471
900
902
1757
1615
895
1477
877
895
1171
85
1651
1586
610
482
1301
1264
537
1156
397
761
536
372
1784
971
626
971
730
277
1591
611
673
272
60
138
1469
562
1219
1217
1469
680
1086
134
1082
356
183
1198
1372
549
1371
1382
1760
1157
549
1373
170
546
548
133
975
464
465
176
1771
1100
1682
1297
1192
1064
217
831
1342
1006
1242
857
556
711
555
982
883
1624
295
664
142
908
214
395
1679
1518
88
1259
142
300
651
180
542
305
681
1070
607
1053
51
106
412
267
1234
105
1234
590
270
1109
568
1103
567
1110
1112
364
425
1097
901
1489
40
1263
815
341
870
44
497
1022
1284
658
492
1692
724
42
1290
1616
1290
1056
109
1564
1767
1
1191
1558
4
366
580
756
579
1494
101
310
1194
-1
189
213
188
781
213
803
290
585
196
584
195
1229
1418
1060
86
716
995
974
487
1462
174
487
308
1461
566
591
138
590
1235
17
404
1648
887
404
910
1549
1378
381
1362
1463
991
1642
489
1533
1367
1533
1654
480
110
1777
197
424
705
1759
930
1673
1670
930
1671
141
1520
-1
240
171
1014
979
956
26
1393
1411
78
77
1054
619
1092
1051
1055
563
1070
105
1050
610
375
923
534
926
609
540
460
1153
460
1592
1248
811
666
19
295
1625
915
848
1529
97
1232
617
1322
616
1635
1319
622
1211
154
606
348
622
1129
1313
1038
1721
208
1039
303
618
619
1091
1213
69
1445
625
397
624
1069
118
1565
1323
538
306
954
1723
954
1375
1558
1337
-1
1063
1230
298
1203
298
1231
1250
-1
1722
-1
980
1015
522
980
523
275
636
1663
419
73
635
1393
1734
1118
859
445
276
689
1474
1472
641
360
1471
750
639
1271
1186
1472
1475
1519
163
644
394
643
1519
969
1580
70
1427
706
164
648
648
346
1581
1635
647
646
1351
650
1315
649
1352
1211
561
1261
301
1717
343
166
1504
744
70
345
1638
1504
113
1427
1425
343
165
743
1396
735
1398
1135
573
1133
260
443
498
498
1495
497
665
812
25
172
1298
137
664
141
423
1667
663
557
137
666
661
665
1689
613
1644
669
1446
1143
341
780
667
1687
1430
342
68
1432
234
1354
1158
1157
1740
228
400
304
540
993
1154
247
1016
820
380
1084
864
379
1486
66
1485
1292
1034
-1
1034
1293
1485
1403
543
1219
1218
562
1080
1450
524
145
684
205
701
1310
683
468
1159
847
278
1701
1066
236
-1
1
-1
1655
784
445
638
275
1655
999
691
63
690
1596
519
808
1275
501
958
186
807
1404
695
1039
694
241
318
42
1667
697
230
45
696
699
1360
303
1413
698
348
701
320
467
1441
700
683
1048
960
-1
1508
159
87
705
1617
489
197
704
599
1581
707
646
706
1215
846
959
1783
1380
244
349
1040
86
711
334
710
1061
555
1774
797
1020
15
62
519
1001
1289
274
72
1395
1482
1780
587
316
1680
430
316
430
1681
37
1606
720
285
719
1607
936
157
1642
992
379
158
1464
1547
724
238
723
574
1531
726
263
405
421
725
984
1390
428
728
1702
727
945
287
751
261
539
261
970
454
453
1534
1282
92
1281
6
1665
749
6
947
736
657
1397
1106
1105
91
734
193
1497
1132
1131
372
841
327
1023
1350
1349
507
1089
1363
1464
742
158
84
741
744
1505
656
653
743
1425
339
331
1180
0
389
1421
748
1403
1408
265
747
344
478
20
733
1119
447
640
1013
1294
729
287
187
1012
874
1509
65
159
1387
782
481
1435
1437
1436
579
10
1782
349
1499
1782
959
1041
760
1552
349
130
759
317
1155
537
1132
192
1499
1552
207
1764
1763
1764
205
1428
1182
467
253
1182
-1
1332
820
23
838
819
132
820
505
770
322
769
1429
-1
1538
949
76
1128
1539
773
774
480
772
187
773
479
776
1348
1185
203
775
1197
431
778
1631
777
1712
446
514
780
815
779
1257
668
782
583
87
188
781
754
289
1020
1556
688
444
296
1663
418
997
38
829
827
1742
1190
1415
1010
500
1742
792
1189
793
122
1573
791
792
790
-1
324
789
791
794
1391
789
428
793
199
136
1225
1174
297
1174
390
712
93
297
93
953
1175
19
800
198
799
403
45
802
56
938
526
801
1758
804
1601
583
1600
803
387
527
222
806
805
1063
-1
808
693
512
891
692
807
810
1585
174
1584
809
102
812
613
916
661
811
1516
1254
104
814
813
835
836
571
816
779
815
259
1762
818
19
231
389
403
817
1618
228
768
675
767
768
116
981
1365
1364
434
1560
1599
-1
1016
1032
829
853
998
1033
227
1772
1416
32
1457
456
786
829
1033
418
824
828
786
1165
1456
417
1165
31
553
833
1399
842
111
832
89
1336
448
1335
814
1620
897
837
490
814
1366
836
219
839
1618
767
1594
838
1576
1723
841
1246
840
1724
738
843
1347
832
509
842
470
1699
1582
10
1582
451
1304
847
1160
707
685
846
1124
242
615
-1
931
264
850
1243
849
1300
-1
34
-1
178
853
38
852
1241
824
855
322
1328
515
854
514
857
117
981
373
856
555
859
276
1627
275
858
637
1121
1089
291
237
1121
406
863
1067
944
920
862
1122
1752
865
676
864
1753
229
869
330
867
866
1356
84
330
1740
1158
1739
866
229
1262
572
112
259
1262
204
1778
873
169
872
1779
213
159
753
1386
407
108
406
1369
284
118
1368
1170
532
879
11
528
416
878
115
378
114
179
1125
1417
1640
883
191
334
927
882
556
1434
481
1358
1280
369
90
96
1550
910
909
592
983
889
423
493
908
888
169
1275
410
893
1274
808
502
893
1526
932
1525
892
890
410
-1
147
127
532
533
1170
1369
1069
1335
220
835
1335
-1
1338
41
1381
504
1544
1615
530
364
570
1459
40
531
1459
1756
40
1356
516
1756
1353
1626
906
1065
905
1627
331
908
1624
423
558
907
889
910
887
1003
593
909
886
1276
328
239
1729
464
1727
914
-1
-1
157
913
1084
916
614
1259
198
915
811
1343
1095
236
1343
-1
1209
1066
920
290
919
863
237
-1
289
-1
924
923
1264
922
1603
609
1602
922
1000
484
1602
999
610
1587
927
1148
926
883
30
929
1770
928
293
1423
939
600
601
1668
849
455
1561
501
892
504
1561
185
935
1598
1032
517
934
1240
180
720
1226
1523
401
1606
1019
424
801
1019
930
294
1088
941
325
940
943
1045
1046
427
328
292
1046
941
945
292
862
1047
944
728
947
20
1120
734
946
469
949
1539
388
771
948
496
951
1720
1661
479
950
1012
136
49
495
439
1166
798
627
628
462
1564
184
1731
957
604
171
1093
956
1117
1380
693
415
758
708
1769
702
160
961
-1
960
310
1715
391
136
1058
22
1176
232
1746
446
1747
232
1744
967
1713
394
1712
966
968
969
232
967
1745
968
644
-1
730
1294
538
972
539
971
1785
262
974
334
224
86
973
587
1728
550
253
1727
29
1503
1780
1394
996
1394
72
456
603
980
1118
979
633
634
821
982
856
981
1146
556
984
95
887
726
983
351
426
1696
986
1098
985
421
1278
1225
391
276
1279
331
-1
-1
990
1161
989
475
1378
1252
595
34
223
721
1506
167
674
167
1507
400
996
1418
587
457
995
977
998
419
785
226
997
825
1595
690
925
367
1595
924
15
714
1002
299
1001
450
1004
-1
909
-1
1003
95
1006
387
2
554
245
1005
1308
1633
1236
1307
-1
321
1634
1307
1540
1329
499
788
1099
1554
58
1013
752
951
103
751
1012
603
1515
1015
633
1014
1082
1017
675
823
23
1016
146
1673
212
264
1672
939
938
1021
712
783
-1
1020
-1
144
573
1691
1135
202
739
1025
224
191
16
1024
85
1027
266
1055
1605
1026
1054
1324
-1
-1
1657
1336
1784
1031
1377
81
1167
1030
76
1033
824
934
828
1032
825
678
679
1035
-1
1034
441
1204
449
450
486
1204
452
1039
318
620
694
1038
621
1041
1384
709
414
1040
758
1043
1047
428
427
1042
123
1045
1277
314
328
1044
941
1047
942
943
1042
1046
945
1049
702
1344
160
1048
196
1051
608
27
156
607
1050
1053
106
28
266
1052
563
1410
606
1027
607
1388
1026
576
1057
22
1056
1291
1177
1059
963
1179
388
1058
1716
586
179
1061
711
1060
190
1063
222
221
806
1062
629
1480
553
332
339
1480
905
686
1067
919
1066
1702
862
1069
1444
1681
625
1068
896
1071
608
563
267
1070
476
1588
-1
1110
1074
267
1150
1075
1073
1588
1235
1074
1109
1077
269
1221
1079
1076
1107
1079
1591
304
138
1078
1077
1081
180
681
305
285
1080
1083
544
1015
1199
1082
170
1085
676
914
380
1084
1599
182
1087
544
1086
1660
1448
1089
326
940
860
1088
740
-1
1467
263
154
623
1092
606
1091
153
1094
1755
957
417
1093
31
1096
1701
917
1390
1095
1208
1098
35
569
351
1097
986
177
1011
1100
500
1099
551
1102
272
271
60
1101
1248
1168
17
567
53
1168
1111
1106
736
200
368
1105
735
1108
270
1077
268
1107
1220
1110
567
1075
568
1109
1072
1112
-1
1104
-1
1111
568
1704
312
1555
437
438
75
1116
207
120
1765
1115
206
1118
1733
957
637
1117
979
1120
750
470
1268
1119
946
1122
860
861
326
1121
863
1207
175
1461
1206
279
847
378
881
1126
115
1125
1455
1128
57
282
1654
1127
772
1130
620
1213
1314
1129
1317
1132
738
513
761
1131
737
1134
658
1138
201
1133
1396
1136
658
1023
1692
1135
315
1285
1287
90
1284
90
1133
1140
373
99
434
117
1139
1142
339
0
1481
1141
173
440
1144
668
1143
1644
1751
376
1146
116
1145
1148
982
1148
376
375
1146
1147
927
1150
475
5
476
1149
1073
1522
1152
269
1151
305
1221
1154
167
611
674
1153
168
1156
761
192
536
1155
429
1158
672
547
868
1157
671
1160
685
-1
846
1159
323
1162
1521
990
240
1161
106
-1
-1
50
100
1165
1193
1164
830
831
1376
1167
953
1166
1031
49
1169
1103
1104
61
1168
55
877
896
1171
533
1170
47
-1
1173
439
1172
-1
1376
1175
795
796
49
1174
798
1177
402
963
403
1176
1057
1179
1181
283
256
1178
1058
1181
43
745
1178
1180
1278
1183
766
765
-1
1182
321
-1
94
242
1186
107
775
641
1185
1470
1188
214
189
520
521
1187
1190
1743
789
787
1189
1330
1766
1563
578
1193
552
218
217
1192
1164
581
1569
1195
-1
1194
1510
1197
406
506
407
1196
776
1199
545
182
82
1198
1083
1201
299
449
48
1200
1202
1203
1260
1201
1718
1202
630
1205
1036
1037
1231
1204
151
1207
1124
1215
1736
1206
1123
1572
122
1096
-1
1572
918
1305
319
303
618
319
650
1213
154
1352
623
1212
1129
1215
1580
175
707
1214
1206
1217
1402
156
27
543
1216
1219
681
1409
542
1218
680
1468
27
1108
1152
1468
1076
1223
257
1719
420
1222
1377
1225
1279
390
987
1224
795
1630
126
936
1629
485
519
1229
1508
1568
585
1228
160
1231
630
449
631
1230
1205
302
1233
616
1232
1361
1636
1235
566
565
591
1234
1075
1238
-1
1007
1238
-1
-1
1239
1237
1236
251
252
1238
1241
243
935
350
1240
853
1243
554
455
-1
1242
850
1245
411
215
1732
1244
1274
1247
459
840
168
1246
119
1249
612
1102
18
1248
306
1251
67
631
39
1250
151
991
1253
34
1252
1379
1690
1255
813
209
288
1254
1490
1257
514
441
780
1256
1484
1259
395
1517
560
1258
915
1261
300
1202
651
1260
1717
1263
870
871
44
1262
571
1265
535
922
374
1264
375
1267
374
376
474
1266
473
1269
447
1120
1748
1268
20
511
520
124
641
511
107
1273
271
55
1375
1272
4
1275
891
1245
692
1274
890
408
1277
911
1276
1537
1044
1279
987
1181
1224
1278
988
1281
885
337
732
1280
1434
1283
732
1358
370
1282
453
1285
1138
573
143
1137
1284
1287
143
497
1137
1286
337
1289
15
1596
714
1288
273
1291
576
575
1057
1290
45
1293
678
1312
679
1292
1486
751
-1
970
1296
474
1664
453
1295
91
552
1298
399
1297
1683
662
1325
-1
1334
1333
-1
850
535
1302
367
1301
1535
338
1304
338
3
845
1303
1436
1321
1210
302
1321
-1
347
1308
1008
1009
-1
1307
1007
1310
-1
1429
-1
1309
684
1312
-1
1609
-1
1311
1292
1314
1721
620
-1
1313
1130
1316
-1
649
-1
1315
347
1318
-1
1130
-1
1317
1351
1320
-1
617
-1
1319
164
1322
1306
1305
-1
1321
616
1324
1657
626
-1
1323
1028
1326
1299
211
-1
1325
1542
1328
-1
441
-1
1327
854
1340
1010
1415
1414
1190
324
1332
468
467
-1
1331
766
1334
1300
212
-1
1333
1299
834
898
897
1029
834
1620
1338
629
220
-1
1337
898
1674
251
1553
1649
1329
-1
1512
1342
-1
1341
554
-1
1344
918
917
-1
1343
1048
488
1346
278
1345
1609
-1
1348
203
842
775
1347
509
1350
740
325
1685
1349
739
1352
649
1318
650
1351
1212
1354
329
904
671
1353
1355
1356
330
1354
867
1355
903
1358
3
1535
884
1357
1282
-1
-1
145
1361
302
698
1233
1360
1637
1647
404
594
352
741
363
1365
822
233
117
1364
821
1367
837
210
490
1366
596
1369
877
1479
896
1368
876
354
1371
226
1370
1698
546
1373
546
1383
548
1372
82
1375
306
271
628
1374
1273
1377
1166
1173
1030
1376
1223
1379
991
594
1253
1378
1548
1768
708
958
899
1768
1562
1383
547
9
1761
1382
1372
1385
350
1040
243
1384
235
1387
874
1623
754
1386
124
1389
1410
1055
78
1388
156
1391
727
1096
793
1390
122
135
1515
171
636
135
604
977
1395
978
1394
1781
715
1397
657
1134
735
1396
369
1399
111
657
832
1398
200
1710
172
46
1465
1631
432
1403
265
1216
747
1402
680
1405
694
71
241
1404
1520
1407
344
343
435
1406
1505
1409
166
747
301
1408
1218
1411
1054
1388
348
1410
605
1413
435
1638
77
1412
699
1415
1330
-1
787
1414
1329
826
1417
378
1416
1773
881
1419
586
995
179
1418
32
1421
1688
173
231
1420
746
1423
466
14
123
1422
929
1425
165
298
744
1424
655
1427
113
175
655
1426
645
1429
258
764
770
1428
1309
1431
669
1584
1447
1430
101
1433
670
309
1687
1432
1585
1435
884
1281
755
1434
365
1437
756
1304
366
1436
755
1495
366
365
1494
498
1447
59
29
1441
206
1440
701
1443
371
1483
430
1442
1781
1445
37
1068
429
1444
624
1447
443
667
1439
1446
1431
1705
437
1087
393
1705
1579
1451
682
-1
33
1450
-1
1453
393
1454
1706
1452
392
-1
-1
1452
1456
100
1126
830
1455
1639
1458
827
418
7
1457
1772
1460
901
902
425
1459
1612
1462
589
1123
588
1461
39
1464
381
595
741
1463
722
1709
1401
11
399
1709
218
1090
-1
405
1469
1220
1221
543
1468
542
1471
360
1186
640
1470
509
639
642
1473
510
1472
1679
1475
639
360
642
1474
13
1610
518
357
532
1610
181
1479
128
284
181
1478
1368
1481
1064
1065
340
1480
1142
1483
317
715
130
1482
1442
1485
440
1257
677
1484
679
1487
677
1293
1500
68
1486
1489
364
363
570
1488
84
1491
287
1255
187
1490
64
1493
513
461
131
1492
502
1495
1439
580
660
1494
1438
1497
193
186
737
1496
1498
1499
192
1497
762
1498
757
1738
1487
1608
1737
308
309
1503
59
238
976
1502
1729
1505
653
654
743
1504
1407
1507
993
284
994
1506
401
1509
703
1228
753
1508
195
1511
311
1195
1513
1510
386
1513
1341
311
245
1512
1511
1515
1677
170
1392
1514
1014
1517
394
812
163
1516
1258
1519
163
559
644
1518
642
-1
602
1405
1161
-1
-1
1523
1151
400
285
1522
937
1525
97
1527
147
1524
893
1527
185
892
1694
1526
1524
422
1529
242
1528
1694
615
1531
409
1537
315
1530
724
1533
64
209
596
597
1532
1535
482
731
1302
1534
1357
1537
408
238
1277
1536
1530
1539
771
250
948
1538
772
1541
58
1009
463
1540
321
1543
527
1326
526
1542
56
41
900
1545
1769
1544
414
491
120
204
491
723
12
1549
382
1379
383
1548
593
886
1628
383
1552
130
396
759
1551
762
1339
1554
177
1553
1634
1011
1556
444
1113
296
1555
783
1558
1563
8
578
1557
628
1560
1748
233
1746
1559
822
1562
932
933
415
1561
1381
1191
1564
1557
1563
577
955
-1
-1
626
1567
1645
237
65
1566
108
1569
310
1228
1194
1568
125
1571
508
89
506
1570
203
1573
1208
1209
790
1572
-1
1575
1577
145
355
1574
525
1577
355
839
1574
1576
194
1579
525
524
1660
1578
1449
1581
645
1214
647
1580
706
844
1583
845
1582
1700
274
1585
810
1430
809
1584
1433
534
79
1587
926
1586
191
-1
1072
1074
353
1697
1597
1597
517
329
1592
540
1078
612
1591
60
1594
356
9
74
1593
839
1596
999
1000
691
1595
1288
1598
1590
1589
934
1597
227
-1
823
1085
1601
804
245
803
1600
386
1603
924
925
923
1602
1651
1605
413
412
153
1604
1027
1607
719
937
720
1606
357
1609
488
1500
1346
1608
1311
1611
1476
1477
63
1610
484
1613
150
1460
503
1612
1614
1615
41
1613
900
1614
531
1617
197
575
704
1616
109
1619
819
838
228
1618
9
1621
1336
835
1785
1620
104
1623
407
359
108
1622
1386
1625
557
907
614
1624
142
1627
905
24
906
1626
858
-1
-1
1550
1630
1227
129
518
1629
1226
1401
777
1632
99
1631
433
1634
251
1007
1554
1633
1009
1636
648
617
436
1635
1233
1638
436
1361
654
1637
1412
1640
1754
1456
377
1639
881
1642
157
379
721
1641
595
442
440
66
442
667
1144
1646
290
1566
195
1645
65
1648
1362
352
592
1647
149
1650
1340
-1
499
1649
1674
1652
534
1603
79
1651
127
1654
489
57
597
1653
1128
1656
688
689
444
1655
313
1658
1029
1323
448
1657
-1
1660
182
140
1087
1659
1579
-1
-1
950
1663
377
1773
635
1662
785
1665
6
1295
733
1664
473
1667
42
1777
696
1666
664
1669
931
494
264
1668
1670
1671
600
1669
601
1670
493
1673
1019
280
600
1672
1018
1675
1339
1650
252
1674
-1
1677
135
419
1514
1676
133
1679
88
162
559
1678
1473
1681
717
47
718
1680
1068
1683
552
340
1298
1682
173
1685
336
507
202
1684
1350
1687
442
342
669
1686
1433
1689
137
1420
666
1688
231
-1
-1
1253
1692
1726
1022
574
1691
1136
1694
83
385
1529
1693
1527
1696
150
384
985
1695
83
1589
1698
354
1697
1761
1371
1700
844
452
1583
1699
450
1702
686
1095
1067
1701
728
1704
438
1708
313
1703
1113
1706
1448
1449
438
1705
1453
1708
50
312
392
1707
1703
1710
1465
1466
431
1709
1400
1712
431
1714
778
1711
967
1714
25
966
46
1713
1711
1716
962
496
283
1715
1059
1718
652
1261
165
1717
1203
1720
81
1222
249
1719
950
1722
621
1313
632
1721
-1
1724
840
627
841
1723
461
1726
492
204
1691
1725
112
1728
976
912
320
1727
975
1730
912
1503
21
1729
408
1732
8
955
98
1731
1245
1734
139
1117
24
1733
637
1736
1738
279
308
1735
1207
1738
1501
68
1735
1737
1500
1740
869
132
868
1739
672
411
-1
216
1743
787
788
1189
1742
466
1745
361
965
13
1744
969
1747
1560
964
1749
1746
965
1749
1269
1559
361
1748
1747
1751
260
341
443
1750
1144
1753
864
380
865
1752
132
1755
417
1639
1093
1754
26
1757
903
904
531
1756
530
1759
281
802
210
1758
599
1761
353
547
1698
1760
1383
1763
515
816
258
1762
763
1765
764
763
205
1764
1116
1767
1191
-1
577
1766
-1
1769
1380
1381
959
1768
1545
1771
465
928
551
1770
14
1773
826
1458
1417
1772
1662
1775
712
-1
255
1774
-1
1777
294
141
598
1776
1666
1779
872
246
873
1778
387
1781
977
716
1395
1780
1443
1783
758
757
708
1782
186
1785
538
1029
972
1784
1621
