46
1267
351
1420
1059
1489
1732
804
58
814
10
15
334
467
335
14
242
897
192
1383
803
497
323
322
323
1671
1746
247
1409
1146
148
17
3
422
610
768
21
14
1096
105
1064
113
12
678
5
1277
-1
3
1322
1064
105
10
1515
322
24
1507
677
532
1722
1677
1745
349
1303
721
12
30
1528
1798
454
601
1758
600
1506
18
457
512
948
883
741
1066
113
1648
647
585
1453
984
363
246
1573
35
47
1732
21
859
352
1180
1056
1429
49
496
262
849
568
1562
53
1387
872
29
1086
52
520
193
238
488
1467
368
1711
164
1363
1110
1684
168
1679
1305
1453
731
687
309
183
1418
282
432
1209
154
583
280
436
813
1760
0
222
1095
30
1096
875
1387
769
220
32
938
845
1085
592
736
354
849
36
1379
373
271
129
34
359
1265
1228
421
844
918
1600
1101
1601
1610
383
384
1131
721
2
1245
344
343
1167
61
1253
269
1413
60
136
1646
690
64
210
1132
804
63
1131
1109
724
906
1024
930
476
535
77
209
493
112
868
1591
712
865
1504
1390
99
134
1238
622
1463
619
1462
1658
1804
1263
390
1720
1461
1486
389
1337
624
1741
110
67
1744
794
196
921
578
930
1025
931
835
783
406
1125
949
682
801
922
130
1418
1703
1778
962
882
1123
669
1240
986
1257
843
311
1524
715
1021
465
747
125
500
235
1740
296
1443
1509
1105
1245
1103
397
1648
892
1653
608
970
1149
572
1536
546
410
1207
269
411
1248
275
176
436
135
1359
-1
621
1725
70
622
945
942
102
680
189
1725
821
101
1017
420
483
614
1724
1189
16
13
1636
1687
1097
708
1079
1684
1682
1608
433
1034
1794
599
1324
1339
76
536
258
1194
1365
68
1724
1192
26
645
13
587
588
499
1590
656
924
1557
1498
556
1738
471
1024
358
889
633
633
634
343
1237
841
840
1014
631
1490
539
1466
641
960
438
253
223
1287
661
1141
1140
88
1346
339
1345
503
1163
806
294
1787
1317
53
1621
916
160
82
452
858
863
923
1269
1799
1270
1198
1561
1315
291
71
943
1611
98
1447
1012
734
62
1111
565
975
930
237
491
493
1399
1019
1183
471
628
1187
1109
268
1596
1629
1736
233
880
1654
1628
1596
545
694
696
1053
499
1580
1689
1427
760
1422
1514
10
1060
-1
866
-1
976
563
908
1228
551
792
360
1505
1451
324
1171
1003
44
1210
296
1230
776
1185
1719
571
1536
1292
276
-1
483
911
558
608
355
1474
1605
130
874
1406
1223
1404
1527
703
341
1513
1226
792
1188
39
1187
952
278
283
1354
200
1522
1520
867
1519
40
1078
273
1634
903
617
1242
307
1239
755
194
1089
1457
364
1454
822
-1
-1
1654
1157
1717
1021
524
1020
97
1196
812
427
1523
345
719
329
763
1768
361
1150
336
925
-1
182
1533
426
842
181
215
548
42
1479
646
1708
1678
695
1676
267
287
1264
757
377
589
1297
430
668
501
605
1505
101
1018
704
416
1644
1102
853
211
6
593
429
37
605
171
1307
1659
281
1656
1376
227
78
236
1239
669
236
686
658
370
490
1693
428
166
789
332
1351
623
1751
402
1640
595
1117
403
402
1395
1541
1087
1324
209
795
671
1548
335
798
1605
878
817
348
603
337
67
205
63
1382
1617
1382
192
550
593
594
941
240
709
702
319
1198
648
1129
182
791
1417
1002
438
1502
1712
1503
-1
-1
1178
1777
-1
-1
1539
49
1099
426
1535
460
1072
851
46
-1
-1
124
531
1401
523
1475
1477
757
882
963
474
920
196
989
540
807
1329
1545
293
1170
1597
1760
1158
1513
1082
852
261
1021
480
1207
143
729
1739
510
1469
89
913
915
197
196
285
138
931
474
37
803
1651
488
1266
832
717
213
1322
508
507
1099
-1
-1
5
1137
681
947
946
315
622
871
872
876
1572
29
1291
312
9
1260
1063
1323
1624
1750
-1
981
541
992
1119
491
475
476
438
449
1031
123
257
961
278
1039
386
1638
283
1113
961
1005
1112
253
1007
1371
331
111
664
1432
676
675
640
580
301
1156
232
985
33
1540
735
-1
496
850
970
878
873
378
1560
877
954
1676
1069
-1
185
-1
1595
1735
141
1414
61
96
1561
568
770
423
53
1130
-1
-1
1448
-1
-1
168
1195
1108
1041
1195
97
1042
157
562
830
1675
695
1643
165
254
903
1683
1079
1634
1214
45
1663
1802
1214
195
43
357
1246
255
1639
165
1152
469
1143
579
1242
236
1804
1660
616
1263
186
1089
1318
754
1091
992
1118
1694
1121
582
1119
1237
134
869
1172
1137
946
229
1546
1468
1786
128
900
733
1647
1639
889
90
154
382
861
1181
1697
336
-1
-1
898
-1
1757
601
-1
392
525
260
1028
575
1220
-1
-1
750
452
1772
864
481
1221
453
1144
579
1217
170
854
1306
1473
484
1790
443
685
42
316
1276
1259
86
511
920
314
247
1083
637
1146
394
1624
1409
312
244
1716
944
1256
310
512
1259
1146
1145
1133
449
1125
932
214
1235
948
949
1126
1583
1133
725
7
1009
17
7
8
980
808
153
398
1168
1575
1166
327
1175
1247
711
326
411
691
492
1184
178
1311
692
1364
369
-1
333
258
614
1312
1062
200
1193
331
1190
1762
4
1020
379
4
206
298
1010
180
1541
209
1325
1633
624
1033
126
1347
1348
606
1068
1271
162
1272
1229
-1
-1
662
119
1244
59
59
357
358
346
177
627
993
345
1695
348
1186
795
439
347
208
20
1379
350
349
1086
1085
0
352
860
351
1286
31
1721
533
934
1428
935
51
1223
1407
159
1404
1403
687
282
1419
344
997
118
344
1226
831
54
1504
152
1512
179
362
-1
361
1769
-1
480
1627
28
172
639
984
1354
595
1497
400
1046
602
1006
368
642
38
437
367
330
675
446
-1
-1
198
-1
1489
-1
654
1425
1422
1670
1262
52
693
1678
928
1708
1297
928
377
1296
1476
1401
187
376
1548
265
1282
1282
1154
335
1565
916
1771
1388
1386
875
-1
-1
297
57
1361
1013
57
564
1357
477
825
1038
617
254
478
734
1581
751
1012
1439
1363
75
1332
-1
571
74
619
1629
828
909
1592
1588
301
-1
1592
-1
1408
638
313
1145
637
1516
413
1576
1649
413
92
1574
324
838
631
1551
648
1314
1796
366
995
402
1444
1623
203
401
202
203
1511
1443
1102
1645
1410
635
1604
1601
782
1664
80
643
1667
1273
907
1247
545
1278
1414
1174
1175
468
95
96
1167
327
1167
537
1251
1733
396
397
415
964
518
553
414
516
469
1153
190
704
1019
1142
1318
781
-1
482
1600
1604
1430
482
103
1691
1436
55
1673
11
1301
1620
271
1613
800
1771
1621
1390
516
870
1534
221
181
1522
177
888
1695
973
199
802
193
1495
945
188
820
1106
1116
433
1106
816
43
108
650
431
1608
1463
1609
950
1657
1805
45
1215
97
368
1468
539
123
252
216
1185
348
819
776
1231
1462
908
442
1179
441
1736
909
-1
309
-1
464
833
834
1149
529
1768
673
674
369
720
1754
895
1730
1111
962
252
1136
318
459
451
800
923
1773
450
130
304
607
576
455
305
22
858
859
453
957
1672
-1
1570
-1
1420
1294
24
1294
-1
-1
857
450
856
1384
791
221
1434
1165
1698
1165
1484
1720
620
958
571
959
444
1445
754
88
1091
1603
635
1141
4
1763
1290
711
1250
410
284
416
1644
1152
1144
659
140
660
117
1183
570
659
511
886
881
511
226
237
251
975
490
251
973
66
1447
385
1360
825
771
386
484
1204
547
732
363
232
-1
577
305
420
419
1459
1459
158
103
308
684
479
1790
966
1789
1053
487
935
486
1569
850
489
239
37
494
488
666
972
199
475
974
251
138
328
1189
1309
1723
68
139
1526
1266
489
1731
1022
666
-1
33
263
1670
7
498
760
497
1515
1470
146
114
912
89
738
1177
502
188
1494
679
501
690
127
504
723
1012
503
744
506
857
505
1072
860
241
1637
1045
1636
241
717
1580
-1
-1
234
1470
530
311
473
474
1145
25
316
1211
-1
-1
1196
-1
-1
1531
516
1534
425
415
515
518
1564
1535
743
517
414
1180
861
1528
521
549
36
1616
520
1262
1660
737
1739
615
224
1475
1157
1655
175
1320
1718
301
1123
527
1135
526
1124
1126
572
1164
1719
445
1537
1445
531
510
590
1469
530
224
533
19
693
353
532
694
1074
1633
556
1743
67
1542
1330
-1
110
412
1254
1734
809
810
811
1465
122
437
1546
228
1465
1508
1118
250
1121
1120
1005
1483
1485
1487
1482
630
1148
144
408
1051
1050
95
730
1284
716
479
1367
183
1615
520
1617
550
591
549
211
151
1229
1068
1067
-1
-1
1500
415
1391
852
1500
1000
1499
1558
789
116
534
1033
1127
727
561
158
559
727
558
1027
1347
910
753
-1
562
1293
557
276
561
1346
150
564
1187
384
1188
563
137
566
972
565
1112
1120
568
917
875
270
34
567
570
1308
1153
472
1184
569
156
390
463
1011
528
94
-1
-1
915
1029
1225
575
302
574
1219
1784
1270
453
481
-1
1220
1216
579
78
306
285
578
260
581
-1
580
894
-1
290
583
1508
582
1122
44
1015
1649
632
27
1315
770
-1
1669
-1
1069
114
937
114
1449
590
1070
1200
187
1400
530
588
592
1086
550
50
591
941
1374
212
192
212
1375
1688
365
1355
202
887
1694
1288
598
1593
1050
1321
1049
597
109
1795
1148
1095
23
1023
300
23
898
366
603
794
602
1779
208
1451
831
1227
1452
189
193
-1
-1
340
1785
874
452
749
159
93
1477
610
611
11
1674
609
612
1471
609
670
611
919
1520
797
-1
1191
104
331
616
523
1264
1469
615
286
169
386
1077
1635
1549
1035
72
620
390
1080
463
619
943
99
870
244
100
71
201
1493
-1
338
76
1338
626
1615
686
1201
625
822
765
345
762
1737
764
140
778
630
1336
544
1486
629
121
632
398
631
584
1169
1210
119
118
119
1329
1756
466
405
636
635
1602
705
395
313
947
394
979
1716
364
1458
893
1440
894
260
1004
642
122
641
1371
367
840
407
644
643
1274
1173
646
1393
113
767
184
645
27
1015
1314
399
1552
214
1801
818
1704
433
1801
816
652
1076
697
1578
1377
651
-1
1037
-1
677
372
655
654
1423
1421
115
1150
1037
1036
-1
-1
198
1480
1054
660
472
470
471
659
1217
1598
662
124
661
1556
342
664
1340
1191
1233
663
258
1650
805
804
489
1650
495
979
668
944
667
702
188
197
85
989
988
986
612
1547
206
871
1565
1774
968
676
1350
446
446
1752
-1
369
1365
259
1753
673
259
1424
654
18
14
1424
773
502
680
821
679
1495
101
243
1709
1517
1709
725
81
1367
1202
1204
484
1474
1203
309
1481
1480
1479
198
625
356
42
1368
1403
1405
-1
1057
899
1316
1162
503
62
692
328
764
1190
691
329
532
374
1642
1642
145
533
277
185
696
145
695
926
1075
1411
651
950
700
1656
1662
737
1661
698
951
1377
1323
702
978
701
213
668
162
1023
1094
190
417
705
1645
704
636
707
1076
1307
1075
706
854
106
709
718
708
1177
213
891
1572
1252
1251
468
327
69
1765
-1
1778
784
1727
1727
1419
1418
87
716
732
715
1525
547
508
718
240
717
1100
708
1748
178
761
1032
447
1557
58
722
21
721
1427
1425
1438
504
1279
65
1438
1278
682
726
321
725
1710
1274
557
728
558
727
1128
1017
983
730
233
729
1321
546
1627
1285
41
1626
480
715
752
295
1105
953
387
136
1749
1302
262
1302
1380
51
699
738
522
737
1663
500
1291
740
1249
739
1702
879
1300
26
742
1083
741
1063
1563
518
1782
1631
1071
505
746
1272
1093
1271
745
1366
88
748
1603
747
1586
1460
1222
608
1219
1224
1029
303
1647
387
952
1646
733
1104
1585
1319
560
1585
465
288
1306
171
756
755
1090
1240
987
186
225
987
1472
1090
1261
1132
1616
1261
498
147
1062
1313
719
1061
763
627
762
178
764
628
763
691
1737
1696
627
1696
1738
973
1707
646
1066
11
1478
904
770
48
892
270
769
585
478
824
1078
-1
-1
913
-1
-1
678
1308
775
1018
774
1309
1723
155
440
777
1795
776
1482
1147
629
1343
1325
1147
1087
781
1521
-1
867
780
418
1583
406
1030
80
1491
1416
713
1047
1622
1640
787
1497
1499
1496
788
785
1796
788
786
787
994
1496
555
200
1612
1130
1197
460
1612
215
793
163
151
1555
1082
792
795
77
602
205
794
347
797
1518
1192
613
796
1234
1618
207
1560
1389
1619
1547
1770
424
450
1774
82
1606
803
429
1098
238
802
6
665
64
2
665
1651
1383
1316
1279
127
899
1058
228
1206
324
1168
1170
538
1786
538
1206
1166
538
1253
1413
813
176
1232
45
812
912
1059
3
999
1488
-1
-1
432
650
1704
1703
818
208
649
819
817
818
1706
439
821
1726
430
102
820
679
1304
626
173
824
-1
-1
996
823
771
385
826
478
825
1448
996
866
1402
977
391
1594
865
-1
830
-1
829
276
1344
604
832
359
831
1452
239
444
1682
1679
444
1680
-1
1490
80
836
835
1236
1552
838
1503
1491
1502
837
398
1235
1665
1667
1666
643
120
1532
842
120
841
182
933
86
885
886
55
1437
1255
846
50
938
1380
845
1429
848
1750
980
1749
847
1745
850
33
51
263
849
487
222
1686
1159
1158
554
231
854
1143
191
307
853
707
1620
856
1621
855
1631
459
858
459
505
454
131
857
860
31
454
351
859
506
297
862
519
861
1182
957
1798
864
131
863
1269
304
866
828
69
149
827
865
167
781
1092
1518
1399
68
1530
1532
291
425
1530
621
1290
245
671
245
1701
35
874
991
264
607
873
160
381
48
567
1386
1389
245
1788
966
265
264
1788
207
880
1208
740
143
879
1763
882
473
884
84
226
881
884
25
1124
1256
883
881
843
1258
1255
843
1275
473
993
596
888
887
1289
427
118
890
296
889
998
1444
1571
710
1733
1573
92
769
894
1441
639
640
893
581
1310
896
447
895
1748
1313
898
1096
5
601
897
299
689
807
900
294
899
1545
1332
1487
1434
903
1635
1113
169
902
278
1296
905
768
904
1554
1065
907
1595
65
1174
408
906
1735
441
150
977
442
391
1767
560
1349
158
1460
1026
913
500
813
235
912
772
1470
1740
1579
573
1579
235
380
917
129
916
1566
567
919
55
1258
1674
918
612
921
227
311
78
920
931
82
1775
1773
1772
451
131
925
1699
115
180
924
1334
1052
696
1607
1569
-1
-1
1299
374
375
1298
1199
1675
66
79
138
237
79
921
1129
319
933
842
932
1666
935
1055
353
354
934
486
1181
-1
-1
1689
1369
587
939
49
845
1100
938
940
941
1687
939
212
940
592
943
100
1726
134
942
621
945
315
667
100
944
430
1715
244
292
637
1715
243
1516
320
25
320
1517
81
1658
698
435
700
1659
1076
1327
165
751
1326
734
1362
-1
-1
266
-1
-1
1028
957
1270
1529
455
956
862
463
1550
1681
1681
464
1537
1729
1136
123
253
256
1729
963
84
448
226
962
974
414
1501
1783
1782
1685
1071
485
967
877
966
1791
1283
969
1619
672
1618
968
1606
971
264
93
1789
970
1473
992
490
565
428
766
476
975
491
963
475
974
137
1776
1357
150
1178
909
827
979
1625
701
638
978
667
1008
323
847
-1
1008
249
1718
1156
1440
1717
1320
729
28
364
985
261
984
1441
670
85
1472
1471
758
757
989
670
1257
669
988
227
1218
991
1784
990
1653
873
250
289
972
1693
887
346
995
1073
788
1744
994
400
1442
824
826
1419
998
358
997
1728
890
-1
-1
814
1001
1567
554
1512
1000
1391
1792
1007
216
1711
1502
153
1370
641
1122
256
1370
542
1007
1793
367
1002
1006
257
1009
980
981
322
1008
1277
336
1698
1700
1699
572
1590
504
388
136
1362
1188
383
1015
121
1551
647
584
1014
1043
1802
1431
1108
103
728
1019
190
774
417
1018
139
1154
175
334
232
175
87
1023
1526
495
703
1022
600
1025
66
117
79
1024
1216
1766
1027
911
1026
1767
559
1029
302
955
750
574
1028
1416
1134
782
1134
1417
252
1280
720
1033
338
1032
556
1035
108
1114
1464
1034
618
1037
657
1335
653
1036
656
1039
1582
385
1327
1038
254
1668
1196
1195
1128
1668
274
1107
275
1803
1430
1107
1016
1722
1045
1392
1044
1539
507
366
1797
1047
784
1779
1046
1049
1588
1591
598
1048
1594
1051
546
597
1175
1050
545
1053
926
1570
145
1052
486
-1
-1
658
1428
1056
934
1055
32
1538
1243
1058
689
1057
1756
807
1
1060
814
1059
1421
148
1062
762
1523
332
761
1061
1064
248
742
16
1063
13
1066
1301
905
26
1065
767
1068
552
1555
340
1067
551
1450
587
266
1449
589
1400
744
1781
965
1685
222
506
1074
1498
994
1394
534
1073
1102
697
707
651
951
706
1078
1683
617
168
1077
771
279
107
1550
1549
620
1464
1082
1556
1597
793
1081
231
1084
742
312
1436
1692
1083
50
1381
350
350
36
591
1088
204
779
1331
1087
1342
1090
171
287
756
1089
758
465
1092
288
1091
1140
867
1094
1759
745
1758
1093
703
1731
47
600
897
47
12
106
1688
1176
1543
1374
802
1100
241
220
718
1099
939
56
1578
1411
191
404
1075
1104
91
1244
752
1103
1162
1397
91
733
1396
431
432
1108
1042
1043
274
1107
1017
141
1110
65
1109
39
1439
1112
137
448
566
1111
256
1114
255
902
1116
1113
1034
1116
1397
1638
431
1115
1114
1510
203
1288
541
1510
289
1120
290
250
542
1119
566
1122
290
542
583
1121
1004
1124
526
84
527
1123
883
1126
81
318
320
1125
527
1128
557
1212
728
1127
1041
1197
932
215
790
271
1562
1426
58
64
759
1426
63
1134
318
321
1030
1031
1133
1136
1730
526
960
1135
449
292
1138
243
1137
1173
1710
1398
1519
1140
125
1139
1092
1142
125
466
1398
1141
417
1241
284
853
1241
306
470
317
395
512
317
9
313
1148
778
779
544
1147
599
1589
94
445
656
1589
179
-1
-1
1446
1153
284
470
416
1152
569
379
1155
1020
1154
1283
1524
1157
261
982
174
524
1156
1159
852
230
1501
1158
851
1161
1317
1415
1279
1160
1278
1163
690
1104
127
1162
1243
528
1700
1165
461
462
1164
1254
810
325
411
60
412
1169
325
808
1576
1168
632
1205
809
229
153
1205
1467
1173
292
1238
1138
1172
644
1248
907
409
326
410
1051
1177
1097
1544
709
1176
501
1179
977
218
441
1178
1776
1268
519
31
1268
936
297
-1
-1
862
1184
472
140
570
1183
328
1186
439
155
347
1185
1794
164
141
563
1013
164
564
1190
104
492
333
1189
692
1192
614
663
112
1191
796
1194
333
1311
111
1193
1432
1040
275
274
1040
514
176
1198
1129
790
214
1197
133
1200
1450
929
589
1199
1299
1614
626
1305
683
1614
1285
1204
684
1407
479
1203
683
1206
1170
1171
810
1205
808
1208
233
95
879
1207
1250
1328
44
1466
1328
633
154
1212
513
1669
1293
1211
1127
-1
1295
-1
281
1215
280
1214
1803
436
1217
578
1025
306
1216
660
1652
990
1221
749
1652
575
1221
577
302
305
1220
1218
1223
749
1225
161
355
1222
1225
750
1405
574
1224
1222
163
1227
359
1226
1568
604
1229
151
54
551
1228
341
1706
1231
155
1230
1609
440
-1
-1
812
1341
664
1352
1340
-1
797
1236
839
319
1664
1235
836
1238
291
120
71
1237
1172
1240
197
170
85
1239
756
1242
1144
1143
285
1241
170
1755
1057
1163
343
1755
1103
1246
59
91
282
1245
1396
1248
326
408
96
1247
1174
1250
1252
739
468
1249
1208
1252
711
412
1249
1251
710
1254
60
811
537
1253
1166
1276
885
844
1275
316
884
1258
86
988
885
1257
918
1260
317
310
247
1259
1437
1262
760
759
373
1261
521
1264
287
73
186
1263
615
1266
1527
54
494
1265
239
0
1761
1287
1372
1181
1180
864
132
1785
576
132
956
1272
746
340
745
1271
341
1274
407
1584
644
1273
726
1276
1256
886
310
1275
1255
-1
15
1009
1161
409
724
806
1161
723
1281
1032
1351
1350
1754
1280
1283
379
378
1155
1282
967
1285
1626
547
731
1284
1202
1287
1372
352
124
1286
1267
1289
596
1117
888
1288
1355
1702
871
467
1701
739
246
1293
157
-1
561
1292
1212
1295
458
457
1213
1294
1488
1553
904
376
375
1553
187
1299
929
1643
1200
1298
928
1301
741
1692
1065
1300
422
1303
736
735
1381
1302
20
1305
822
1456
1201
1304
41
1307
755
307
194
1306
706
1309
774
569
775
1308
492
1747
895
1433
329
1747
1193
1313
332
1558
761
1312
896
1315
647
399
585
1314
133
1317
806
689
1160
1316
128
1319
288
418
753
1318
-1
983
525
1587
1587
598
730
1323
16
240
248
1322
701
1325
205
109
337
1324
779
1582
953
1361
1581
1039
952
1329
1210
1209
634
1328
228
1331
536
1395
-1
1330
1088
389
901
1333
-1
1332
1697
1335
-1
925
-1
1334
1036
1337
-1
629
-1
1336
75
1492
1351
624
-1
1492
110
1341
1234
663
-1
1340
1233
1343
-1
1088
-1
1342
778
1345
-1
830
-1
1344
126
1347
126
562
339
1346
559
1349
-1
339
-1
1348
910
673
1281
1751
1338
201
1280
1353
-1
1233
-1
1352
1364
1355
365
166
595
1354
1289
1357
1777
1358
976
1356
384
1359
1610
1356
98
1358
-1
1361
1611
477
383
1360
1326
1363
1013
953
39
1362
388
1365
330
1353
675
1364
111
-1
-1
746
1368
548
683
687
1367
1406
937
-1
-1
1371
1004
1005
642
1370
257
1373
1268
1286
-1
1372
-1
1098
1375
593
1374
1544
594
1377
1431
195
652
1376
700
1379
1746
1671
349
1378
52
1381
846
736
1085
1380
1303
1383
211
210
6
1382
805
1385
460
1564
1613
1384
1630
381
876
1387
48
1386
35
1389
381
1566
876
1388
799
1391
425
70
553
1390
1001
1393
1677
1044
645
1392
1637
1632
1074
1743
1741
204
1330
1397
1106
1246
1115
1396
1105
1399
1139
1142
868
1398
139
1401
590
1070
224
1400
377
827
-1
-1
356
688
-1
1405
356
161
688
1404
1224
1407
161
1368
355
1406
1203
1409
1625
394
314
1408
9
1411
404
1602
697
1410
1101
1413
1415
1787
61
1412
811
1415
269
409
1412
1414
1160
1713
1030
783
1713
216
1031
714
43
83
714
997
357
1421
1
457
1060
1420
655
1423
372
147
655
1422
1514
1425
677
678
372
1424
722
1427
1131
1132
722
1426
147
1429
1055
354
32
1428
846
1599
420
1043
1376
1577
1016
1433
259
1194
1753
1432
1310
1485
461
901
1484
1483
1461
421
1084
1437
844
1436
1260
1439
723
724
388
1438
1110
1441
640
982
893
1440
985
-1
-1
996
1444
403
90
401
1443
890
1446
529
464
1769
1445
1151
1448
477
135
826
1447
272
1450
1070
588
1199
1449
1069
1452
604
152
832
1451
605
1454
28
41
172
1453
1455
1456
-1
1454
-1
1455
1304
1458
172
-1
639
1457
-1
1460
483
482
911
1459
748
1462
74
1435
72
1461
440
1464
72
434
1080
1463
1035
1466
539
540
122
1465
1209
1468
38
1171
437
1467
293
234
531
616
510
914
499
1472
987
611
758
1471
986
1474
308
971
684
1473
159
1476
225
523
1478
1475
376
1478
609
225
768
1477
1476
1480
686
183
658
1479
685
685
-1
-1
1483
544
777
1435
543
1482
1485
1435
462
543
1484
1434
1487
75
630
901
1486
543
1489
815
1295
371
1488
1
1491
835
121
783
1490
837
1493
1338
1339
623
1492
-1
1495
502
1543
680
1494
429
786
789
1497
785
1496
365
116
1499
1073
1498
555
786
1501
553
554
964
1500
1159
1003
217
838
837
217
1714
1505
360
70
152
1504
189
1507
24
-1
18
1506
-1
1509
541
582
1511
1508
90
1511
1117
1118
403
1510
1509
1568
1001
360
1567
163
231
1515
148
1423
17
1514
498
1517
948
395
949
1516
681
1519
868
796
1139
1518
167
1521
167
613
780
1520
-1
1523
427
166
177
1522
1061
1525
87
1155
716
1524
1791
1527
494
1022
1265
1526
162
1529
22
519
1799
1528
956
1531
869
870
1533
1530
515
1533
841
869
181
1532
1531
1535
426
515
221
1534
517
1537
94
156
529
1536
959
1539
1721
1056
1045
1538
220
262
-1
-1
204
1542
337
1541
1742
535
1544
1098
1494
1375
1543
1176
1546
229
900
293
1545
540
1559
671
799
1559
378
206
1550
1080
618
958
1549
1079
1552
399
1014
648
1551
836
1554
1296
1297
905
1553
1707
1556
793
1067
1081
1555
662
1558
116
720
555
1557
1312
1560
1548
1547
265
1559
798
1562
270
133
34
1561
1130
1564
743
1781
517
1563
1384
1566
380
672
917
1565
1388
1568
1513
1000
1227
1567
1512
1570
927
487
456
1569
1052
1572
891
1574
710
1571
246
1574
892
29
397
1573
1571
1576
1734
325
396
1575
1169
1578
1599
1431
1101
1577
652
1580
914
915
146
1579
509
1582
1327
387
1038
1581
1326
1584
782
321
1665
1583
1273
1586
754
753
748
1585
1766
1588
1321
1320
1048
1587
392
1590
1149
1150
1011
1589
115
1764
69
1048
393
1764
392
1594
1628
597
828
1593
1049
1596
268
906
144
142
1595
1598
230
1081
1761
1597
661
1600
1430
1577
419
1599
56
1602
405
56
636
1601
1410
1604
466
747
405
1603
419
1606
160
207
801
1605
969
-1
-1
926
1800
108
434
1231
1705
434
1611
57
1358
1360
1610
135
1613
790
791
423
1612
1385
1615
1201
1202
625
1614
548
1617
521
759
549
1616
210
1619
969
798
968
1618
799
1630
855
423
129
855
424
1623
784
1641
1728
1622
401
1625
314
248
1408
1624
978
1627
732
1284
363
1626
731
1629
144
1593
142
1628
391
1780
1620
1385
1780
744
856
1633
1394
1742
534
1632
338
1635
169
279
902
1634
618
1637
508
105
507
1636
1393
1639
255
1115
283
1638
295
1641
785
202
1797
1640
1622
1643
694
693
277
1642
1298
1645
191
469
404
1644
705
1647
752
62
295
1646
751
1649
27
92
584
1648
396
1651
665
666
805
1650
238
1653
1218
1219
991
1652
93
1655
174
143
524
1654
1762
1657
698
195
435
1656
1662
1659
950
73
951
1658
194
286
1661
522
1660
1805
699
1663
699
1657
738
1662
280
1665
1236
406
839
1664
1584
1667
840
933
407
1666
839
1669
1040
1041
586
1668
1211
1671
497
373
8
1670
1378
-1
-1
455
1674
422
1691
610
1673
919
1676
277
929
185
1675
266
1678
19
1392
374
1677
184
1680
833
40
834
1679
-1
1682
959
958
833
1681
107
1684
279
1077
107
1683
40
965
1686
1072
1685
1783
851
1688
106
940
1097
1687
594
1690
937
146
-1
1689
-1
1692
421
1673
1084
1691
1300
1694
993
199
596
1693
289
1696
428
346
765
766
1695
1698
298
1333
1010
1697
461
1700
1011
924
1164
1699
1010
1702
1291
872
740
1701
1290
1704
817
83
649
1703
816
1706
1800
1609
819
1705
1230
1708
767
1554
184
1707
375
1710
682
681
726
1709
1138
1712
1003
38
217
1711
1793
1714
1417
1416
1792
1713
1503
1716
946
947
315
1715
638
1718
983
174
525
1717
982
1720
156
528
74
1719
462
1722
353
1538
19
1721
1044
1724
493
775
112
1723
104
1726
102
99
820
1725
942
1728
714
713
998
1727
1623
1730
960
961
1135
1729
448
1732
1095
495
30
1731
2
1734
413
891
1575
1733
537
1736
908
268
442
1735
142
1738
765
628
766
1737
117
1740
234
522
914
1739
89
1742
1395
76
1542
1741
1632
1744
535
1394
77
1743
995
1746
20
848
1378
1745
8
1748
1310
1311
896
1747
719
1750
848
735
847
1749
249
1752
1350
201
674
1751
-1
1754
676
1433
1281
1753
447
1756
1243
1244
1058
1755
634
1758
300
-1
23
1757
1094
-1
-1
1093
1761
46
230
1267
1760
1598
1763
334
1655
467
1762
880
1765
1591
1592
712
1764
-1
1767
1026
1586
1027
1766
910
1769
179
445
362
1768
1446
1771
800
1775
424
1770
380
1773
923
304
451
1772
922
1775
801
672
922
1774
1770
1777
976
1179
1356
1776
219
1779
713
83
1047
1778
603
1781
1631
1630
1071
1780
1563
1783
965
743
1686
1782
964
1785
576
990
1269
1784
607
1787
294
809
128
1786
1412
1789
877
878
485
1788
971
1791
485
308
967
1790
1525
1793
1002
1714
1006
1792
1712
1795
109
1186
599
1794
777
1797
400
787
1046
1796
1641
1799
863
22
132
1798
1529
1801
1608
1705
650
1800
649
1803
281
1016
1215
1802
1042
1805
286
73
1661
1804
435
