794
-1
2
954
1584
394
1280
1059
0
492
4
20
3
935
1150
1058
148
12
16
332
333
1290
865
1198
990
531
769
285
1277
418
859
1190
503
148
1740
1468
1072
5
560
148
149
19
664
496
927
477
1583
1433
560
960
6
1292
1290
547
147
332
961
1212
13
1263
255
298
3
47
1706
1311
90
1257
767
423
25
758
1526
1606
640
23
651
1268
190
1544
928
1329
1034
1170
1745
1067
57
580
1200
1698
211
746
49
487
259
-1
871
1659
1483
193
515
691
57
1426
286
1277
1120
56
278
1230
132
697
95
1638
511
67
1725
1581
1110
1597
444
321
145
298
1137
493
1545
535
873
273
900
1534
82
319
81
398
1752
167
776
1181
467
793
21
796
471
1644
121
1285
30
1122
877
785
157
1645
934
1478
453
242
1423
334
1177
918
1688
544
198
1237
1612
1461
35
395
984
28
34
985
479
1614
1611
127
1419
897
582
93
1524
1181
1183
1015
141
279
322
1353
1384
627
517
1558
172
1796
1558
1557
564
343
661
38
76
1255
606
1085
1412
1232
1022
696
313
280
717
1134
317
722
1240
855
1218
248
1741
975
1541
708
126
1484
195
967
342
1253
67
827
566
1595
420
1580
733
1111
177
567
589
1428
588
1269
44
483
311
44
651
1818
235
1782
499
912
88
809
659
427
968
152
914
241
1477
88
87
1428
84
158
360
1807
486
22
644
1618
1026
971
1386
965
1495
478
168
60
1694
669
887
194
1718
37
402
533
1585
912
1744
241
287
941
943
421
-1
1351
845
439
1792
904
1049
1035
1034
207
534
1576
1784
767
1783
996
297
1663
238
1249
1509
1504
1503
571
132
258
1314
526
238
626
1422
536
152
393
1508
1629
1317
1316
711
1821
1316
1360
1359
114
373
113
404
946
657
656
1577
1756
1760
1555
1247
407
1737
846
155
170
1076
988
1405
379
1387
1160
777
48
1031
1440
1628
787
1273
562
550
551
854
538
539
404
1048
1267
74
1624
59
857
1659
257
265
1142
300
1385
340
1160
1642
501
1497
863
107
1172
36
1696
1760
445
378
952
1177
867
1118
1321
623
1447
1355
297
396
643
1282
1746
1823
1478
1075
727
1330
634
198
1130
62
1330
390
335
1176
455
1203
998
275
1402
947
40
844
843
490
494
1699
1698
18
581
5
11
13
13
1469
396
234
614
187
1348
1102
1101
1505
110
86
1421
626
1082
1303
277
1043
268
1731
118
1579
420
1578
50
522
381
282
89
1091
919
1211
1545
1395
675
373
227
1116
1359
325
580
163
1276
616
162
1747
782
442
1407
1380
1820
1393
180
932
1124
180
45
93
1196
1614
1786
1236
924
1302
119
1215
1193
1640
1298
269
64
946
1370
1043
803
869
236
624
647
344
1215
1596
1598
847
295
1596
79
586
587
511
1626
508
1139
166
764
167
1754
1366
802
1442
532
1017
1804
488
489
1639
518
573
1808
1391
1452
187
1593
1818
1364
186
150
-1
-1
263
590
591
720
361
26
1206
221
681
220
275
1797
1401
1046
33
-1
1717
95
939
75
1485
387
1682
1655
301
1496
299
301
140
54
545
544
1689
670
292
1417
769
1443
769
1079
1185
597
1342
689
690
1681
1574
430
1403
320
649
1541
709
227
207
102
206
541
1590
721
1404
1273
317
559
575
368
367
776
30
1284
744
1622
876
713
1020
1107
1022
1233
1142
501
1565
1802
1606
-1
252
614
1261
617
805
1685
1260
1063
496
474
1208
239
191
682
191
505
1168
1224
869
1715
749
1743
512
1303
763
762
323
596
1783
1576
836
206
1115
161
957
1110
439
485
1792
328
851
1589
436
385
809
548
820
1727
1388
1800
254
1348
1782
1492
150
83
236
789
235
1819
174
1665
524
1664
105
524
108
220
-1
-1
750
1744
753
97
749
87
52
934
450
1459
952
1033
1479
1788
1075
410
1555
1334
407
408
1334
974
481
590
731
73
719
566
828
895
1595
1308
1667
782
1748
1288
691
521
216
254
1801
1057
233
253
1651
1150
832
20
1793
1151
935
128
522
785
382
930
107
31
1548
-1
1456
487
815
-1
302
612
922
-1
-1
1610
188
1662
1380
460
1001
502
576
128
1030
1627
871
1482
1778
1483
894
155
893
413
519
172
-1
-1
866
1417
1522
645
1507
671
1522
1052
43
412
859
322
1007
1558
192
144
1202
307
999
154
-1
804
1519
1517
36
62
1131
356
70
435
857
1453
1103
1319
1210
920
158
667
505
-1
1502
1714
861
616
9
1409
418
34
593
1094
98
1671
350
1346
1347
1368
1796
841
1368
945
1734
816
1554
563
768
200
840
1686
1448
1803
868
399
400
1597
177
1112
1109
1582
409
687
137
104
644
41
20
611
1790
197
129
1559
965
196
507
197
261
-1
583
707
705
1452
524
525
1314
1162
597
824
952
1295
918
276
619
335
1122
531
991
679
1285
621
1700
1207
916
1654
830
82
472
1454
628
1585
70
1570
1124
1754
931
440
1679
603
317
1135
839
71
316
209
425
1693
1615
44
829
828
1573
786
205
1191
1192
40
274
653
62
1371
1636
225
1199
1564
-1
615
162
1198
974
1251
975
720
1255
1250
890
1335
229
526
686
736
1097
1803
623
868
1149
1002
18
1699
6
475
1071
6
1041
53
1187
142
307
378
736
1114
677
1247
1556
808
857
898
939
1408
461
523
964
130
1013
964
1015
1161
1414
76
587
66
565
568
175
-1
-1
1763
761
790
1651
1221
1219
1470
638
529
527
1675
528
1726
606
380
1673
288
-1
1369
1809
944
647
605
584
867
463
1766
545
400
1130
901
627
411
1004
1007
279
377
1032
619
1423
452
1787
972
874
873
89
920
766
1543
190
811
535
1546
422
-1
1629
-1
983
546
547
792
1461
959
1664
1101
1300
770
210
622
210
1127
679
592
1361
1068
1358
540
1283
554
1465
1460
1465
694
923
160
114
374
765
1398
373
1018
1639
1774
1445
891
408
1381
357
1245
1032
134
335
120
1245
620
1405
1388
349
392
382
157
381
258
878
1488
703
516
702
1487
1489
386
231
551
1217
856
385
630
195
506
1127
389
489
1054
1804
388
1511
999
142
444
1313
1191
1503
381
783
1506
1510
110
477
1500
1
1262
687
56
137
1263
149
530
636
1080
1751
45
1397
294
1003
1131
354
1494
294
666
1567
1100
1318
1104
96
1116
726
404
403
125
114
437
1770
436
1667
756
482
677
246
117
246
1145
376
1685
296
613
1336
245
890
355
1082
412
273
860
411
656
714
269
1607
948
1312
914
416
1238
415
908
1218
1262
1121
1213
984
286
9
1242
714
1755
156
78
1020
1300
99
1665
812
1329
362
1264
23
904
887
1646
1723
1089
318
1129
431
721
1272
1589
1722
85
1604
1670
1605
436
1590
757
204
759
993
1403
426
787
1449
629
1319
629
1027
1010
1587
1776
1768
1586
1624
280
230
429
405
1769
405
850
848
1705
1307
100
228
806
1634
315
1613
802
603
1633
522
1660
164
1749
799
1703
1435
391
40
1757
843
133
1789
611
1559
1655
1683
553
1779
790
1069
1056
1801
529
885
242
825
1466
633
1438
358
1381
604
1787
1479
52
457
819
821
457
143
950
940
1795
1733
1093
454
455
459
1430
1752
1125
458
1480
264
1408
778
1588
462
339
1132
1482
461
464
1432
353
1494
463
1320
1098
-1
-1
-1
1526
-1
468
747
46
1366
467
1180
1274
534
1357
838
837
1550
488
1016
48
1103
312
532
496
1064
578
665
1592
219
494
495
333
1433
-1
-1
795
394
15
1400
93
739
1634
58
1237
1066
1700
481
247
975
480
406
483
827
482
993
81
1528
1729
734
846
229
893
1256
90
832
1547
31
260
183
471
680
183
1227
388
491
146
1199
-1
490
-1
1281
3
493
1468
492
41
1513
475
146
475
1514
1434
219
473
14
1044
498
1279
921
684
497
752
84
1036
1344
1811
1809
1332
131
215
780
779
265
653
10
1648
653
1188
1331
283
221
-1
743
1718
387
301
655
508
179
1014
507
641
660
568
1365
775
609
1601
178
38
1214
224
979
1201
978
750
1821
1047
712
1047
1380
33
383
517
1194
1557
64
516
184
1193
519
518
1194
269
1474
521
1000
520
640
252
257
442
157
577
779
339
237
304
238
304
1666
1156
108
329
735
808
348
1248
638
1471
348
347
1084
449
1480
397
1077
308
729
8
182
715
472
96
716
1133
469
1275
102
42
362
1170
1621
744
109
1238
1421
968
1554
125
726
125
817
765
1360
676
370
1358
1356
207
1512
949
951
1794
940
1093
54
199
1431
1493
354
198
364
982
792
364
958
17
1105
854
231
1730
894
1528
1270
124
1580
124
1271
385
814
1657
1656
1523
447
741
1603
371
792
1236
1678
1237
898
557
1717
556
926
630
1444
980
563
1444
648
209
1212
16
12
960
1213
1121
648
649
123
558
291
1305
1536
66
732
343
1537
1322
77
249
567
566
732
79
343
1323
509
660
663
1175
1505
969
1384
1383
1353
107
1756
656
1757
714
1243
184
1627
1028
872
1126
210
800
577
1483
265
1482
576
523
601
579
473
578
1045
928
162
29
581
1166
580
147
1530
737
60
740
1683
302
1085
1338
352
1531
989
604
1036
178
880
178
1037
342
1323
80
1476
1037
80
834
1278
189
247
189
1279
1254
676
369
1282
1602
1409
286
755
1373
1715
978
1677
979
597
1163
225
305
596
202
599
798
762
610
598
1163
921
1662
922
1044
578
1661
1516
1658
603
441
602
315
585
452
1244
1216
1412
352
349
607
68
606
1390
1341
1338
-1
1798
625
1819
510
1372
755
599
446
299
965
1789
1560
261
1735
617
409
807
217
150
1563
1200
325
163
285
1197
613
1364
217
1364
1736
1594
620
357
307
379
619
1159
991
622
309
621
646
367
330
136
1098
625
1373
174
1716
624
609
153
109
1052
355
63
1081
1641
1643
312
432
433
1453
966
387
557
1117
632
1765
1119
867
631
451
1688
634
652
633
140
1481
817
1553
397
1481
981
1491
1084
638
347
528
637
1802
1097
1475
1475
24
521
642
662
509
1476
775
641
1137
137
1469
1136
298
90
271
646
990
645
672
622
1798
175
352
1305
562
559
562
1306
205
1268
1266
758
25
1265
82
1437
634
1331
322
503
504
1180
1626
801
507
1656
1515
572
413
115
115
1607
1436
1571
722
1272
85
1571
1632
509
569
661
66
660
1111
1365
663
641
662
1594
569
1091
665
14
884
474
664
1449
401
1026
970
1099
283
1723
-1
1694
94
1695
1691
1690
1692
199
272
771
672
671
1310
646
874
674
1575
673
973
836
160
1396
1361
540
592
1822
1144
407
336
1298
685
1488
1600
309
368
1226
488
777
1637
1096
191
1637
221
698
684
1363
1254
910
683
498
678
1299
1114
329
1315
1113
395
297
1416
1415
997
1745
1224
203
1780
203
1225
824
1001
252
33
1000
778
781
1236
1460
923
372
1463
1396
696
1023
1010
69
695
1287
718
858
37
1099
718
682
903
812
1038
1207
1701
811
1487
1392
704
1451
384
1113
383
1489
704
701
842
703
1061
1808
303
1061
1154
-1
1155
303
1156
74
1542
1540
1539
206
1035
925
898
897
1379
112
772
-1
-1
514
1755
1577
213
419
573
413
716
1104
532
533
715
1439
1569
70
938
1567
697
698
1324
1536
248
189
327
974
208
1632
426
658
1572
71
1765
1089
1128
1089
1766
1090
726
1223
1306
403
725
538
139
-1
-1
-1
1076
-1
531
1123
1080
1079
981
980
895
248
732
567
731
564
1527
734
78
733
484
1021
1248
526
1246
329
336
1246
582
-1
738
-1
739
737
738
1311
478
1186
741
583
740
1530
553
1051
-1
1209
1649
1095
506
536
212
745
744
1025
1053
747
1709
30
1078
746
467
749
1716
774
223
748
241
751
240
513
1743
750
754
1234
499
879
911
1235
240
978
797
751
610
594
797
406
1668
992
1669
1604
429
650
1048
23
1266
1269
430
1680
1147
788
345
1764
1057
763
225
598
1042
762
224
180
1394
1398
1397
374
539
1575
767
360
766
103
22
1418
292
1241
201
200
8
1702
799
367
671
1508
1309
711
1317
773
897
1420
772
775
1477
748
642
774
510
1182
46
211
121
1182
680
692
460
779
502
778
523
1333
781
502
780
1498
692
164
251
783
782
1289
392
785
977
1333
50
784
257
320
1574
787
431
123
786
760
-1
1220
1781
235
870
448
1780
345
-1
-1
1235
554
365
546
1399
47
1292
-1
0
954
1499
477
1710
47
-1
-1
754
798
755
797
979
598
443
800
770
799
1750
575
802
654
1138
181
801
441
173
804
-1
803
277
-1
1562
218
1336
1561
889
439
1259
614
1491
1258
527
337
231
810
85
809
856
1572
361
700
812
699
422
811
814
1524
1087
1523
813
552
260
-1
-1
1553
291
981
635
1552
539
819
1094
1674
454
818
936
936
232
822
822
1203
454
1158
821
820
1184
-1
1146
305
1184
690
826
450
888
1467
825
1690
828
77
482
249
827
319
830
1742
319
896
829
311
832
1151
1548
255
831
486
1252
834
1322
833
1414
589
996
997
1416
1619
226
674
470
1772
1357
1771
470
1746
840
1472
316
1443
839
292
842
1392
289
704
841
1557
445
1758
145
145
1189
1697
1704
848
100
1791
485
118
1308
176
956
845
438
956
850
1605
1307
1604
849
437
1721
230
1719
1721
1720
1731
854
1106
1527
548
853
124
72
1134
856
386
855
810
127
338
280
697
1568
938
1533
10
274
412
1533
1006
-1
284
-1
1810
1344
-1
1566
131
976
1565
1229
1686
7
866
1563
865
1291
270
632
135
353
1320
331
294
870
174
222
789
869
1779
1164
32
266
1750
1164
574
42
1171
359
359
673
919
1759
1696
899
1024
212
1579
878
977
50
1230
877
382
-1
-1
752
586
-1
-1
1229
1566
1228
1229
1518
1149
-1
-1
1609
1591
665
1456
1294
886
450
885
1459
1424
888
424
94
933
887
825
806
1562
890
410
328
889
376
1728
892
1335
891
893
268
485
892
549
268
1728
1742
731
249
1741
830
1066
59
773
710
710
556
338
875
900
1053
899
1697
43
1352
355
1327
1172
1005
1519
1328
699
1264
423
101
1328
906
1713
970
1617
905
-1
908
913
1521
416
907
1240
1724
1362
-1
1362
684
922
1234
753
912
84
911
97
914
1507
907
86
913
415
916
1206
1045
310
915
1278
918
1437
1188
306
917
53
920
159
874
282
919
360
1661
600
498
910
600
262
924
693
372
169
923
1393
1317
926
710
925
1630
557
928
1210
14
26
927
579
930
1504
1383
1503
929
258
1633
932
314
931
1786
166
934
1646
888
51
933
242
4
962
256
1178
820
819
1178
-1
1204
939
858
717
194
938
338
543
456
941
940
1734
98
1296
-1
1672
945
1296
98
945
351
1811
290
944
943
947
115
172
1608
946
144
414
949
1040
948
1608
542
951
1794
455
1402
950
542
243
306
134
1176
1041
1040
955
1
794
1074
954
1059
848
847
957
1598
228
956
959
1399
547
1612
958
365
16
561
961
18
960
1167
963
-1
935
-1
962
1280
1495
341
340
92
300
611
1378
967
630
966
-1
75
969
86
537
570
968
1081
971
667
905
1100
970
91
973
359
1274
674
972
1772
720
326
247
481
326
73
977
1231
863
877
976
784
513
595
754
798
595
512
558
1473
730
730
636
816
1410
1603
546
1410
364
1197
985
418
56
57
984
1415
987
1621
1239
1271
986
1217
989
1532
119
585
988
1788
991
8
645
308
990
621
993
756
1670
483
992
430
-1
-1
1143
-1
-1
1233
1619
835
104
835
1620
688
999
1512
143
390
998
276
1001
692
520
264
1000
691
1003
331
1520
399
1002
1005
1326
356
1005
902
1004
1003
1007
1327
860
356
1006
274
1761
1009
1407
1008
1762
1588
1011
433
695
1454
1010
1140
1140
1013
1641
1012
1386
340
1015
1496
508
341
1014
61
471
1805
1017
1643
1016
182
1445
375
1019
1018
1108
1729
213
420
1021
1108
1020
734
69
214
1023
695
1022
1141
1025
876
1578
745
1024
1759
91
1027
666
1026
1287
433
574
1029
1126
1028
1628
1054
1778
1031
266
1055
122
1030
357
1033
378
1032
1382
243
1035
102
27
709
1034
101
1427
586
499
1427
589
587
1065
1039
699
1038
1654
1265
953
948
1511
953
334
1313
1043
1371
763
173
1042
154
1045
601
497
579
1044
915
1047
193
-1
514
515
1046
758
126
1049
101
1048
1539
1051
1649
1485
-1
742
1050
1053
273
626
899
1052
745
1440
389
1029
1439
1031
1775
1057
449
1070
253
1056
761
1739
5
1814
2
1739
955
-1
1812
-1
1062
705
706
1345
1061
-1
1609
1064
219
1063
1610
473
1653
1038
1701
896
1653
480
28
1282
1425
1463
1425
369
1070
1781
448
1083
1069
1056
1816
1072
333
1071
1815
12
1815
1817
1583
1814
1584
955
139
244
1076
728
1075
119
1709
530
1123
1708
747
1367
1080
730
201
397
1079
729
1082
627
969
411
1081
153
1084
1492
1070
637
1083
529
1086
584
68
1339
1085
1340
1658
813
1613
1657
1516
1515
723
724
425
1692
724
1432
1455
664
158
1806
1256
1547
1094
457
543
818
1093
287
743
1096
1638
1095
1650
681
639
330
1525
623
465
1525
1100
698
667
401
1099
971
366
1376
151
151
-1
1301
281
472
1104
402
1103
715
1106
548
1722
853
1105
1730
1773
1242
213
1019
1773
1021
1110
296
1561
39
1109
228
1112
79
661
295
1111
1174
1114
686
702
336
1113
685
227
1540
1222
1222
403
161
1354
631
-1
1448
1687
135
1447
632
1355
35
1167
1121
417
1120
561
1123
308
49
729
1122
1077
1753
314
167
1429
459
1708
1127
575
1028
368
1126
388
1129
-1
723
425
-1
1128
1131
141
354
279
1130
399
1777
462
1768
1775
1587
533
855
1135
71
1134
1241
316
1137
644
1784
41
1136
643
1139
1516
801
1515
1138
179
1141
1012
1011
1385
1140
1023
1143
129
214
1560
1142
994
1299
1145
677
1144
1712
408
1147
1681
823
760
1146
-1
1149
1321
1687
331
1148
882
1151
255
4
831
1150
256
1350
-1
1154
1350
1155
1666
1155
1152
706
1153
1154
707
1157
525
707
1315
1156
1451
1202
822
1159
620
1158
1387
1161
121
130
1183
1160
341
1163
305
1169
596
1162
599
1165
871
872
1660
1164
1747
1167
1276
581
1120
1166
961
1169
222
1372
1225
1168
1162
1171
535
27
873
1170
1275
1173
902
132
1326
1172
1352
1175
1581
1112
1736
1174
569
1177
953
142
53
1176
134
1179
937
936
-1
1178
1673
1625
654
468
46
61
1625
1183
776
777
61
1182
1161
1185
823
824
-1
1184
202
1529
740
-1
1647
1191
334
504
1647
917
1190
1534
844
10
1189
1192
1187
321
391
321
1648
1190
518
171
1194
519
1193
516
1196
1707
1611
1400
1195
168
1198
616
983
325
1197
7
1200
324
490
615
1199
29
-1
513
-1
1203
1158
276
821
1202
143
1205
1727
937
1389
1204
-1
1207
190
915
310
700
1206
1209
220
1650
1535
1208
742
1211
282
927
159
1210
1544
1213
560
19
561
1212
417
-1
512
1677
1216
175
170
1532
605
1215
1218
386
987
72
1217
416
346
-1
1349
1221
1652
788
346
1220
-1
1223
1116
1115
725
1222
1542
1225
689
222
690
1224
1169
1284
1227
680
1226
1600
489
1517
881
1231
864
881
882
1231
878
36
976
1230
1228
1233
69
1501
214
1232
995
1235
911
752
753
1234
791
169
555
693
479
55
555
1239
537
415
1422
1238
986
1241
72
908
1135
1240
768
1107
1243
419
1242
1774
573
1245
1406
604
379
1244
377
1247
735
736
117
337
1246
1249
735
527
105
1248
1471
1251
327
1253
326
1250
1324
1413
833
1325
76
1413
1250
1255
591
683
327
1254
67
1092
1257
486
1256
1807
22
1676
808
1337
1675
1261
807
1261
1676
218
1259
1260
217
1263
395
417
396
1262
19
1265
423
903
651
1264
1039
650
759
1267
126
1266
1573
1269
650
25
759
1268
81
1271
550
1622
551
1270
987
1273
426
658
123
1272
209
1275
469
972
534
1274
1171
1277
163
1166
9
1276
35
1279
590
916
591
1278
497
1281
2
963
1740
1280
492
1067
138
592
1822
1356
370
1599
1226
211
309
1599
49
1618
1502
1287
1027
1286
696
1289
251
1703
783
1288
1509
17
1291
7
1290
1293
866
1293
17
793
1291
1292
1490
1458
885
1466
306
1458
1438
1297
942
943
-1
1296
1810
1446
678
171
1446
1144
685
1301
421
366
-1
1300
1102
-1
-1
170
1304
154
224
-1
1303
-1
1306
648
563
649
1305
725
1308
438
849
250
847
1307
1310
771
1510
672
1309
1702
1374
21
739
1313
1436
414
391
1312
1041
1315
108
304
686
1314
1157
111
112
1538
111
925
772
1319
402
1570
281
1318
432
1321
868
464
1148
1320
135
1323
565
833
568
1322
588
1325
719
1251
1537
1324
1252
1327
1004
1173
1006
1326
901
1329
903
904
422
1328
27
1331
140
141
652
1330
504
1498
501
1474
1497
780
784
1335
245
246
328
1334
892
1337
410
805
1556
1336
1258
1339
608
584
-1
1338
1086
1341
-1
1086
-1
1340
607
1636
-1
202
1635
1371
1370
862
500
1345
-1
1344
1062
288
1674
1671
288
1672
-1
1349
151
233
-1
1348
1219
1351
1152
1153
-1
1350
99
1353
901
1173
571
63
1352
1355
1117
-1
1119
1354
136
1283
1549
541
1549
837
469
1359
370
541
113
1358
161
1361
540
113
369
1360
675
909
1363
910
1362
1725
683
617
618
187
1593
662
510
1367
468
181
1078
1366
1429
1369
290
289
1391
351
1368
1343
173
-1
1343
323
1042
1373
610
1168
594
1372
624
-1
1311
-1
1376
1663
1470
1101
1375
1800
1378
-1
-1
1630
1377
966
1820
711
1761
165
264
515
452
1382
377
1381
1424
1033
1384
571
929
63
1383
570
1386
1141
129
1013
1385
92
1388
120
1159
380
1387
232
1390
1205
-1
1726
1389
607
185
1369
1392
701
1391
841
1394
166
924
764
1393
1395
1396
160
1394
675
1395
694
1398
765
398
374
1397
764
1707
793
958
1706
1196
478
1402
192
1795
144
1401
951
1404
431
204
208
1403
1669
1406
120
380
1244
1405
1411
1408
165
1008
460
1407
339
593
1410
285
1409
982
983
1412
1531
1406
605
1411
68
1414
1252
1253
834
1413
342
1416
688
985
835
1415
687
1418
271
200
1521
1417
768
59
1623
1420
773
1419
1762
1422
153
537
109
1421
1239
1424
358
52
1382
1423
886
1426
1067
1068
34
1425
1462
1428
1037
1036
80
1427
88
1430
1125
1367
458
1429
1753
1432
1493
544
463
1431
1090
1813
476
15
1812
1816
495
1436
444
1758
1312
1435
657
1438
652
917
451
1437
1295
1441
1055
716
1441
1054
122
1442
1440
1439
1805
1441
182
1473
840
201
1472
558
559
1712
1018
376
1711
1299
1298
1448
1119
136
293
1118
1447
1450
666
432
1568
1449
1569
1486
702
1157
185
1486
303
1454
281
629
312
1453
1011
1456
1091
1806
884
1455
260
-1
-1
1645
1459
1294
1295
886
1458
243
1461
371
693
365
1460
55
1464
1602
1426
694
1464
1068
1465
1462
1463
371
1464
372
1467
451
1294
1689
1466
826
1469
11
493
149
1468
643
1471
347
1375
528
1470
1249
1473
1444
839
980
1472
1443
1475
520
1332
639
640
1474
1477
642
588
774
1476
87
1479
139
51
453
244
1478
1551
530
459
1551
635
636
462
267
577
576
267
32
1485
75
-1
195
1484
1050
1487
1451
1452
384
1486
701
1489
383
678
703
1488
384
-1
-1
1293
1492
637
807
1083
1491
234
1494
545
1431
400
1493
464
1496
964
92
1014
1495
197
1498
1333
131
781
1497
1332
1500
795
-1
394
1499
-1
1502
1732
1232
1286
284
1501
106
930
392
106
1506
929
1506
152
570
1504
393
1505
1508
272
913
771
1507
110
1510
106
1289
393
1509
1309
1512
390
1040
998
1511
542
-1
494
-1
-1
-1
495
1088
1139
655
1088
602
1138
278
1518
1228
1517
1520
882
1520
278
902
1518
1519
1002
1522
1418
907
271
1521
272
1524
814
553
813
1523
60
1526
1097
1098
466
24
1525
1528
733
853
549
484
1527
1530
1186
-1
741
1529
582
1532
585
1411
988
1531
1216
1534
859
860
1189
1533
43
-1
-1
1209
1537
564
719
565
1536
1325
-1
-1
1316
1540
709
1049
1115
1539
708
1542
74
205
708
1541
1223
1544
361
1546
26
1543
1211
1546
42
159
362
1545
1543
1548
487
1092
259
1547
831
1356
1550
1357
1549
1823
470
1552
1481
1480
817
1551
1751
1554
816
635
291
1553
538
1556
117
245
337
1555
1337
65
517
842
65
275
64
1560
446
300
612
1559
1143
1684
806
1109
1684
805
889
1564
615
865
324
1563
-1
1566
864
215
881
1565
863
1568
718
401
858
1567
1450
1570
717
1450
313
1569
1318
1572
658
659
722
1571
810
1574
320
1267
786
1573
204
1576
766
673
226
103
1575
713
116
1578
156
1577
1024
1580
156
876
78
1579
550
1582
39
1174
296
1581
1735
1584
1073
15
1074
1583
1
1586
313
96
1587
435
1585
1133
434
1586
1767
461
1009
230
427
1631
1631
208
429
1592
884
-1
474
1591
-1
1594
1365
186
663
1593
618
1596
250
77
177
176
1595
1598
295
39
176
1597
957
1600
1284
1285
1227
1599
679
-1
-1
511
1603
593
1462
982
1602
554
757
428
850
849
428
1668
24
-1
216
1608
414
657
949
1607
947
1610
1063
883
1064
1609
263
1612
58
1195
55
1611
959
1614
440
1087
58
1613
168
1616
318
1695
-1
1615
-1
1714
906
-1
1713
1286
91
1620
996
836
997
1619
1771
1622
536
986
212
1621
1270
1624
1767
1419
435
1623
127
1626
1180
1181
654
1625
179
1628
574
266
1029
1627
122
1630
111
363
926
1629
1378
1632
1590
1589
721
1631
659
1785
931
441
1678
440
479
1636
1343
-1
323
1635
1342
1638
681
682
1095
1637
37
1640
184
375
171
1639
1711
1642
628
1012
1644
1641
130
1644
1017
628
48
1643
1642
1646
51
1457
933
1645
424
1648
1187
1188
1192
1647
503
1650
743
1050
1096
1649
1208
1652
346
254
1220
1651
1764
1654
1065
1066
1039
1653
311
196
447
1656
655
1655
552
1658
1088
552
602
1657
1087
1660
128
32
442
1659
1165
1662
921
601
600
1661
263
1664
105
1375
237
1663
366
1666
237
421
525
1665
1153
1668
406
250
756
1667
1605
1670
757
1404
428
1669
992
1672
1346
287
1347
1671
942
1674
350
1179
1346
1673
818
1676
1259
348
1260
1675
1258
595
-1
1214
1679
1634
555
315
1678
1785
1681
760
1763
1146
1680
203
1683
196
1790
447
1682
583
1685
1562
1561
218
1684
409
1687
293
864
1118
1686
1148
1689
54
633
199
1688
1467
1691
670
826
1693
1690
669
1693
1090
670
318
1692
1691
1695
94
668
669
1694
1615
875
133
1697
900
1696
844
1699
147
29
332
1698
146
1701
310
480
700
1700
1065
1703
770
1310
443
1702
1288
1705
845
1738
438
1704
1769
1707
1400
21
1195
1706
1399
1709
1078
1125
746
1708
1077
-1
-1
795
1712
1446
1640
1145
1711
1445
1714
1618
905
284
1713
1617
1716
223
594
748
1715
625
1718
194
556
95
1717
506
1720
851
1770
852
1719
1737
1722
851
852
427
1721
1105
-1
668
424
1725
909
-1
1363
1724
38
1727
1390
349
1204
1726
232
1729
894
891
484
1728
1019
1731
549
1106
155
1730
852
-1
-1
1501
1734
456
1797
941
1733
290
1736
613
1582
618
1735
1175
1738
118
1720
1791
1737
1704
1740
1058
1059
11
1739
1281
1742
896
73
829
1741
895
1744
751
223
240
1743
97
1746
28
688
138
1745
838
1748
164
1165
251
1747
1749
1750
443
1748
800
1749
872
1752
398
1552
45
1751
458
1754
1124
1430
314
1753
181
1756
713
419
116
1755
572
1758
445
572
843
1757
1435
1760
875
1025
133
1759
116
1762
1008
1379
1009
1761
1420
1764
345
1680
761
1763
1652
1766
723
631
724
1765
353
1768
1588
1623
1132
1767
434
1770
437
1705
405
1769
1719
1772
838
1620
837
1771
973
1774
1107
1108
1243
1773
375
1776
1133
1055
434
1775
1777
1778
1132
1776
267
1777
1030
1780
448
870
790
1779
689
1782
789
1069
83
1781
234
1784
226
104
103
1783
1136
1786
1633
1679
932
1785
169
1788
453
358
244
1787
989
1790
446
612
299
1789
1682
1792
846
1738
229
1791
100
-1
-1
256
1795
543
950
456
1794
1401
1797
65
289
192
1796
1733
1799
647
608
-1
1798
-1
1801
233
1376
253
1800
449
1803
639
215
330
1802
293
1805
183
389
1016
1804
1442
1807
1092
1455
1257
1806
89
1809
185
705
351
1808
500
1811
862
1297
500
1810
944
1813
1434
1060
1817
1812
1433
1815
1074
1058
1072
1073
1814
1817
1071
1434
1073
1816
1813
1819
83
186
236
1818
609
1821
1379
165
112
1820
514
1823
1283
676
1550
1822
138
