851
1784
703
236
1285
1282
866
586
460
650
794
1529
217
1685
1128
449
910
907
1788
383
449
645
714
90
1310
1259
722
999
130
102
189
191
142
1531
394
1533
528
1274
729
1478
483
754
113
1031
918
1258
286
659
1242
868
636
466
1610
581
1007
287
369
1524
1035
739
84
699
1230
750
1445
1440
475
167
1004
1578
628
1450
111
437
182
277
1226
625
1159
444
270
426
425
353
160
1425
541
365
76
837
927
660
1663
266
1280
409
1092
1323
269
-1
40
1266
823
1474
-1
235
129
473
1682
1800
907
1800
1687
1686
1308
707
1171
663
662
1083
33
335
336
1750
1045
492
915
1807
107
623
264
1097
726
975
851
847
392
178
1698
1145
1607
682
-1
-1
1667
477
830
825
833
1283
852
1386
1396
290
940
1070
598
599
786
788
806
1431
232
-1
-1
81
862
615
1287
1458
607
1240
272
519
389
1747
483
1023
463
340
295
897
-1
590
591
169
1391
669
822
96
1776
299
1418
691
647
458
1161
124
67
448
852
352
447
66
724
152
141
311
716
718
1390
622
311
1562
1057
546
1463
561
313
871
710
544
1347
-1
310
428
122
1722
490
1777
29
1757
535
1712
585
467
377
552
553
583
1126
95
370
1254
171
55
1494
482
1447
1185
374
800
770
20
166
1165
288
1036
161
1267
148
162
525
1578
527
1004
1652
661
1735
568
219
1050
7
219
1673
474
572
1604
458
675
1729
1731
1395
356
877
80
234
1404
1522
63
1197
252
1618
1601
1201
404
1109
948
244
1759
1082
662
1375
1587
538
1276
349
1433
9
230
203
1151
943
1721
1080
734
989
795
916
1289
1755
1712
1709
42
231
892
146
488
487
1205
1671
725
435
1727
24
1782
424
1803
784
1032
14
571
1413
-1
405
1552
965
1787
836
1521
1737
742
1598
1751
328
821
1744
341
1703
759
1076
1078
245
306
1799
-1
75
1210
842
887
215
1483
65
574
971
654
1150
1040
851
448
601
498
411
536
751
362
537
35
196
298
9
925
531
1043
535
1387
242
1046
865
372
208
532
1316
1030
349
1428
951
966
1690
1520
836
1181
1347
442
465
1146
176
606
1079
932
152
934
720
323
68
1042
10
757
1372
322
1499
1314
145
1364
687
231
144
950
487
486
108
167
1007
455
1383
864
86
1550
1321
632
1140
1550
870
502
503
248
68
140
247
1453
1457
171
206
1009
761
1440
885
708
1430
1099
331
315
399
398
193
1557
700
472
1172
688
1424
28
471
-1
86
-1
1450
1738
87
202
201
1250
1209
202
841
1165
768
166
84
604
165
22
147
1652
977
207
1246
592
676
61
345
477
1666
81
760
153
1286
607
1327
1768
1398
1397
976
182
1385
179
1188
964
1635
1634
138
621
1511
514
710
872
45
678
175
802
745
781
1115
308
1631
743
174
24
183
347
182
438
1238
1552
705
1613
1770
431
729
435
548
1274
1432
798
957
794
1278
1106
10
553
1124
294
297
10
1107
753
1556
193
767
192
158
1524
264
1795
929
825
197
685
1002
1113
129
195
1282
779
403
567
890
1248
225
1500
1676
613
1758
163
844
1799
164
163
1309
103
1245
330
1239
1313
1553
1637
269
268
1008
154
1126
168
1374
785
133
773
1583
210
787
803
1537
373
209
920
1130
652
721
1715
1541
694
944
1080
1173
626
796
123
1805
227
937
1576
845
1766
4
255
708
362
1218
1672
91
90
735
240
566
222
1527
344
1696
221
1682
1151
255
1129
944
1606
438
199
858
421
1500
864
337
1227
215
424
1381
967
733
1461
686
497
992
103
1129
1363
145
108
569
54
980
1307
874
631
95
1127
616
1001
35
926
780
1
297
963
245
377
467
468
382
-1
1543
736
220
1543
1014
1641
492
704
491
132
1043
1016
948
663
1016
1072
99
237
581
120
1609
580
515
1059
619
152
1292
776
151
1694
824
480
262
657
1694
1722
1074
1073
1615
97
317
303
573
1062
451
1053
969
223
556
217
440
942
1726
1476
465
1633
1748
1736
1137
1574
691
1419
642
1099
1502
375
374
1010
600
250
1559
509
508
600
43
194
746
342
1427
759
1278
31
1708
958
406
564
1089
1088
205
205
994
32
1472
1091
26
374
1094
978
57
386
274
1214
386
1349
272
1211
1336
1345
1182
1181
277
1123
1640
1448
276
25
625
1174
279
760
511
278
507
1011
359
1219
1599
1472
1764
1017
786
1094
1186
1765
952
318
1119
1312
813
1613
15
-1
-1
18
808
803
85
369
804
394
1532
730
395
51
1531
1371
1370
931
1041
620
1292
1315
752
446
190
1125
504
1356
1101
60
1071
1015
396
236
1283
190
1589
1591
129
1642
951
63
951
1429
1198
304
1737
777
1319
-1
1120
1407
253
574
1736
301
1136
-1
1210
-1
670
121
-1
1379
1103
-1
1231
181
-1
1233
-1
1203
1234
1704
74
70
69
1092
1340
514
1341
1329
-1
72
712
396
900
1564
157
638
387
1351
522
252
1065
1414
1264
415
284
1377
818
1195
867
868
1243
636
1410
1252
1498
143
591
931
141
1169
1596
615
550
873
1028
631
618
1580
461
1637
432
993
689
1022
118
840
1644
541
995
853
203
156
643
1095
1130
1584
774
334
484
970
452
894
333
40
1052
1393
1504
762
40
1384
1417
226
614
1416
463
628
1249
1384
1657
1230
59
656
119
1423
1426
265
1033
608
1456
1454
221
1528
677
1744
478
170
819
1717
927
1605
702
183
1259
-1
1258
350
102
134
1432
349
1358
1005
1646
1544
697
67
1395
922
27
1402
1401
624
1097
1398
356
1396
355
1769
94
1623
666
700
1492
1306
672
1262
360
280
1220
1791
359
1442
885
1441
218
1540
128
1587
1277
1540
884
1592
1588
489
29
690
1153
1513
1749
1108
390
1096
973
974
1548
288
1166
18
80
673
855
1118
818
-1
1535
133
1411
805
806
210
83
271
261
443
261
507
1086
1697
589
237
605
78
1508
723
1507
515
1608
1506
1460
437
942
556
1152
1720
238
1568
963
6
1789
909
1353
879
1200
1365
495
1200
272
1241
273
1617
1615
316
1747
1025
518
520
58
1479
367
404
1401
404
1202
922
45
393
679
392
782
1636
11
289
476
1668
439
290
314
1271
296
712
1489
1270
157
713
1624
157
1565
1561
967
571
783
1639
733
784
692
1546
1549
1546
198
1545
98
391
390
1202
114
1665
267
407
1590
986
1588
406
417
915
1519
1518
915
31
1175
922
1664
127
1710
1713
1710
789
791
1629
414
1470
413
1630
1542
318
1296
1377
1520
1691
1194
1806
408
916
1786
903
1754
767
1142
1491
494
1628
1037
849
454
225
1758
1199
1191
442
441
888
1802
112
227
27
1517
1729
1516
27
1176
1176
469
470
-1
-1
75
1732
470
1074
542
1732
843
185
1116
809
327
1638
814
1760
941
936
1576
578
577
186
1070
110
860
1783
725
380
438
24
437
224
183
395
937
727
1766
256
1684
423
1705
989
1704
423
137
1160
800
375
26
506
1219
1436
446
1359
737
293
445
67
747
1298
66
1299
126
6
5
450
-1
-1
449
1660
254
1345
1053
1438
334
-1
-1
863
421
848
1501
1003
147
1166
603
525
527
1575
816
1585
1585
65
92
1159
460
918
459
1091
2
1290
326
993
775
1290
814
59
338
1579
1248
614
857
257
610
138
580
17
1698
78
1087
238
238
1168
1571
427
-1
-1
429
1516
427
472
1422
160
1644
159
471
35
883
882
1049
91
555
1006
22
1410
394
1718
1647
170
738
48
345
1745
1741
1514
829
528
826
1559
249
482
799
1122
82
1184
481
13
58
1132
333
755
1380
1738
1655
527
526
1763
146
109
835
146
635
109
1242
490
365
1750
1778
76
489
1045
242
902
241
1778
41
1017
1009
1008
1627
420
559
1367
1353
385
1692
1100
1355
1469
1244
229
953
537
127
629
630
1044
1319
1415
1064
1063
778
1521
1280
151
1518
151
1170
1041
1437
505
294
504
612
780
444
1649
507
375
280
506
1178
1180
263
680
681
263
1494
511
761
510
1448
279
513
1509
934
723
512
1609
312
177
1507
246
379
723
1265
810
809
1265
558
1338
519
1132
388
1104
518
57
1746
389
1223
1746
1224
1618
316
523
1026
522
1421
1241
1004
1655
1253
456
1657
87
982
486
1434
485
88
456
479
12
1680
1451
684
1000
531
926
881
130
530
1317
1189
1029
133
1029
554
1411
1796
795
1705
131
536
77
535
1044
127
498
128
1277
101
986
985
1449
1504
1393
1674
1434
1739
731
329
28
840
731
430
711
1573
544
73
543
1068
1333
-1
1093
1489
1561
71
1792
1057
-1
186
1780
1681
1558
826
1514
861
1236
324
861
1287
959
1405
79
582
79
1406
189
1316
555
533
554
1317
474
255
381
557
556
946
1767
1116
-1
517
494
560
1247
559
1038
804
72
1464
1148
1147
1145
610
1113
1467
1589
1467
1019
267
-1
-1
566
565
683
220
198
998
749
748
89
735
983
232
981
983
1762
1394
400
113
1418
1603
92
649
253
1408
1479
124
1162
303
879
-1
-1
577
949
846
434
1206
576
434
579
1205
578
1577
1243
246
466
1607
245
964
17
1170
1281
552
1169
79
1371
1370
1372
756
1496
78
1369
2
1659
917
691
1575
1604
801
711
923
1572
1571
376
1086
61
1528
61
1167
322
1314
593
169
592
1742
1745
1303
595
1566
594
878
692
1630
597
1310
596
772
1269
855
52
1008
52
1141
1628
1039
262
263
1179
1178
126
-1
-1
979
1656
456
1653
166
1229
1003
1078
606
377
605
139
1369
172
56
1456
1455
343
1173
1143
1329
1147
465
1477
562
1107
612
1436
611
651
505
200
849
947
464
338
1024
324
616
55
615
1595
234
1389
618
1293
617
326
1291
247
620
1042
619
1060
292
1510
177
1256
70
1581
1207
675
43
1728
354
1402
1728
1679
278
25
214
1679
1225
762
1505
1383
23
339
1505
865
1473
499
1599
953
499
233
325
870
869
149
1564
-1
1665
-1
1323
-1
1089
1252
834
488
1409
321
16
638
1307
869
1492
637
315
1321
-1
1563
1535
1412
913
714
1773
1502
643
260
644
331
642
978
1773
1263
642
1772
7
1441
647
1228
783
648
646
64
1482
647
1603
971
764
572
1084
3
1019
1084
1020
612
211
653
1648
652
1131
1409
1466
125
929
1730
732
731
1702
341
830
250
1040
1033
736
659
1215
658
1735
15
30
661
749
1734
89
660
39
1305
100
1304
39
243
1621
665
900
664
713
1560
357
1624
1620
1619
1621
1082
669
1392
1683
62
668
677
1687
1798
306
-1
1687
-1
1403
1307
358
740
1491
370
1149
1794
1730
1794
623
93
821
677
169
676
669
344
1187
179
679
678
1480
392
1680
509
1558
509
1681
1177
683
47
890
566
682
748
529
685
1001
684
1452
195
229
687
979
686
1462
144
1725
758
159
1666
1110
328
365
1154
741
259
587
64
997
402
595
1484
696
1769
1294
213
771
1295
1471
1768
693
1485
878
1302
747
352
1375
699
701
698
1376
20
769
158
357
698
769
1619
347
1398
1386
1385
852
0
902
904
241
1786
1755
184
1798
1801
1251
38
876
1021
1539
218
155
1539
886
884
73
178
924
588
543
924
1560
397
314
665
1622
398
7
641
715
714
1503
1672
1207
717
69
716
719
1510
1256
1333
69
717
1208
720
1509
719
140
928
212
722
721
1542
8
378
513
515
933
68
932
110
436
1781
1780
44
1177
939
439
1760
1670
936
860
1400
186
12
1357
919
289
542
541
655
655
1731
1733
401
1640
228
1225
906
105
736
220
568
239
735
658
1740
446
1437
477
1740
1125
856
767
19
1490
673
1403
742
690
1158
1658
117
741
181
1361
-1
1634
1636
781
1633
180
1632
1555
264
1298
697
1301
447
749
568
683
660
748
567
1262
21
1218
1217
128
954
293
1743
1360
1359
757
191
13
755
894
754
1133
484
1496
584
956
753
956
142
688
1667
1423
1422
119
265
171
1255
279
510
1255
154
336
627
1267
895
764
972
763
1701
649
766
1475
1721
1273
765
853
739
419
192
1035
1525
165
770
700
701
1525
769
84
694
772
1629
771
1081
597
208
1536
774
332
773
1538
1289
462
1238
248
1261
1519
778
1135
301
1066
777
501
1112
1002
197
1284
236
505
180
744
962
847
962
393
784
400
646
401
783
112
786
1627
207
52
785
282
788
1247
209
1246
787
53
412
790
792
789
1711
985
1709
1713
412
1708
789
957
794
1085
1406
3
793
188
534
796
105
795
1797
214
1069
798
1357
797
1400
187
481
1185
1013
443
1013
83
1572
588
1570
1568
1481
179
804
287
209
288
803
560
1706
373
1538
373
1707
53
808
1006
1131
287
807
1537
516
1312
431
516
1297
1429
1770
812
1117
811
1612
-1
285
1239
814
432
813
462
1736
1749
1737
457
1158
1155
818
1378
-1
319
817
371
1716
346
1484
1295
1294
1470
118
822
676
821
1022
62
854
34
-1
249
1695
912
911
49
195
549
480
827
1452
826
911
829
1515
999
479
828
1275
831
656
48
833
830
1124
833
912
1702
49
832
831
635
1253
835
487
834
1435
136
116
1513
1512
1153
29
1134
1407
1136
1601
1135
1065
1688
329
542
164
1688
842
843
122
841
1723
842
430
1209
1487
201
846
1761
216
1685
845
576
1526
782
45
1318
-1
454
613
850
421
849
1677
1318
44
0
126
703
50
66
330
766
1152
1272
823
1269
1142
598
370
1141
739
1037
858
464
1304
225
857
947
976
1785
1783
1782
436
728
862
551
550
1457
861
55
864
1501
453
226
863
148
1598
629
132
1658
2
1597
1647
320
1534
320
1648
16
870
632
637
150
869
631
872
73
-1
178
871
-1
1595
325
874
233
1404
873
876
1309
1250
707
875
1391
878
1302
94
595
877
696
384
575
1191
1446
1368
-1
882
1049
530
1443
881
473
1591
884
473
883
364
709
361
886
155
885
1443
709
1804
123
1439
423
1804
1661
973
1549
1545
1544
198
682
892
1626
1206
950
891
108
1221
1062
1478
334
1221
754
1483
763
896
1438
895
1222
898
1793
60
1488
897
1270
900
1015
1083
314
899
664
1756
1806
1754
1387
704
491
418
904
1388
903
1787
704
906
1226
1639
734
905
1803
908
5
36
-1
907
1686
910
383
1573
5
909
1696
912
825
827
832
911
824
914
640
1503
1707
913
1098
408
42
409
1261
106
417
918
586
1419
459
917
14
730
1189
1719
1718
1584
211
1664
-1
-1
410
353
391
1481
1569
588
1480
711
710
130
1000
926
530
925
235
1715
30
346
1714
721
1258
930
194
654
1299
929
1179
932
323
291
724
931
139
934
724
1077
140
933
512
941
1761
1684
433
1727
728
439
1669
216
1669
1534
1577
1670
940
727
939
1671
51
433
935
1726
256
1767
380
945
104
1459
213
224
1459
1720
943
946
945
1460
557
948
613
858
243
99
947
1626
1128
576
1625
892
145
135
300
299
1197
284
1691
630
954
498
953
1600
751
956
1360
1499
757
955
756
1530
188
792
1529
986
267
1237
551
1331
1236
1138
1027
962
-1
-1
782
961
781
964
237
382
581
963
175
115
966
1641
965
1553
135
228
968
400
967
1382
1032
970
1056
254
1752
969
333
1061
649
124
1061
1222
763
1774
368
889
368
1775
1201
44
1781
1785
1784
859
174
1373
168
1430
271
643
1010
980
602
686
232
979
1364
1763
569
1363
1762
526
1675
984
569
570
1582
983
1052
538
1530
790
538
407
958
1103
1380
1105
1335
-1
1102
990
441
105
1805
989
1802
-1
-1
1245
1244
230
1461
994
327
461
269
993
1390
996
330
-1
1273
995
-1
1485
1547
692
1547
1663
567
1000
9
828
925
999
529
1002
235
684
779
196
1001
1653
455
604
88
524
22
-1
351
-1
1007
475
807
147
1006
18
493
206
598
493
1495
154
1011
261
978
280
1010
1263
1013
1593
1382
800
1012
799
-1
-1
240
296
1016
899
1015
244
243
282
1018
493
1017
1765
1183
564
1020
650
1019
1468
651
1022
1111
707
328
1021
822
1024
59
1376
614
1023
1305
1026
1240
388
522
1025
1617
1028
1596
960
325
1027
1140
532
1030
533
1029
1190
134
1594
1650
14
1594
113
968
1034
657
342
1695
1033
1703
19
768
1036
1038
1035
85
1038
420
856
560
1037
1036
1040
600
1180
657
1039
125
1042
292
503
619
1041
141
1044
131
242
536
1043
499
41
1046
491
1045
1751
132
1048
-1
1616
1414
1121
1047
1050
474
881
90
1049
1442
-1
-1
1052
335
1051
984
254
1054
452
1053
1661
1439
1056
1753
-1
969
1055
1346
71
1058
547
1057
1563
-1
1060
247
1208
620
1059
1389
1062
972
971
893
1061
253
1064
501
1193
1066
1063
500
839
1066
317
1065
778
1064
1068
-1
-1
1789
1067
544
1399
797
1532
435
1399
51
1100
1072
296
1071
1693
244
-1
-1
251
251
1723
429
-1
1175
-1
1077
120
1610
1079
1076
933
1079
605
120
139
1078
1077
1081
213
104
772
1080
1272
1083
100
667
39
1082
899
1085
650
651
793
1084
1106
1168
590
376
467
1497
1167
1612
1771
268
1611
268
634
1091
1473
1597
270
1090
460
1093
32
311
1324
1092
545
271
283
1095
331
1094
1373
1554
1300
367
43
1554
354
1099
1431
914
156
1098
260
496
1071
1101
295
1100
1271
1103
988
-1
307
987
1102
1105
519
1335
1133
1104
987
1107
189
1085
191
1106
611
1566
1109
367
1108
1567
98
689
1725
1111
1021
1110
1172
1113
779
1285
196
1112
563
1631
1115
1362
1114
180
1651
1117
558
431
-1
1116
811
1196
371
1320
1195
1194
284
1121
1415
302
1048
1120
-1
1123
1447
481
276
1122
1381
1125
190
831
294
1124
738
1127
80
206
234
1126
1254
1163
4
949
1163
230
223
211
332
1131
653
1130
807
1133
483
518
755
1132
1105
1135
1602
838
839
1134
777
1137
304
838
258
1136
1162
960
-1
1344
1343
-1
1551
1028
1343
150
1142
856
599
419
1141
855
1325
609
1477
1325
-1
1330
46
1146
562
1145
1699
138
1148
562
609
1608
1147
561
1465
674
1425
125
1465
1426
1152
223
103
381
1151
853
837
366
1154
690
1153
1155
1156
816
1154
1586
1155
1748
1158
1574
1659
816
1157
741
1650
26
459
1649
1593
443
65
1586
1162
574
1161
1137
1164
1129
1128
1462
1163
1625
1166
85
165
369
1165
455
1168
1087
591
468
1167
1086
1170
583
323
503
582
1169
1172
1643
38
159
1171
1111
1678
214
608
278
1678
1453
1176
410
1075
426
1175
427
1178
681
726
601
508
1177
1180
601
930
508
1179
1039
275
137
1660
275
-1
1348
1184
1495
1018
482
1183
1186
1186
83
799
283
1185
1184
1188
678
1635
175
1187
1699
919
1190
532
1189
1358
1030
422
879
1676
1199
1759
1693
1194
1196
1063
1119
1193
416
1196
1119
319
1193
1195
1118
1198
952
96
1264
1197
300
422
1192
1200
384
1199
385
1202
98
974
391
1201
405
1204
309
1328
1797
1203
1455
1206
578
109
577
1205
891
1208
716
622
719
1207
1059
1210
844
164
305
1209
122
1213
-1
274
1213
-1
-1
1214
1212
1211
-1
1213
273
-1
-1
658
-1
-1
1788
1218
751
1220
218
1217
750
1791
281
444
1790
360
1217
1222
893
894
972
1221
896
1224
520
1408
521
1223
1602
1226
734
626
905
1225
25
1228
1700
227
1482
1227
646
1230
1656
604
340
1229
20
1232
308
1326
1632
1231
1476
1234
309
1796
-1
1233
310
1355
-1
1366
1237
960
550
-1
1236
959
1239
184
775
813
204
1238
1241
57
1025
386
1240
523
1243
16
488
320
1242
579
1245
992
497
203
1244
991
1247
788
168
787
1246
559
1417
464
199
339
1579
1416
1251
875
163
1392
1250
706
1253
635
321
834
1252
524
1255
81
1127
760
1254
761
1339
718
621
1339
-1
1334
348
15
928
-1
348
8
1261
1293
1288
776
1260
916
1444
750
359
644
1444
1011
1297
318
1198
1296
516
517
1267
-1
33
86
1266
762
-1
-1
1269
854
1268
597
1271
397
898
396
1270
1101
1475
854
1081
1474
766
996
1275
187
12
1433
1274
829
1277
101
1711
363
1276
537
1279
266
188
1281
1278
1405
1281
502
31
582
1280
1279
1283
1
197
297
1282
49
1285
780
1468
1
1284
1112
1287
172
1332
551
56
1286
1289
1260
1291
106
1288
775
1291
461
462
618
1290
1288
1293
248
292
1260
1292
617
820
1606
694
1397
820
695
1297
1265
415
810
1296
1264
1299
447
746
448
1298
930
1096
1301
1303
1300
1555
747
1303
697
877
1300
1302
594
1305
663
857
662
1304
1024
358
1556
1490
672
233
637
1309
38
1689
875
1308
202
1311
8
596
-1
1310
-1
1313
285
809
204
1312
1428
1743
592
143
1742
293
1741
1317
554
134
555
1316
531
-1
848
850
1320
302
500
-1
1319
1118
149
1322
639
1321
1551
-1
1324
634
32
-1
1323
1093
1326
1144
1143
-1
1325
1231
1328
-1
172
-1
1327
1203
1330
313
609
-1
1329
1144
1332
-1
959
-1
1331
1286
1334
545
718
-1
1333
1257
1336
988
1104
-1
1335
274
1338
-1
1378
-1
1337
517
1340
1257
1256
-1
1339
312
1342
-1
312
-1
1341
1463
1344
1139
1140
-1
1343
1138
1346
275
451
-1
1345
1056
1348
74
137
-1
1347
1182
1421
-1
273
1420
1351
-1
316
1352
1350
1351
1616
-1
1446
384
495
1367
1366
-1
1356
1235
496
-1
1355
295
1358
730
797
1190
1357
350
1360
753
445
955
1359
752
1362
-1
743
-1
1361
1114
1364
231
981
144
1363
980
1366
385
1692
1354
1365
1235
1368
495
1354
880
1367
-1
1370
585
606
291
584
1369
1372
291
583
584
1371
142
1374
977
1095
207
1373
1764
1376
698
100
699
1375
1023
1378
319
415
817
1377
1337
1380
307
1752
987
1379
484
1382
228
1123
968
1381
1012
1384
148
627
339
337
1383
1386
703
174
50
1385
702
1388
902
131
903
1387
1756
1581
617
1060
1580
70
994
1392
62
876
668
1391
1251
1394
539
335
1675
1393
570
1396
94
352
355
1395
50
1605
1295
173
173
355
702
1400
1069
1070
798
1399
729
1402
354
390
624
1401
353
1404
672
740
874
1403
95
1406
552
1279
553
1405
793
1408
303
838
573
1407
1223
1410
636
653
321
1409
475
1412
372
533
640
1411
1673
-1
114
1775
1415
1048
317
1120
1414
500
1417
1249
338
337
1416
1248
1419
64
571
259
1418
917
1421
1350
-1
523
1420
1349
1423
759
471
341
1422
758
1425
160
1427
28
1424
1149
1427
342
1150
265
1426
1424
1429
135
1313
300
1428
810
1431
156
977
1098
1430
53
1433
350
187
102
1432
1275
540
526
1435
1654
1434
835
1437
445
611
737
1436
504
1439
896
452
887
1438
1054
1441
155
21
361
1440
645
1443
361
1050
886
1442
882
1445
1262
1263
21
1444
1772
-1
1353
880
1448
82
1122
511
1447
277
1450
539
1674
23
1449
162
1452
529
1515
685
1451
827
1454
153
1174
1458
1453
343
1456
608
1204
343
1455
607
1458
862
153
56
1457
1454
1460
943
944
946
1459
380
1462
229
992
687
1461
1164
1464
72
1342
561
1463
1506
1466
1149
1150
1795
1465
654
1468
564
563
1020
1467
1284
-1
-1
497
1471
820
413
695
1470
1716
1473
270
281
1090
1472
629
1475
1273
34
765
1474
1272
1477
257
1232
610
1476
1143
1479
13
893
389
1478
573
1481
924
679
802
923
1480
1701
1228
648
1700
895
123
1662
693
819
1662
997
696
-1
-1
1677
-1
-1
844
1792
898
1489
397
546
1488
1491
740
1306
673
1490
419
1493
358
638
1557
1492
1623
1495
82
510
1183
1494
1009
1497
585
756
1087
1496
1498
1499
322
1497
143
1498
955
1501
226
199
863
1500
454
1503
641
260
715
1502
913
1505
336
539
627
1504
628
1507
379
1464
378
1506
514
1509
378
1511
512
1508
720
1511
621
717
177
1510
1508
1513
837
1523
366
1512
836
1515
479
549
828
1514
1451
470
1517
426
1516
1733
425
1519
409
502
408
1518
776
136
416
1521
116
1520
501
1523
96
1690
1777
1522
1512
1525
19
193
768
1524
770
-1
847
-1
221
1697
1528
344
1527
590
1530
958
3
985
1529
957
1532
11
290
289
1531
1069
1534
1668
11
938
1533
867
1536
372
640
773
1535
1706
1538
210
808
805
1537
774
1540
708
709
362
1539
363
1542
212
1717
722
1541
414
239
-1
240
1545
890
351
403
1544
889
1547
403
402
997
998
1546
1549
368
1567
889
1548
402
1551
149
150
1322
1550
1139
1553
115
184
966
1552
204
1555
1096
1097
1301
1554
746
1557
192
1306
158
1556
1493
1559
549
680
480
1558
262
1561
712
665
546
1560
399
1563
71
1565
1058
1562
639
1565
315
632
399
1564
1562
1567
1108
594
1109
1566
1548
1569
802
382
923
1568
1570
1571
801
1569
589
1570
468
1573
801
589
543
1572
909
1575
259
1157
587
1574
457
1577
434
216
579
1576
938
1579
23
87
1249
1578
463
1581
1390
326
622
1580
1389
-1
-1
984
1584
1719
208
920
1583
332
1586
458
457
1161
1585
1156
1588
101
363
407
1587
364
1590
298
563
1592
1589
406
1592
883
298
364
1591
1590
1160
1594
1012
1593
1031
1032
1596
873
616
1027
1595
324
1598
866
1090
117
1597
865
1600
630
281
954
1599
1790
1602
839
97
1134
1601
1224
1604
572
648
92
1603
587
1606
1397
347
1294
1605
224
1608
580
46
379
1607
1148
1610
246
513
17
1609
1076
1612
1089
-1
812
1088
1611
1614
185
285
1771
1613
1638
387
252
1616
1352
1615
1047
1618
387
1026
97
1617
521
1620
667
701
1622
1619
666
1622
664
667
713
1621
1620
1624
357
1493
666
1623
398
1626
950
1164
891
1625
949
1628
494
785
420
1627
599
1630
413
771
414
1629
596
1632
1114
181
745
1631
1232
1634
745
257
176
744
1633
1636
176
1187
744
1635
393
1638
327
205
432
1637
1614
1640
401
905
733
1639
276
1642
241
965
1779
1641
299
1644
1689
1171
329
1643
472
1646
-1
-1
351
1645
1774
1648
867
476
868
1647
652
1650
1160
506
1031
1649
1159
-1
-1
1115
1653
88
167
603
1652
1003
1655
1739
1435
485
1654
524
1657
603
1229
525
1656
340
1659
866
742
586
1658
1157
1661
451
1181
1054
1660
888
1663
1485
1484
998
1662
30
1665
921
410
633
1664
405
1724
689
170
758
1724
48
1669
395
1533
937
1668
938
1671
939
728
940
1670
110
1673
219
715
91
1672
1412
1675
540
1449
982
1674
1394
1677
200
1191
850
1676
1486
1679
1173
1174
626
1678
625
1681
680
528
681
1680
548
1683
36
222
1801
1682
668
1685
440
935
4
1684
846
37
-1
908
37
670
671
1689
840
841
1643
1688
1308
1691
136
1522
416
1690
952
1693
496
1365
1072
1692
1192
1695
249
250
824
1694
1034
1697
222
910
1527
1696
376
1699
46
466
1146
1698
1188
1701
1483
1227
764
1700
1482
1703
656
832
119
1702
1034
1705
442
310
441
1704
534
1707
805
1536
806
1706
914
1709
792
266
107
791
1708
1711
412
411
790
1710
1276
1713
107
77
791
1712
411
1715
928
1734
212
1714
927
1717
819
1471
346
1716
1541
1719
920
476
1583
1718
919
1721
945
381
104
1720
765
1723
251
75
1074
1722
843
1725
1666
1667
1110
1724
688
1727
941
256
936
1726
111
1729
623
624
93
1728
425
1731
655
674
732
1730
93
1733
429
430
1517
1732
732
1735
661
1714
89
1734
659
258
815
304
301
815
116
1739
485
162
1654
1738
540
1741
737
738
1315
1740
478
1743
1315
593
752
1742
1314
1745
345
118
478
1744
593
1747
520
521
58
1746
388
1749
258
1156
815
1748
366
1751
41
489
1046
1750
117
1753
970
1379
1055
1752
-1
1755
418
901
705
1754
106
1757
901
1388
1807
1756
77
1759
422
200
1192
1758
99
1761
433
727
935
1760
845
1763
982
570
486
1762
981
1765
282
1374
1018
1764
283
1767
440
217
942
1766
557
1769
173
695
356
1768
693
1771
811
185
1088
1770
1614
1773
645
1445
641
1772
644
1775
973
1646
974
1774
1413
1777
1779
63
76
1776
1523
1779
490
492
1776
1778
1642
1781
726
548
975
1780
725
1783
860
111
436
1782
859
1785
976
0
859
1784
975
1787
418
705
904
1786
115
1789
6
1216
383
1788
1068
1791
1220
1600
360
1790
1219
1793
1488
547
897
1792
-1
1795
675
674
194
1794
1466
1797
534
1233
796
1796
1204
670
706
1799
121
1798
201
1801
37
36
706
1800
1683
1803
424
990
112
1802
906
1805
887
888
215
1804
990
1807
417
901
42
1806
1757
