891
8
14
1054
697
613
1663
1534
320
11
30
779
944
1664
1714
1750
606
30
921
444
891
338
1336
1017
12
1535
0
700
910
146
103
1485
375
1786
3
217
1525
8
1011
1425
946
1003
1275
1009
0
431
215
221
491
490
29
867
911
428
331
50
765
1726
27
22
986
1509
128
775
1721
327
706
240
19
145
26
98
-1
1726
-1
1671
892
1189
23
928
457
19
493
1096
1779
-1
491
493
1727
16
3
1787
5
853
852
1104
1576
432
61
548
1023
38
327
35
86
34
800
720
1351
1288
-1
1219
162
558
849
550
33
1405
1188
1187
133
1222
1066
1183
786
787
1201
535
157
56
1719
1118
170
1033
1290
54
212
1226
1287
325
-1
284
1346
914
967
570
579
1675
1667
1081
18
435
1761
193
713
714
1512
414
1313
1016
477
544
1703
45
970
-1
-1
808
1183
43
955
1046
229
775
935
1300
163
1600
1171
434
918
737
470
275
1585
32
961
1148
962
622
473
1191
1164
1013
219
1227
661
639
1641
957
652
570
968
934
1316
674
1352
1503
73
1314
155
296
1463
850
1500
354
152
399
231
69
-1
-1
1730
1632
1631
1684
456
1531
167
221
586
1297
408
1163
436
1344
771
102
1662
372
-1
397
396
-1
1306
-1
165
253
254
1231
917
248
152
1111
1108
257
1600
384
774
34
855
721
560
443
1006
1734
1005
1303
637
157
1602
680
1178
682
144
1060
642
1668
235
1043
580
1066
1069
1284
578
398
302
922
276
577
626
106
589
507
1631
700
23
1145
1024
1144
1353
781
1024
198
913
1240
373
79
1107
1762
1764
10
565
377
511
420
589
229
1542
97
506
1360
130
953
678
677
518
1729
1142
997
542
543
633
722
796
938
1737
627
442
521
1711
956
383
523
811
763
1322
762
1323
1078
904
203
1315
-1
500
666
953
207
1007
736
737
919
1513
1706
743
776
1488
770
768
359
1316
849
1787
748
125
363
1619
124
1499
1515
708
833
1171
1601
822
20
1088
210
664
227
1505
896
107
1039
132
471
188
742
131
330
40
638
153
746
1121
141
453
312
1746
1639
205
990
991
811
1355
1741
288
1188
1406
696
1285
244
1064
675
135
340
460
1581
459
144
1745
1743
879
143
91
1276
23
146
1361
145
9
1058
804
182
279
1026
1336
1195
732
926
518
1725
1179
402
1113
152
151
84
72
1041
134
1609
1273
522
1241
383
297
70
1553
1198
542
42
1103
89
1536
377
1452
673
170
1263
1155
446
478
299
1252
275
37
1772
950
570
58
1073
530
559
1160
437
750
82
621
221
348
1062
228
76
263
1211
831
1022
549
358
1322
44
159
1327
549
1325
174
1477
1432
1667
1676
1668
567
790
172
411
206
560
1625
218
1530
1520
704
942
1036
337
336
617
296
287
1532
1492
537
1001
617
1538
147
245
628
1521
1523
704
648
627
647
1174
629
624
632
672
590
318
1201
637
1540
132
985
742
1541
1341
512
754
707
1430
1563
690
899
862
246
1594
51
397
901
623
1191
1417
577
1101
352
538
1423
607
880
608
1689
101
1745
200
487
1498
1453
1562
199
1369
341
1368
1635
1478
1125
859
117
405
262
1605
711
136
709
711
175
1575
975
1735
119
1512
1621
1020
1329
1582
446
1156
374
597
129
504
1581
996
45
1704
1643
306
1248
995
1235
994
784
15
1783
1212
987
1244
1783
1625
718
11
1693
1684
176
64
313
1162
1014
313
1012
166
15
76
553
1781
1124
-1
238
-1
-1
-1
511
398
1379
1592
986
822
987
776
308
129
167
947
348
57
105
588
985
649
401
72
788
1208
323
1397
1650
1481
324
323
1676
764
1760
1760
1759
92
237
266
847
1554
236
238
223
237
848
1450
977
1490
22
-1
-1
1259
564
847
961
571
609
429
1095
1092
140
245
613
244
1286
182
1458
864
192
1653
1311
1310
692
691
83
442
1629
561
722
293
619
1128
959
626
1399
576
1153
600
1311
82
82
479
1224
256
1733
582
1732
255
871
-1
85
-1
319
748
489
1618
363
851
1364
1656
-1
312
592
593
1658
204
1031
1660
168
710
1734
366
1004
1736
1516
1006
236
1555
792
-1
1555
-1
693
511
724
-1
1677
845
1772
472
329
1614
907
575
1070
1069
569
1284
579
1072
1176
639
655
1584
61
161
1100
96
1137
577
576
1128
1335
338
365
1624
148
595
632
1304
1384
799
734
282
885
281
328
1766
622
1345
1486
474
47
455
943
966
1696
1443
1520
1267
1539
179
852
138
451
1041
1471
1710
1718
1532
1140
586
587
1063
439
422
682
250
1400
604
1419
1091
692
868
1202
754
70
933
179
155
991
932
552
1136
1020
303
161
1621
756
301
1101
1154
1417
300
95
1186
653
924
299
815
1192
925
477
1248
698
1085
1157
213
1145
733
1484
517
227
1094
516
1106
372
890
1147
961
1092
1661
1130
832
1282
261
135
220
498
219
1440
726
1164
1789
316
774
315
910
1046
463
1199
1120
536
187
543
1161
1571
258
2
1525
1524
928
945
875
1728
519
1669
233
362
232
233
1246
1088
46
378
527
1482
673
525
1182
34
21
948
1666
282
1221
330
270
329
133
950
1651
584
18
1176
1302
1177
1299
958
957
1286
1138
625
366
1312
783
178
646
1616
178
1052
835
278
7
793
1769
365
1074
593
1338
141
201
1370
1371
497
865
1386
1197
496
1385
1377
1364
1337
1616
930
1037
1366
1254
1367
1165
1425
1542
1293
166
228
1133
416
1341
417
1242
1241
1596
418
1271
1110
1216
196
992
-1
-1
1319
550
71
1528
583
917
1529
1049
1324
1483
1547
358
169
1328
357
1546
674
123
551
1428
548
1343
1398
1238
323
1089
598
259
125
1571
1501
1187
616
339
1770
278
264
335
1769
1773
607
1456
1667
510
1080
1190
1141
806
538
1216
371
1572
1035
370
309
79
452
1661
102
430
988
210
517
1194
504
10
838
1477
1777
158
723
104
379
1717
325
1288
378
1287
1635
846
1620
723
1537
1478
1463
786
1184
1184
114
155
433
660
85
403
546
1167
1474
387
1112
386
1166
1411
1784
1037
772
1492
1000
535
1079
1324
413
412
1432
1079
1392
1689
1086
1308
-1
-1
705
1519
1059
455
1696
942
714
-1
80
80
901
193
1185
95
225
72
1109
789
1424
1597
1109
788
1540
230
1208
1207
151
659
385
1166
1112
1412
1113
481
1550
203
1550
450
859
-1
920
-1
77
1205
1441
1556
1265
702
1643
502
1332
1574
175
906
1575
391
981
981
390
1049
52
1513
827
1232
1790
634
349
1596
1579
1578
419
350
351
1424
810
417
1272
523
1076
105
1047
457
456
1631
292
1117
585
1438
681
1250
1591
465
1680
1269
1166
1270
1705
714
1593
866
-1
-1
-1
-1
17
1107
243
430
712
373
429
1782
15
1296
533
1634
32
434
1167
384
59
1169
433
840
1757
50
843
78
767
1143
1025
165
984
1654
1038
1116
292
695
885
1061
483
1784
515
1448
959
249
112
1629
795
87
892
1672
6
1444
1010
1672
209
1251
160
1251
1583
1252
1470
731
907
1472
1273
1711
406
451
1410
450
1551
288
927
505
372
894
979
135
1626
455
1683
454
395
285
75
1730
421
875
421
26
1496
683
1462
1725
142
1195
519
1580
142
1611
764
1307
-1
1611
1305
878
317
520
1071
829
1747
424
1567
1564
1680
1422
1449
658
983
532
1708
743
1707
976
1048
736
1048
1528
60
730
574
131
270
1220
574
63
1767
1141
284
1765
1345
1071
857
967
857
1604
1132
53
1624
304
1193
699
160
984
480
254
479
1039
1220
883
405
882
-1
873
-1
694
886
440
485
1098
496
1545
484
573
1567
487
752
486
1413
199
489
-1
1161
1044
488
258
16
1723
1361
1008
16
28
493
1362
1097
27
29
492
1524
-1
-1
-1
1525
-1
484
1612
343
1612
899
342
313
1015
555
554
529
1298
1267
118
501
500
954
1099
410
567
905
567
1644
1125
375
1403
211
452
732
889
612
965
106
97
1077
611
1480
1250
585
821
1245
1117
368
1668
915
268
224
104
1526
631
190
649
1754
1606
1390
-1
1102
1390
1103
441
890
517
308
516
307
374
1724
150
108
322
460
684
463
1121
669
745
113
1118
154
741
1578
1230
419
114
1495
564
1260
1349
326
1261
1349
1262
527
1260
325
526
1559
529
1556
528
1027
499
1144
164
1157
1159
1227
1155
1713
533
467
1622
432
532
1447
1589
1785
389
1448
42
1200
318
1050
1200
1051
180
196
370
810
810
1035
1218
1553
1638
1199
1638
562
1120
156
110
710
110
877
318
620
53
545
544
925
814
385
1491
660
1491
-1
-1
689
33
360
169
1395
171
354
551
38
802
360
550
1296
298
1780
1780
222
1782
555
499
1163
1557
554
498
557
923
-1
1593
556
-1
1223
37
559
558
951
164
87
175
561
560
1517
249
563
1609
541
1608
562
830
524
1451
241
1451
104
848
1537
1290
1126
502
503
174
1042
1221
575
731
1040
272
48
67
163
242
962
934
1196
-1
971
1196
972
485
471
575
472
574
271
568
277
1418
252
195
277
96
1072
580
94
273
1435
48
578
1415
93
1415
655
1067
1326
255
1323
355
1732
692
331
839
840
508
681
422
1212
291
76
291
1213
1116
1002
817
229
97
1543
105
936
636
186
1082
1357
1377
261
1702
1211
686
340
261
1357
671
1378
1084
596
279
595
698
1192
210
989
1238
1433
1398
362
600
1791
1310
869
599
253
738
1517
975
1516
1737
1517
1549
755
-1
761
-1
293
606
1751
1442
5
605
778
367
197
1309
197
1087
1439
968
610
242
609
1132
1093
612
507
1683
966
506
611
244
804
1
1055
941
615
616
1188
614
364
615
1751
181
618
179
617
826
1464
-1
-1
250
1297
544
1204
1295
166
1294
283
63
623
1510
622
194
813
1075
185
812
629
334
1279
96
251
184
1279
112
629
1173
182
185
628
625
868
631
1310
512
1527
630
1303
280
186
636
937
110
1599
635
415
634
828
919
590
633
637
89
636
187
133
1067
661
274
1177
65
1468
1510
902
1466
1465
-1
914
92
643
642
1758
1489
897
1458
895
896
900
954
336
836
972
1114
184
1736
1278
184
1115
230
513
650
649
1607
1209
652
958
962
66
651
1709
1497
1374
302
1374
1587
-1
581
656
274
655
1416
1300
658
1577
982
1576
657
467
1490
403
1421
384
546
973
65
662
638
661
1228
951
664
1775
1706
1237
663
129
853
1105
666
118
1268
665
832
1282
979
679
927
978
1139
670
520
669
1140
1051
594
672
1383
671
1358
186
326
762
159
359
1348
68
998
893
141
685
1340
1372
1254
1256
108
1253
108
680
1178
668
894
90
1603
678
423
1738
585
1738
91
292
458
1670
1388
1257
519
1724
1339
676
998
1337
593
1029
1695
1626
1682
1695
1694
779
1394
1022
548
1678
191
1420
248
1091
1203
294
248
583
-1
-1
268
1742
1239
483
1445
1063
439
697
1055
139
1
696
1065
305
699
596
698
1158
478
98
701
9
700
1632
1047
1172
1561
409
705
1557
1518
177
183
1519
1265
703
394
1096
854
22
1498
708
190
707
126
1607
205
1639
710
263
709
542
831
204
205
1129
430
1093
51
1595
1592
426
396
51
-1
-1
716
715
952
902
1748
876
945
1749
1715
217
-1
-1
855
-1
-1
35
1225
906
87
797
111
250
377
381
724
723
1479
268
726
1441
1135
314
725
1294
792
-1
1259
1258
805
1728
805
1497
806
742
1614
471
448
569
1042
149
1404
505
1194
307
889
281
1182
1720
1720
816
948
737
119
469
60
120
736
1516
601
739
738
976
1007
-1
-1
1081
522
1274
1342
132
189
730
468
744
121
743
1709
1148
1710
521
746
745
1119
134
748
964
1044
124
747
258
750
1599
869
780
749
165
752
1430
1564
1562
751
486
754
1203
1453
295
753
190
603
1687
759
1151
300
1065
758
1776
1089
1434
757
1509
1333
760
755
759
1334
-1
1153
-1
604
673
1483
115
791
115
1328
461
765
234
764
1455
18
1759
1761
841
1758
841
436
1485
1487
122
1484
770
988
122
771
769
770
1489
78
388
773
1391
772
930
-1
775
86
315
57
21
774
777
227
121
1095
776
1147
606
1443
779
3
778
688
1598
750
1025
100
828
1598
783
1313
1354
335
782
1236
214
1084
1335
994
1236
1146
382
1464
41
1699
1719
41
231
789
401
788
399
1134
174
1126
1778
1321
763
903
266
-1
727
338
1175
1075
1074
813
1004
443
796
798
795
1630
111
969
798
722
797
1150
795
1181
281
886
35
1181
866
1678
1394
1429
1427
551
1320
1522
1521
940
147
1522
613
728
729
1142
369
729
1186
-1
-1
1671
55
1408
809
1187
1502
808
538
539
418
1217
137
114
813
625
1115
794
624
812
815
1330
545
1329
814
303
735
817
1003
816
1721
588
1314
859
858
1422
820
992
819
1681
1320
1244
509
1213
226
128
1243
1301
1176
1299
957
1642
1301
1700
860
1533
1001
861
618
828
1354
414
781
827
635
464
830
1637
829
1436
563
1701
711
168
1030
667
311
1752
127
1056
858
1573
1504
1538
836
337
835
1545
646
1327
1326
904
1476
376
903
584
1652
1249
842
435
584
767
766
1757
1756
840
1650
844
1343
436
1397
843
1756
1704
269
846
380
1636
845
848
236
241
238
847
565
123
850
38
881
71
849
-1
-1
259
31
1569
288
1568
31
665
706
1789
855
719
854
86
857
1746
1605
475
856
476
1409
834
818
818
203
406
825
861
1588
860
1699
826
896
895
192
864
898
-1
246
863
865
342
864
-1
867
427
800
886
17
866
1647
295
630
1790
600
749
871
1325
1679
256
870
1419
873
1401
883
1359
872
482
-1
1686
1359
876
457
321
717
1531
875
1198
878
543
877
463
1050
1744
144
1739
197
1774
1086
-1
850
1317
-1
-1
481
884
481
872
1551
883
1104
1446
440
282
483
867
799
888
-1
-1
1620
887
1479
890
505
733
309
889
516
1010
0
6
25
444
920
675
1602
894
679
453
893
862
1506
644
130
862
645
-1
644
-1
1457
1396
863
497
900
192
899
1613
645
902
194
397
640
901
716
904
838
791
116
903
837
1331
502
1431
721
1331
411
271
908
448
907
1615
1473
910
1097
1362
316
909
9
1239
912
17
911
913
-1
101
-1
912
915
642
47
510
914
1469
917
1232
918
83
916
355
919
60
916
120
918
635
407
892
1019
1018
6
1009
1380
95
1373
1379
-1
556
1459
1252
303
304
1459
545
927
1179
149
668
926
452
929
321
26
1535
928
1275
345
931
773
930
1617
-1
933
297
1568
296
932
1268
935
67
571
958
58
934
1028
937
590
936
1660
633
939
1400
111
1127
938
960
941
1054
803
614
940
1442
943
395
177
285
942
1014
1534
4
945
321
944
717
13
947
949
946
1426
228
949
328
735
1665
948
946
951
162
330
559
950
662
1465
1467
716
954
118
107
501
953
645
956
1242
56
1241
955
113
66
824
333
333
935
651
960
442
251
1630
959
939
310
62
242
571
62
651
964
1786
1715
747
963
1664
1013
1165
506
1012
612
285
1131
48
475
1131
609
67
1149
797
1122
54
1149
1214
972
572
1376
573
971
646
-1
660
-1
1601
-1
1057
980
601
206
980
469
739
239
1422
1277
979
668
1662
453
978
667
981
976
975
412
413
980
1673
657
1708
1673
1508
467
1311
438
479
1645
230
188
1712
20
226
226
216
1123
989
374
769
597
988
1344
1034
137
1218
137
1356
297
993
353
819
1318
992
1319
214
785
995
1085
994
213
997
1762
211
1767
996
109
999
675
685
1603
998
1370
1053
1447
389
1052
826
181
1003
588
1543
816
1002
13
1005
264
794
88
1004
1114
1007
88
265
119
1006
739
1722
491
1018
14
1722
921
445
1011
891
1010
1768
12
1013
966
220
64
965
1012
1015
220
943
498
1014
1518
1623
53
1298
1558
1560
7
1019
921
1008
920
1018
1437
208
1021
298
1020
1633
1781
689
169
1023
33
1022
1546
99
100
1025
437
1024
780
1027
1558
148
529
1026
1623
1659
936
1083
686
1210
1082
1031
1281
832
1701
1030
262
1777
1033
1321
1032
1778
44
1740
1355
990
371
1740
539
1037
1785
178
388
1036
345
1039
438
1645
480
1038
131
1470
1041
569
1040
289
153
1068
568
731
1068
93
1222
1045
489
747
1524
1044
1663
1047
57
316
420
1046
701
1049
470
469
356
1048
413
1051
536
878
537
1050
670
1589
1001
337
1588
1000
1493
1055
1
940
696
1054
614
1503
833
1057
-1
1056
974
1059
147
1266
1523
1058
394
1061
1445
91
440
1060
1742
1627
1665
167
695
1627
291
1065
1100
140
756
1064
697
1067
40
93
638
1066
581
1069
1043
1042
272
94
1068
1283
272
1608
1435
464
475
1073
578
273
1416
1072
163
1075
794
339
624
1074
793
1632
1077
420
1076
1731
507
116
1079
1476
1078
390
391
1081
368
1466
49
1080
740
1083
591
1029
1358
1082
1028
1085
595
784
305
1084
995
1087
880
392
608
1086
1744
1089
324
128
362
1088
757
1091
1420
1454
294
1090
691
1093
243
310
712
1092
610
1095
1106
308
243
1094
777
1788
706
27
909
1788
492
484
1539
1099
1613
1098
501
1101
276
1064
195
1100
300
1103
514
1382
515
1102
157
1105
31
884
665
1104
1360
1107
309
1094
102
1106
429
1423
1109
84
1108
400
399
1697
352
1111
1168
1110
84
386
404
1207
151
404
1168
1115
647
1005
648
1114
812
1117
439
587
422
1116
509
1119
521
43
746
1118
1139
1121
317
541
520
1120
134
-1
-1
969
1124
1712
987
1622
1123
222
1126
503
202
790
1125
566
1399
939
1128
277
1127
251
1604
1130
712
1129
1658
311
1132
968
967
610
1131
476
1134
349
1541
1597
1133
789
1136
1295
725
298
1135
1205
1138
1285
276
334
1137
1278
1140
669
1119
670
1139
290
369
473
1142
805
1141
109
1144
437
1223
99
1143
530
1146
99
306
1353
1145
785
1148
310
777
62
1147
744
1150
969
970
798
1149
1225
1152
756
1406
1154
1151
1333
1548
761
252
1687
301
1152
1156
160
531
209
1155
1177
1247
306
530
699
1247
1159
1160
531
1158
1228
1159
164
-1
319
488
1163
1440
219
77
1162
554
1291
64
314
1291
347
965
425
403
387
433
1411
385
1233
1111
1113
434
1233
1412
1171
1753
1234
127
1170
59
1174
702
1173
1172
1266
628
1175
1172
185
1560
1174
793
823
332
274
639
332
1156
1179
679
90
926
1178
150
1554
-1
-1
1182
799
800
734
1181
327
1229
41
56
1229
383
382
1186
398
1595
302
1185
806
364
809
39
39
139
615
-1
-1
25
1191
369
1594
63
1190
194
1193
304
596
1460
1192
478
1404
375
733
1403
149
459
1197
572
573
-1
1196
343
156
1199
877
1198
540
317
1201
536
537
187
1200
42
295
1648
1203
753
1202
691
1205
620
1330
408
1204
1136
1514
1475
1474
402
1514
1112
1209
402
231
1515
1208
650
1211
1659
1029
168
1210
592
1213
586
215
587
1212
821
-1
-1
970
1216
1698
1573
352
1215
370
1218
811
1272
990
1217
539
1771
37
1224
472
1771
480
1222
329
568
40
1221
1043
1224
558
1143
1219
1223
254
1226
721
1150
1332
1225
45
1228
65
531
662
1227
1160
1230
1184
1183
1242
523
1229
1232
83
1648
916
1231
415
1234
1168
1169
1697
1233
1170
1236
214
1770
785
1235
783
1433
664
1238
361
1237
597
694
1240
911
1239
1743
101
350
956
154
350
1230
955
1244
822
1246
216
1243
821
1246
1480
509
324
1245
1243
1248
1157
1158
213
1247
305
1649
839
1250
508
1249
423
446
447
1460
924
447
161
1254
678
1369
346
677
1253
1365
-1
1388
677
1365
1257
1670
684
1256
1669
1496
728
1260
241
727
524
1259
527
1263
1262
525
1261
1495
526
1494
1261
159
1452
1494
1289
409
705
1266
1173
1265
1058
1268
500
287
666
1267
933
1590
1421
425
1474
1414
425
1272
1579
351
419
1271
1217
449
1274
154
1273
1473
741
1276
14
929
1723
1275
145
-1
-1
977
1279
648
1138
627
1278
626
-1
-1
1502
1030
1702
1282
667
1281
312
1284
1070
1436
94
1283
273
1286
140
1137
245
1285
334
379
46
-1
1350
379
36
1290
1536
1264
566
1289
44
1292
1165
1164
1426
1291
1293
1294
348
1292
621
1293
726
1296
621
1135
431
1295
552
1298
620
77
1016
1297
499
1300
333
823
58
1299
656
1302
823
824
332
1301
1582
1381
632
89
1381
-1
280
1307
-1
462
1307
1675
81
461
1306
1305
1610
393
1773
1455
607
1651
247
599
630
247
984
253
335
1735
1313
782
1312
52
1315
818
69
117
1314
-1
123
68
1317
881
1316
-1
1500
-1
993
1320
354
993
802
1319
820
1322
791
1032
115
1321
170
1324
116
582
390
1323
356
1326
171
870
837
1325
582
1328
171
837
358
1327
763
1330
815
208
814
1329
1204
1332
905
906
410
1331
1226
1407
759
1152
1407
-1
760
1336
278
784
7
1335
148
1338
686
344
340
1337
1339
1363
685
1338
1363
-1
676
1342
189
349
1615
1341
741
843
361
1344
78
1343
989
283
1346
474
1345
1511
47
1348
1547
1482
674
1347
1716
1717
525
526
1716
1288
1352
1352
36
-1
1350
1351
68
1354
100
1146
827
1353
782
1034
138
1356
991
1355
1569
1358
594
591
672
1357
1083
1402
873
874
1401
107
1105
1362
490
146
492
1361
909
1364
1340
1339
344
260
1363
1366
1255
1256
-1
1365
346
1368
-1
346
-1
1367
201
1370
201
1253
341
1369
999
1372
-1
341
-1
1371
676
1374
-1
922
653
654
1373
1376
-1
1617
-1
1375
971
1655
344
591
-1
1655
594
1380
923
225
-1
1379
922
1382
1304
1303
-1
1381
1102
1384
-1
671
-1
1383
280
1386
-1
343
-1
1385
342
1586
1497
1496
1461
683
1255
1457
-1
-1
1391
514
515
-1
1390
772
1393
-1
392
-1
1392
1774
801
1395
689
1394
1679
549
898
-1
-1
1398
844
232
361
1397
598
1400
1127
252
938
1399
293
1402
1360
872
1505
1401
1359
1404
1195
504
732
1403
1194
1406
39
1408
139
1405
1151
1408
1334
1333
808
1407
1405
1572
858
1410
1741
1409
450
1412
387
1167
404
1411
1169
1414
1475
487
1270
1413
1566
1416
581
580
656
1415
1073
301
1418
195
1417
1688
576
1420
294
871
1090
1419
690
1269
1450
659
466
819
977
1424
1108
196
418
400
1423
1426
13
347
947
1425
1292
1428
802
1565
360
1427
1429
1430
801
1428
751
191
1429
1432
1574
905
391
1431
172
1776
1237
598
1775
758
1674
1436
1071
579
830
1435
1283
-1
-1
1019
1439
423
1652
1739
1438
608
1441
314
1162
725
1440
408
1443
605
941
778
1442
286
-1
445
-1
1446
695
1060
1628
1445
885
1000
534
1448
535
1447
441
1450
1591
466
1421
1449
239
1452
565
564
158
1451
1264
1454
200
753
1563
1453
1090
1456
1309
765
367
1455
1610
1458
1389
898
644
1457
246
1460
924
925
1251
1459
1193
1462
1388
-1
458
1461
1586
1464
382
70
786
1463
618
641
952
-1
1467
641
1080
952
1466
1468
1469
640
1467
1511
1468
915
1471
1040
448
289
1470
1472
1473
449
1471
1274
1472
908
1206
1270
386
1206
1499
1413
1477
838
1078
376
1476
172
1479
381
202
724
1478
888
1481
508
1245
1649
1480
233
1483
326
1347
762
1482
357
1485
769
307
10
768
1484
1487
284
1488
1764
1486
768
1489
122
1486
771
1488
643
1491
659
239
546
1490
547
180
1493
389
1492
1533
1053
1495
1263
1264
1262
1494
524
1258
458
1387
1387
653
729
1499
707
199
1475
126
1498
-1
1318
71
1502
364
1618
809
1501
1280
1504
1056
69
1752
1503
834
1506
130
1402
895
1505
1686
-1
1703
-1
1509
1713
983
20
1508
758
1511
623
640
1346
1510
1469
1513
52
207
414
1512
120
1515
1206
1207
126
1514
1209
265
602
738
601
602
561
1519
703
1015
394
1518
704
1521
177
286
803
183
1520
1523
803
804
183
1522
1059
320
494
1045
320
12
495
1646
512
1606
1646
1653
631
1529
355
470
1733
1528
356
1531
1749
176
876
1530
75
1533
180
290
1493
1532
825
2
944
1535
8
1534
929
1537
158
1289
381
1536
566
1544
835
181
1098
1544
287
1541
188
401
189
1540
1133
1543
106
347
589
1542
1002
1545
1538
1539
836
1544
485
1547
359
1023
1347
1546
357
1549
1153
1688
-1
1548
603
1551
406
405
451
1550
884
1640
1747
1637
1640
540
156
1555
237
1180
266
1554
267
1557
409
528
703
1556
555
1559
1017
1026
1561
1558
528
1561
1175
1017
702
1560
1559
1563
752
200
191
1562
1454
1565
465
751
1681
1564
1427
1567
1590
1414
465
1566
486
1569
853
932
852
1568
1356
1571
-1
-1
319
1570
363
1573
1409
371
834
1572
1215
1575
411
1431
206
1574
412
1577
658
32
657
1576
1641
1579
417
522
1271
1578
416
460
1729
1581
142
1580
211
1583
209
1302
447
1582
1584
1585
275
1583
61
1584
1642
1587
1387
1462
654
1586
-1
1589
1053
860
534
1588
1052
1591
1269
1566
1449
1590
424
1593
713
225
426
1592
557
1595
193
1190
713
1594
1185
1597
351
416
400
1596
1134
1599
780
781
749
1598
634
1601
59
85
127
1600
974
1603
90
893
680
1602
999
1657
1129
476
204
1657
856
1607
513
1526
650
1606
708
1609
563
1070
562
1608
153
1611
1308
1456
462
1610
461
1613
497
496
900
1612
1099
1615
271
730
908
1614
1342
1617
345
336
931
1616
1375
1619
259
1501
125
1618
1750
1677
888
380
1634
208
299
1633
533
1124
1624
1016
1027
477
1623
279
1694
176
217
687
454
1692
1628
1062
1063
1666
1627
1446
1630
443
249
796
1629
960
74
98
421
74
1076
701
1634
1622
1021
432
1633
1621
1636
380
202
846
1635
1644
1638
1552
829
540
1637
541
136
1640
709
1639
1552
1553
1642
66
1577
824
1641
1585
1644
410
212
503
1643
1636
1755
985
1038
1754
1527
1526
1648
868
1791
1202
1647
1231
1650
1249
1481
842
1649
232
1652
331
1309
839
1651
1438
1527
1654
247
1653
1755
438
1656
1377
1378
260
1655
-1
1658
1604
1605
1130
1657
262
1660
1028
1210
937
1659
263
1662
373
311
79
1661
978
1664
2
1045
4
1663
964
1666
949
1062
328
1665
1628
49
173
368
510
173
92
1670
1258
322
683
1669
1257
1672
25
807
444
1671
445
1674
983
982
1434
1673
1707
1676
49
1306
173
1675
234
269
-1
1620
1679
801
690
1395
1678
870
1681
466
424
820
1680
1565
1693
687
1692
1685
454
611
1691
75
218
1691
1683
1731
874
-1
1506
1688
1154
755
1418
1687
1548
1690
198
392
-1
1689
-1
1692
1685
1684
1626
1691
1682
1694
1682
218
688
1693
1625
1696
687
688
395
1695
286
1698
1110
1234
1215
1697
1753
1700
787
861
1718
1699
825
1702
1031
831
1281
1701
592
1704
54
1507
212
1703
845
-1
426
-1
1707
121
663
468
1706
1674
1709
468
982
744
1708
652
1711
745
289
113
1710
449
1713
986
1123
1508
1712
532
1715
1748
4
718
1714
963
1717
1350
1348
378
1716
1349
1719
1700
290
787
1718
43
1721
735
734
817
1720
21
1723
1008
1009
490
1722
1276
1725
518
684
150
1724
459
1727
19
24
29
1726
1779
1729
322
728
1580
1728
109
1731
74
456
1077
1730
1685
1733
256
583
255
1732
1529
1735
264
88
1312
1734
207
1737
265
647
602
1736
112
1739
682
681
879
1738
1439
1741
1034
1035
138
1740
1410
1743
694
1061
1240
1742
143
1745
879
1087
143
1744
198
1747
136
856
1552
1746
464
1749
717
1714
1530
1748
718
1751
5
1619
605
1750
616
1753
833
1504
1170
1752
1698
1755
1646
513
1654
1754
1645
1757
842
844
435
1756
841
1759
767
643
235
766
1758
1761
235
234
766
1760
50
1763
103
996
1765
1762
1766
1765
1487
103
474
1764
1763
1767
283
1763
473
1766
997
-1
-1
1011
1770
339
366
365
1769
1235
1772
1219
1220
162
1771
270
1774
367
1308
880
1773
1393
1776
1434
663
757
1775
1433
1778
1032
376
1033
1777
790
-1
28
1727
1781
553
552
222
1780
1021
1783
431
553
215
1782
216
1785
388
441
1036
1784
534
1787
11
963
30
1786
124
1789
1096
1097
854
1788
315
1791
869
415
599
1790
1647
