1519
1591
-1
1667
842
1205
1365
1065
-1
427
426
1256
403
1740
402
864
362
1427
265
1660
1641
982
413
767
177
-1
-1
131
103
1540
250
1104
1384
787
1245
970
473
488
100
211
127
528
1369
245
1067
149
1476
497
1650
1113
440
77
1231
500
960
686
1026
490
491
62
1381
904
905
965
178
1556
594
1350
966
1164
1632
416
613
40
415
345
970
182
1454
1537
128
1615
188
945
228
1791
892
1199
625
627
560
1184
596
523
340
259
247
290
1159
194
785
55
1527
1086
193
1345
660
618
1133
1678
630
-1
1694
1693
99
1719
350
330
1225
1240
1634
1712
24
704
1426
329
243
767
480
407
1692
413
576
1597
142
699
563
1385
722
564
1007
1481
179
941
1687
909
-1
1640
411
1267
440
1114
171
530
867
754
54
1523
527
644
585
137
818
819
52
1437
695
33
1231
359
1564
319
96
859
901
902
1233
122
436
666
1119
461
821
1718
1406
794
19
1607
854
1556
821
460
716
275
196
957
1258
742
956
260
261
1298
1671
68
1487
1299
67
430
1539
735
1777
1234
775
370
635
533
230
1325
1778
862
-1
-1
935
409
476
580
747
866
433
-1
-1
1419
359
17
1436
1601
698
146
797
1404
1385
544
854
1363
933
932
1685
600
765
1737
1228
1087
824
1442
1472
1724
484
962
374
836
377
344
1525
730
384
724
1785
192
143
174
315
1190
1136
238
132
921
1132
748
93
240
1615
92
137
805
643
934
152
627
57
351
705
888
1379
682
694
986
1218
1534
38
1390
117
469
12
1029
291
622
1473
1123
360
9
1074
809
253
246
290
1564
912
1765
-1
-1
726
624
1239
625
1112
856
721
293
493
968
1749
651
249
1749
1211
1771
593
115
688
1379
207
1115
1397
1676
399
112
1398
1642
1671
263
1488
1212
100
489
468
495
171
1491
151
1663
1030
561
804
665
995
1387
890
59
510
219
1494
1192
519
1084
129
301
1781
1278
1015
583
607
13
1374
609
1412
379
26
216
570
124
531
294
662
1073
9
204
91
1720
388
1514
397
1677
1325
1235
438
357
136
148
135
959
639
1030
94
53
1053
250
552
1135
927
546
532
1352
1256
490
855
1450
577
44
565
89
1007
1270
248
1102
862
1101
255
841
219
79
930
760
243
1572
631
1475
135
1475
15
356
1247
-1
-1
119
1598
1489
1251
626
95
-1
298
-1
614
1698
1696
331
917
358
554
1545
872
808
706
238
1639
803
213
587
470
829
270
1518
592
1187
975
461
324
1620
1422
264
1423
1504
279
1504
646
1503
1173
678
1574
619
1171
1625
1108
620
1341
378
1456
796
1189
315
375
1498
1257
118
50
1093
471
214
812
812
675
685
1085
271
89
1526
1480
1032
1784
382
311
996
8
1002
21
781
508
47
1482
-1
466
1178
1176
1071
1684
1647
1242
1415
25
756
377
341
1591
1003
215
333
1570
795
1153
403
1646
-1
863
-1
27
496
1110
1273
1500
1195
1477
599
710
530
529
448
1642
1006
89
1270
576
34
1011
311
33
1786
462
-1
779
274
64
778
1590
1352
1143
857
1141
822
442
660
515
1563
1567
774
439
229
1329
-1
652
464
356
754
373
876
131
1453
379
514
1182
1046
467
113
1049
256
994
665
558
550
1450
852
349
1375
1068
482
13
245
726
727
1732
1035
1267
158
1004
654
172
-1
-1
184
1339
691
129
818
527
610
560
380
1183
338
123
146
1741
967
1578
1741
1579
1232
500
951
816
433
842
299
747
1793
1364
866
530
864
1648
383
723
1483
1470
254
894
28
515
201
262
894
770
72
235
876
543
1073
858
705
809
1681
1659
1688
1319
670
1026
881
1512
230
1511
881
1400
1587
692
691
1719
91
157
1566
512
880
395
93
398
-1
-1
1009
988
586
1013
147
42
561
583
1016
1523
14
211
1015
104
1146
1757
1161
32
1417
1547
144
1038
1210
110
255
336
10
138
1052
752
506
1695
732
1632
1145
104
917
1548
791
227
145
1547
249
207
1182
1048
-1
-1
1046
1083
519
1081
788
31
1339
66
742
1551
280
955
66
229
1323
1310
116
1625
1626
1421
163
1217
605
6
310
507
1237
1557
964
965
972
1383
939
1713
417
1766
1383
591
160
1393
687
688
174
273
1514
1098
1399
272
1201
196
801
798
64
947
996
717
1637
1446
884
517
518
745
1166
1168
745
164
1165
677
261
1212
1773
744
1704
1622
603
915
1717
490
1395
285
1622
1177
1577
284
286
1070
1605
285
345
1272
1466
347
495
999
1757
450
1159
32
358
104
1223
526
101
707
1244
365
1735
1502
109
130
1256
1037
1395
531
1179
371
1529
1595
1312
1314
-1
153
623
814
1277
1203
223
1764
1105
875
711
125
452
1105
1765
911
312
656
1261
1313
1312
1199
909
908
-1
1279
1329
958
1555
670
369
1528
371
502
1321
-1
431
265
1640
1491
194
1789
176
1302
303
-1
1655
463
1363
977
1462
569
169
90
563
317
470
960
1025
828
316
342
923
782
1515
901
57
1335
1614
1530
1530
425
780
1157
981
1028
629
628
1029
1702
162
659
1620
704
1424
1431
1436
1432
1425
1019
1431
696
615
616
1629
41
696
1100
39
1368
1240
155
1149
736
737
739
1680
185
1447
1089
387
985
1218
574
548
1103
250
1054
545
547
509
597
219
1457
1572
1458
761
786
1561
31
1746
1271
183
1747
420
318
1377
1181
1049
1533
87
346
457
287
25
456
1274
344
1195
288
743
1509
828
1508
1506
210
1509
1389
38
706
385
1389
96
1032
1336
964
1006
1643
-1
1561
355
1340
713
1342
354
203
1623
149
1623
640
135
290
1162
155
77
1418
56
102
1063
543
1123
1474
500
483
363
5
362
1373
1370
534
1441
1244
535
599
292
869
367
933
1507
1555
366
1066
369
1295
368
933
307
1594
71
517
308
296
718
1497
375
642
1568
1367
204
1498
86
757
372
170
957
713
928
1589
183
86
887
168
499
379
128
378
205
1458
1573
218
1570
761
931
176
1785
784
226
1649
1409
1290
88
1291
906
351
901
1713
1121
417
334
1536
1535
1536
1454
132
-1
-1
1683
-1
-1
1070
1097
1730
749
1142
1345
1143
856
1111
1140
856
1737
1736
991
1056
240
991
857
1044
133
512
511
749
1362
240
-1
114
1674
1246
1138
626
406
1460
726
602
4
839
186
4
1666
826
827
835
1703
444
641
1731
759
401
422
43
983
1115
673
681
74
1734
1238
604
1034
476
49
654
1639
1252
1024
446
7
43
447
1034
1599
1670
1631
24
1712
1407
680
23
386
1017
269
1121
1714
966
1743
922
1742
342
889
967
671
423
1154
479
407
1739
421
1440
479
1657
1617
935
321
1531
715
1027
1037
3
1590
1519
3
444
1100
1099
744
1774
1163
1538
69
667
1227
458
309
-1
467
-1
1204
223
76
1583
612
1059
919
638
1101
59
891
558
1077
509
553
1234
1778
134
1234
669
201
441
16
50
1088
440
494
199
1158
1716
1206
621
486
405
1225
428
677
1773
954
807
1669
412
477
481
413
1110
449
191
448
833
865
289
1758
1259
1770
455
900
1105
712
301
1693
712
1106
-1
-1
455
451
1771
454
1415
346
457
456
730
345
431
1539
897
896
822
892
1627
972
63
60
161
1627
195
1010
664
313
1656
746
740
572
203
738
1180
914
568
180
1036
432
1048
206
1550
999
118
100
1213
1093
159
1169
316
1169
172
961
685
686
961
1171
12
1094
619
622
1626
-1
997
715
74
410
1776
1658
806
447
1657
1691
1440
1691
422
423
481
1024
42
807
480
447
1371
211
1370
825
362
865
787
485
85
484
971
963
443
487
1114
486
1575
1094
678
489
12
488
1174
117
283
19
141
19
1718
1606
968
707
1467
109
1501
1196
495
1196
441
288
494
118
188
1616
1055
944
755
15
886
1746
887
714
886
378
17
222
361
1727
1668
1667
1201
948
308
639
949
631
847
849
-1
590
1127
506
251
505
820
1236
266
508
507
178
799
437
337
1053
1077
1612
122
1729
1097
397
397
1400
239
1451
554
920
886
1451
205
993
200
228
1391
990
992
277
1446
370
1288
277
871
258
124
1347
1721
818
789
569
570
692
1461
1192
1220
1553
31
789
1560
786
1465
1625
1672
1155
1488
1626
291
217
52
528
13
527
1016
755
945
191
225
51
191
295
551
130
1255
140
551
71
1327
1584
1723
364
787
1441
824
365
611
638
1062
539
538
1208
537
845
863
790
537
1483
924
541
1063
540
1358
859
876
1708
1611
231
1148
360
80
1386
1388
1387
337
1078
547
1388
139
337
546
549
549
927
335
547
548
1054
1396
209
1255
531
1396
532
1766
553
138
552
1051
437
837
156
513
1540
1542
1568
682
592
1129
1128
1126
590
208
436
801
779
778
800
597
218
30
120
1186
243
1193
1191
796
45
1193
315
566
1596
46
1008
1001
142
1269
564
567
566
-1
-1
1177
466
1069
1220
521
314
521
1221
129
850
728
1318
772
573
464
572
851
1624
335
575
1103
574
1219
985
193
44
1033
1479
142
1481
1336
1480
941
1369
1068
1428
1427
1376
75
582
1031
1183
1186
581
1573
126
244
584
583
1014
861
53
586
989
585
1706
242
860
830
159
1608
643
802
1036
-1
-1
557
505
1768
1517
270
1120
556
937
160
1675
1398
112
1129
22
595
594
1578
888
1347
1493
30
1493
338
560
599
1478
1468
190
598
365
82
1686
601
618
600
1144
1665
402
1447
1665
1448
282
1598
410
979
1663
910
265
909
1688
1662
608
1067
126
1510
607
860
962
610
127
609
1553
217
637
536
1059
434
1582
1076
703
24
1164
1058
154
1631
328
1434
1075
328
1076
1630
764
1716
1095
1715
601
35
166
474
620
1217
619
167
443
1207
628
629
101
474
298
1752
815
1559
107
750
29
1281
107
152
1732
400
95
1137
29
323
1575
621
1574
323
622
748
1710
36
1131
148
503
1668
1782
1277
1782
950
874
1791
1321
896
71
1595
1486
1485
847
-1
1208
611
1484
536
1209
435
1117
503
136
357
1624
958
952
405
1099
1644
826
372
588
644
94
1705
53
643
1307
1262
658
1423
647
164
646
704
1633
649
1282
1311
907
648
1306
1146
918
841
110
1750
840
653
1284
202
1283
652
1304
411
655
214
654
1641
813
303
1430
1019
1425
1432
1426
659
1156
645
1107
658
324
35
661
199
660
1346
893
130
1176
1180
1179
738
1405
768
769
462
208
121
666
59
665
1078
1223
1028
430
1263
1226
-1
439
1235
1324
234
1780
307
1684
1250
421
1683
1071
1654
913
674
408
673
1674
1676
1285
1331
173
1331
-1
1197
1167
445
280
165
488
1172
680
1408
1224
416
679
744
1463
936
408
936
556
97
1576
684
1646
683
1577
1072
1197
472
173
472
1198
18
1393
271
1188
271
1394
112
1307
-1
690
1261
689
-1
216
1340
237
237
1344
521
1411
1090
986
1413
98
926
55
697
698
1433
328
329
695
1438
1435
695
78
1011
1607
700
45
699
1356
1194
702
1602
992
1566
701
1729
1633
613
1165
325
41
647
232
96
706
157
705
350
492
708
292
707
1499
1243
1055
1477
1109
824
832
190
1694
-1
301
453
1694
452
1725
376
355
1745
499
1589
947
425
475
946
64
799
1636
276
1511
371
1636
1399
-1
-1
1069
1467
721
1735
720
1468
108
-1
46
-1
226
724
725
723
1549
88
1289
1334
723
106
212
401
212
1012
1246
1265
-1
571
1265
773
1656
457
87
1271
743
1041
1273
252
733
1407
732
1248
916
1001
1009
1130
1226
1264
69
1592
332
1448
332
1593
1406
663
465
739
738
915
332
741
464
867
772
740
746
260
65
1043
1042
731
347
281
429
680
1173
279
278
747
463
741
75
224
746
92
630
749
391
398
748
1200
751
624
750
1276
1490
251
1613
1769
1768
1017
1122
755
51
203
497
529
754
757
183
1525
374
756
1257
1731
1251
1617
406
1618
1760
1690
766
147
381
1690
339
1333
1289
-1
-1
1333
-1
1715
617
765
764
1651
82
760
1571
767
42
766
7
1601
664
1788
664
1756
-1
885
882
230
1214
885
1445
773
572
741
850
772
729
1567
775
201
774
1603
70
877
1611
777
1707
1150
776
559
1003
197
1002
559
196
781
1754
321
178
780
946
925
811
318
1079
1360
817
1548
785
382
784
1470
33
524
340
963
534
11
484
789
259
1084
523
788
520
791
845
539
254
1410
790
1106
793
1770
792
1260
1750
1402
1355
61
1401
1592
185
1461
169
562
1191
1194
79
799
274
891
716
798
508
801
559
853
274
800
558
803
1005
588
158
802
1253
1024
805
120
804
1253
94
477
1776
1023
1023
446
481
809
157
873
232
808
103
811
1080
1667
782
810
1378
813
173
172
1682
812
655
1138
1247
298
1137
623
1313
817
222
1728
1124
816
783
520
54
217
54
1722
1013
821
1557
506
63
820
60
459
823
199
822
897
980
535
84
710
1471
1373
483
1099
404
642
404
1100
1569
348
829
317
828
1510
159
587
1608
831
1170
830
1005
833
1109
710
449
832
1471
835
1544
1497
1542
834
404
1544
837
86
836
554
1452
1679
839
982
838
1680
402
841
651
1758
145
840
650
1
1668
223
-1
1495
-1
1520
-1
-1
790
1520
538
847
1486
1529
636
846
504
1762
1117
1283
504
1762
1303
851
773
571
573
850
1279
853
209
994
1351
852
800
855
62
80
141
854
995
108
393
394
198
1140
396
859
232
1064
57
858
541
861
587
608
1609
860
584
863
73
144
187
862
538
865
5
225
483
864
449
867
225
75
51
866
740
1375
1376
1428
1505
366
1364
871
1022
-1
1584
870
518
873
156
1541
921
872
808
875
1496
633
1278
874
300
204
542
231
1147
776
1161
879
1297
1308
1672
878
1156
881
1777
239
236
235
880
770
1215
883
1326
882
-1
1445
277
898
771
770
1512
499
498
514
1452
498
377
889
97
595
420
1748
888
891
122
1236
436
890
798
893
28
459
993
892
661
1790
228
229
1309
-1
1322
897
459
634
823
896
458
884
1287
1214
900
-1
-1
451
899
1693
319
58
385
58
1516
1742
904
1382
1390
20
903
906
939
1384
20
938
904
385
1200
649
1275
305
1275
1305
48
606
305
605
1662
1659
912
1106
302
105
1260
911
1673
673
1116
915
465
1178
739
914
282
917
1241
733
155
916
253
1699
919
650
918
1061
435
921
1453
513
91
920
873
419
923
967
922
1744
318
1360
540
1124
1357
1079
782
927
1136
694
139
926
548
376
929
1745
928
1726
1272
931
1457
146
381
930
1401
1065
1366
81
81
366
369
1734
95
1239
1733
74
424
681
937
682
936
1464
592
939
906
1233
268
905
938
1354
941
-1
940
578
47
943
1521
1649
-1
942
-1
945
497
1132
529
944
27
947
716
781
275
946
715
502
949
1118
948
1202
503
633
951
1230
950
1783
222
1644
953
641
952
1645
955
955
445
1703
261
954
953
957
66
1645
375
65
956
959
640
306
136
958
1284
961
18
316
472
960
471
1552
609
85
786
1552
485
1753
267
352
267
1754
21
1579
22
418
220
922
420
1500
492
109
1499
1274
1416
971
11
25
485
970
1465
460
973
267
972
1628
1032
975
1526
1628
161
1086
974
977
1411
1414
1344
976
314
979
1559
1489
1238
978
604
981
1158
823
322
980
1538
983
7
838
407
982
1740
985
1534
1382
334
984
575
98
1414
693
1089
1412
1537
989
242
1082
585
988
1031
516
1362
1730
1361
396
395
1563
516
701
1562
515
893
995
208
852
121
994
855
997
177
275
475
-1
996
999
1551
1042
468
998
288
1001
-1
1482
565
734
1000
1003
779
177
778
1002
184
1638
214
1170
802
1638
831
192
353
1007
143
1006
46
1009
565
1269
734
1008
241
462
1787
1789
1788
194
698
727
-1
-1
1522
819
242
584
1522
1706
1016
126
245
244
1015
528
753
1018
417
1017
1769
1767
327
1020
656
1019
1702
1262
1022
1585
-1
870
1021
-1
1034
807
806
412
804
480
1554
1507
317
234
1554
18
-1
426
-1
667
1029
322
1028
101
323
1185
120
137
581
1185
989
175
352
973
1479
1527
576
410
414
1023
1669
213
1252
1337
589
466
1175
294
426
1039
1210
248
-1
1038
-1
1524
1041
1043
1040
1533
731
1043
743
998
1040
1042
742
1111
1045
396
1044
1653
1056
206
1204
257
1048
1125
1116
467
1047
256
207
1380
343
1181
1378
1205
553
1767
1613
1612
251
1237
1054
138
509
336
1053
549
1653
709
496
395
1045
1616
1061
1700
1698
1582
614
1630
1060
611
434
1469
1059
1437
919
1057
1062
1061
1583
536
360
540
1064
1074
1063
858
2
932
1066
-1
1065
368
1068
14
607
579
1067
210
1070
568
719
390
286
1069
672
181
1072
1605
1071
684
1074
131
231
103
1073
1064
1076
615
1438
616
1075
612
1078
437
510
545
1077
666
925
783
1080
810
1079
1727
1082
258
1184
1722
1081
988
1084
258
1721
124
1083
788
1086
1188
174
975
1085
34
1502
1736
83
1501
1229
441
1090
987
334
693
1089
1219
-1
1092
1334
1091
-1
1648
1094
469
171
473
1093
487
1096
617
1206
1113
1651
1095
511
391
1678
1677
1133
272
428
826
641
428
330
827
1546
145
435
144
1546
1209
1104
336
574
10
1103
1381
300
302
452
911
792
453
1155
659
1108
167
1107
1421
1110
709
832
188
1109
448
1652
1044
393
1478
1652
108
16
1096
1114
50
1113
486
1116
408
113
913
1115
1047
848
1118
639
1117
1763
948
1120
60
1127
1187
1119
591
386
418
1122
753
1121
1128
102
361
1124
924
1123
817
-1
-1
1047
557
1517
1127
505
1126
1119
1350
557
1122
1349
594
556
-1
-1
734
1710
631
1134
1709
92
944
1098
36
1134
1202
1133
1131
1136
139
1386
926
1135
90
1138
815
627
400
814
1137
1140
1144
1738
857
1139
393
1361
1142
198
1391
392
1141
1144
198
392
1139
1143
601
1146
253
1249
246
1145
650
1610
877
1420
543
1610
1473
1150
1368
331
777
1149
1162
1152
1367
1569
1707
1151
1368
1739
186
1154
1153
1647
421
1156
1107
525
658
1155
879
1158
322
1207
980
1157
442
1160
32
289
1418
1159
1565
1162
247
877
358
1161
1150
1164
429
1166
613
23
1163
1166
279
703
278
1165
1163
1168
677
1174
1774
1167
278
1170
471
470
1004
1169
831
1172
473
166
678
1171
1216
165
745
1174
489
1173
1167
1176
1037
1337
662
1175
180
1178
568
284
180
1177
914
1180
663
295
465
1179
662
343
1050
1182
256
1181
206
1184
218
581
30
1183
1081
1186
1030
1031
561
1185
582
1188
161
1120
1085
1187
687
169
1462
1190
90
1189
1413
562
797
1192
522
1191
123
1194
562
563
797
1193
700
1196
347
189
494
1195
493
1198
685
676
686
1197
1320
1282
29
304
1281
907
750
1202
502
273
949
1201
1134
299
-1
-1
1205
433
1046
1
1204
1050
1207
443
1095
621
1206
1157
1209
637
537
638
1208
1102
1211
249
1038
111
1210
1772
1213
117
280
469
1212
1550
1215
771
898
882
1214
-1
1217
1503
1172
264
1216
620
1219
335
98
575
1218
1090
1221
569
522
570
1220
1348
1487
1223
1264
1222
291
667
1225
1704
679
444
1224
39
668
735
1227
-1
1226
431
83
1685
1229
1088
1228
1650
1231
1764
950
17
56
1230
1233
221
1714
58
1232
938
70
438
439
134
-1
669
1237
507
890
266
1236
1052
1558
979
409
107
1558
934
1241
331
39
916
1240
1408
1243
182
1245
1416
1242
708
1245
364
292
11
1244
1242
1247
400
727
814
1246
150
1695
1249
733
1248
1699
1145
671
1760
1439
758
152
1733
1253
412
1035
805
1252
803
-1
-1
1531
1351
532
550
294
140
3
1258
170
757
65
1257
1524
1260
1565
450
912
1259
793
1262
690
303
645
1261
1020
1264
668
1300
735
1263
1222
1266
728
729
-1
1265
1365
213
1268
49
1267
1670
1492
1597
566
1008
1596
193
143
1272
730
341
287
1271
929
1274
189
731
969
1273
346
1276
907
908
751
1275
1661
1496
299
632
1495
875
125
1317
306
851
1317
-1
1330
1282
1200
625
648
1281
1199
1284
653
848
652
1283
959
1293
675
1681
1293
-1
1332
1288
-1
898
-1
1287
518
762
725
1290
-1
1289
384
1292
-1
384
-1
1291
1786
1294
1286
1285
-1
1293
1687
1780
-1
368
1779
1319
-1
1298
-1
878
-1
1297
67
1300
-1
68
-1
1299
1263
1755
1601
1600
1429
312
-1
1304
-1
849
-1
1303
653
1306
-1
908
-1
1305
649
1308
689
645
-1
1307
878
1310
895
1790
-1
1309
262
1312
-1
648
304
297
1311
1315
304
815
1315
-1
297
1316
1314
1313
-1
1315
1752
1318
1280
1279
-1
1317
571
1296
234
1320
-1
1319
1198
1322
309
634
-1
1321
895
1324
-1
262
-1
1323
669
1326
134
72
-1
1325
883
1328
-1
533
-1
1327
1485
1330
202
306
-1
1329
1280
1332
676
675
-1
1331
1286
1334
762
763
725
1333
1091
1353
320
1753
352
578
1353
1338
1036
1175
-1
1337
-1
1340
216
259
691
1339
354
1588
168
1586
1588
1587
355
1344
1586
1456
692
1343
977
392
1346
35
1345
1392
661
1348
596
519
1494
1347
1221
1350
1129
1518
22
1349
1128
1352
1255
853
140
1351
197
1354
1335
1336
-1
1353
940
794
1356
1606
1355
1404
700
1359
925
1744
541
1359
1515
1360
1357
1358
783
1359
924
1362
1141
991
990
1361
398
1364
81
313
869
1363
224
1366
2
1266
932
1365
1655
1151
1708
373
1149
1152
330
1370
14
579
482
1369
363
1372
1374
482
1444
1371
1373
825
1372
363
1371
1581
127
1792
868
210
868
1793
580
1378
343
1747
1050
1377
811
1380
113
97
1049
1379
1748
1382
20
1104
903
1381
984
1384
268
269
905
1383
10
1386
80
45
544
1385
1135
1388
545
121
546
1387
544
1390
350
351
99
1389
903
1392
1142
516
1346
1391
1562
1394
687
270
688
1393
1464
1449
295
283
1449
550
551
1398
114
1761
593
1397
115
1513
273
718
512
1513
236
1403
795
931
1403
794
1593
1404
1402
1401
1356
1403
79
1406
1717
663
61
1405
737
1408
416
732
679
1407
1241
1410
1549
383
791
1409
1521
1455
693
976
1455
128
987
1414
694
1190
986
1413
976
1416
456
182
969
1415
1243
1418
1420
247
359
1417
1160
1420
77
1474
1417
1419
1147
1422
264
1108
1424
1421
162
1424
646
163
325
1423
1422
1701
327
657
41
1619
657
1428
580
5
868
1427
579
1430
1302
1755
656
1429
1600
1600
326
327
657
326
1433
1434
696
1432
615
1433
1435
1436
697
1434
326
78
1435
1438
55
1060
697
1437
1075
1440
1250
1618
423
1439
478
364
1442
535
1441
1443
84
1723
1580
1442
1580
1372
1472
1446
884
771
517
1445
276
1448
602
333
603
1447
736
1450
1396
1395
209
1449
141
1452
513
514
837
1451
887
1454
205
920
388
26
1453
1456
1412
1411
168
1455
1343
1458
338
930
339
380
1457
1759
1684
1683
401
1759
1635
1462
796
522
1189
1461
314
1464
681
1675
937
1463
1394
1466
524
971
1726
1465
287
1468
720
492
721
1467
598
1470
1484
1060
227
1469
785
1472
825
833
1444
1471
84
1474
102
1148
361
1473
1419
1476
149
148
15
1475
1709
1478
190
709
598
1477
1112
1480
1033
577
175
1479
578
1482
47
577
179
1481
1000
1484
227
539
1469
1483
637
1486
636
1328
846
1485
635
1488
1222
68
116
526
1487
1490
151
978
1664
1489
751
1492
119
310
1599
1491
1268
1494
597
596
123
1493
1348
1496
1278
843
874
1495
1277
1498
372
834
170
1497
374
1500
969
708
189
1499
968
1502
1088
493
293
1087
1501
1504
165
1216
164
1503
163
1506
869
1792
1508
1505
349
1025
367
1508
348
1507
1506
1510
348
349
829
1509
608
1512
236
717
235
1511
885
1514
1399
1400
272
1513
133
1516
319
1358
902
1515
1743
1518
591
1126
160
1517
1349
427
0
-1
1521
844
845
942
1520
1410
1523
1013
1014
52
1522
244
1532
1040
1258
87
1532
756
1527
175
974
1033
1526
34
1529
308
1763
296
1528
846
1531
321
320
425
1530
1254
1533
1524
1525
1041
1532
344
1535
99
984
1720
1534
387
1537
388
387
26
1536
987
1539
430
981
69
1538
458
1541
555
9
1543
1540
872
1543
835
555
1545
1542
1541
1545
836
834
156
1544
1543
1547
1101
1102
255
1546
248
1549
254
784
1409
1548
724
1551
468
1213
998
1550
260
1553
962
963
610
1552
523
1555
1025
1026
367
1554
307
1557
63
21
820
1556
266
1559
1238
1239
978
1558
624
1561
524
1725
340
1560
354
1563
993
1392
200
1562
992
1565
105
56
1259
1564
1160
1603
702
239
1602
774
200
1569
373
555
1151
1568
827
1689
381
185
766
1689
1679
1573
339
147
380
1572
582
1575
629
166
628
1574
487
1621
683
1666
1621
285
684
1579
220
595
221
1578
966
1443
1581
1444
1580
1724
1374
1697
1058
612
1062
1697
434
1585
871
533
1021
1584
-1
1587
1341
1343
1342
1586
237
1589
1341
1342
714
1588
376
1591
427
197
0
1590
184
1593
736
795
737
1592
1402
1595
370
1637
635
1594
296
1597
1270
564
44
1596
1269
1599
604
151
414
1598
1492
1301
1431
1430
1301
768
78
1603
1567
701
775
1602
1566
1605
-1
-1
286
1604
1072
1607
491
1355
62
1606
699
1609
588
830
1705
1608
861
1611
1147
1148
776
1610
542
1613
1052
510
752
1612
1051
-1
-1
320
1616
27
93
496
1615
1056
1618
758
424
759
1617
1439
1620
1701
1426
162
1619
325
1622
1577
1576
284
1621
282
1624
357
356
640
1623
573
263
525
167
526
263
474
1628
460
461
973
1627
974
1711
1634
329
1058
1711
616
1632
415
614
23
1631
252
1634
703
647
1629
40
1633
-1
-1
1460
1637
717
718
276
1636
1594
1639
1004
1005
411
1638
158
310
1641
49
1640
6
655
1643
192
115
353
1642
-1
1645
952
642
953
1644
956
1647
186
683
1154
1646
181
1649
226
1092
383
1648
942
1651
16
1229
1096
1650
765
1653
1111
1112
1045
1652
1055
-1
-1
672
1656
313
1366
463
1655
729
1775
478
424
1775
477
1692
233
1660
910
1659
1682
6
1662
1664
1276
910
1661
606
1664
605
119
1661
1663
1490
1666
602
603
403
1665
1576
501
1
810
501
632
842
1670
1035
446
1268
1669
414
1672
116
67
525
1671
879
1674
913
-1
674
1673
399
1676
593
1463
114
1675
674
1678
1098
133
36
1677
1097
1680
838
1571
839
1679
333
1682
233
1285
1660
1681
813
1459
672
389
1459
671
181
1228
1686
82
1685
1738
600
1688
48
1294
606
1687
233
1690
1570
1571
761
1689
760
1692
479
478
43
1691
1658
37
453
900
37
711
712
1696
1248
252
1700
1695
154
1698
1582
1583
154
1697
1057
1700
918
1249
1057
1699
1696
1702
1425
1619
1020
1701
324
1704
405
954
1224
1703
281
1706
644
1609
586
1705
1014
1708
1152
777
1367
1707
542
1710
1132
1476
630
1709
1131
1712
1629
1630
40
1711
415
1714
386
268
418
1713
1232
1716
764
618
617
1715
442
1718
283
1405
491
1717
61
1720
238
38
132
1719
1535
1722
520
1083
819
1721
1082
1724
1443
534
1581
1723
85
1726
713
1560
929
1725
1466
1728
501
1080
1783
1727
816
1730
511
702
391
1729
990
1732
758
406
626
1731
212
1734
935
1251
409
1733
934
1736
293
720
1087
1735
394
1738
83
394
1686
1737
1139
1740
1153
422
4
1739
983
1742
220
221
419
1741
902
1744
419
1516
923
1743
1357
1746
714
928
498
1745
341
1748
342
1377
889
1747
1380
1750
110
111
651
1749
793
1752
-1
-1
623
1751
1316
1754
964
1335
965
1753
780
1756
1301
1429
769
1755
-1
1758
289
246
450
1757
840
1760
1459
1460
1250
1759
759
-1
-1
1397
1763
848
849
1118
1762
1528
1765
300
1230
302
1764
105
1767
552
269
1051
1766
1018
1769
753
590
1018
1768
752
1771
451
792
455
1770
111
-1
-1
1211
1774
281
445
429
1773
1168
1776
1658
1657
806
1775
476
1778
70
880
438
1777
72
1780
1296
-1
670
1779
1295
125
-1
-1
1783
633
632
951
1782
1728
1785
176
1787
382
1784
88
1787
195
1292
1010
1786
1784
1789
1011
768
311
1788
1010
1791
894
1309
28
1790
634
1793
1375
1505
1376
1792
224
