1431
234
998
685
-1
569
1754
224
81
1385
1072
1768
959
1603
1035
456
-1
-1
1593
1161
129
1188
181
1002
192
1448
765
551
556
131
173
1763
1761
1011
1717
238
23
1626
1468
1636
1775
1007
374
1781
280
1419
18
847
1198
112
1317
1480
1021
217
15
663
491
653
329
1249
659
818
1142
1207
1545
349
974
1174
1366
392
12
695
874
206
1701
109
727
458
147
631
578
1206
599
856
155
39
1369
1464
1463
195
53
77
1760
962
840
1041
1001
1089
462
147
1366
516
183
1408
705
1663
171
1552
519
1140
272
1177
1458
1192
402
1543
1114
28
116
1543
255
1719
465
-1
673
-1
715
1523
412
960
446
164
1621
477
850
1058
276
1003
890
419
179
226
1591
1399
-1
1130
49
264
456
48
965
1559
129
634
262
633
1775
630
517
1708
150
30
68
586
587
83
1454
759
255
1045
1183
1256
627
86
417
619
1226
819
1394
-1
111
950
1214
1482
845
380
1271
1424
1405
268
1571
1440
1643
947
1126
96
1324
872
170
1799
1523
1613
648
1612
1273
54
1211
518
106
1597
1474
343
1147
1309
1181
939
1643
1164
1129
1445
582
583
1782
230
1383
237
860
130
442
1557
1064
30
902
712
468
1157
1160
1397
653
485
1341
1070
857
1225
210
2
1028
1674
635
1080
55
530
1685
1671
933
-1
1526
-1
57
353
1425
141
1478
1255
370
1537
915
997
490
393
1184
254
-1
382
996
-1
993
887
1521
-1
140
604
1144
974
395
366
1385
628
-1
65
-1
332
1023
717
350
434
463
636
1028
1635
1492
785
1621
1524
852
508
636
1636
487
1472
314
690
1296
310
1299
1486
318
203
69
1787
732
1145
715
862
1514
1267
1145
1556
461
25
1618
220
581
649
60
482
481
919
16
1530
1517
439
1517
1531
1732
1115
1360
1487
325
1115
39
1387
796
1607
1345
1676
1081
178
1728
470
1101
1138
561
1786
735
1138
359
358
1750
1367
1105
506
507
345
1104
1209
538
827
1628
539
731
945
287
893
892
287
539
50
946
6
775
1551
75
1554
750
9
1693
1036
634
253
1567
1365
1542
402
1373
676
677
225
-1
-1
240
759
1453
799
1454
-1
1451
140
1508
889
93
139
605
220
498
87
497
223
1667
1651
1520
1521
758
1632
800
938
445
638
435
294
295
253
33
26
1051
1565
973
1733
246
699
53
245
901
694
408
1185
334
1488
1190
1242
280
936
655
1378
1369
981
783
28
1371
702
476
487
445
675
-1
338
-1
1792
868
1203
660
1280
812
1331
1059
1729
1683
821
633
225
446
941
1411
43
677
248
985
508
1412
1690
960
1485
355
1215
667
666
696
716
525
447
838
66
386
689
1550
35
736
737
1154
1762
10
713
1328
1244
-1
-1
647
351
799
545
530
1759
405
515
403
119
405
46
1737
809
843
1400
218
7
1778
455
1681
1088
727
347
34
348
1017
232
341
688
341
831
607
482
484
314
1477
1286
1584
189
1134
188
1585
191
883
317
191
1777
189
190
923
8
1256
627
352
339
641
642
829
29
826
1735
1458
676
591
274
519
975
911
912
1049
606
1288
1783
1007
836
488
1343
805
937
1181
1549
-1
1483
620
105
648
380
949
206
389
-1
24
205
1767
1600
468
825
337
1765
1433
449
1412
617
81
944
941
1232
281
1062
1456
931
399
1355
332
1353
813
217
512
216
1563
795
227
215
1448
214
1352
17
1351
180
298
-1
562
-1
1784
141
110
371
1536
1117
1536
1032
1615
142
1749
294
2
1755
328
881
135
163
891
47
660
1562
216
501
594
-1
-1
594
1790
1505
909
910
74
398
1150
801
184
1209
541
1509
870
1184
0
1094
1726
1519
360
361
1124
849
1723
1011
75
751
953
860
11
872
904
1444
1633
779
136
451
463
433
812
764
1563
807
679
-1
483
1706
824
150
1707
1587
149
1734
1430
1429
900
582
1691
165
1022
947
1129
948
1725
407
797
602
873
1333
1030
396
961
1268
133
147
90
1095
-1
531
56
40
393
1043
1416
1609
1413
997
1320
1579
-1
817
1320
619
1578
817
415
1522
715
1146
51
1037
1585
1153
707
987
1357
1016
49
266
1410
347
1089
265
1574
1262
770
503
1570
63
927
1401
1049
803
1150
1047
1048
1139
1724
1457
1137
36
990
1126
849
1125
1723
1139
197
1265
481
308
45
728
285
1080
1676
549
1780
374
1439
1112
610
1111
153
14
472
211
1195
1373
1760
1082
426
1763
337
1540
1558
965
1505
276
367
562
552
553
816
127
595
128
593
289
399
288
592
1191
1531
291
583
290
772
550
439
1027
322
460
1229
1092
146
754
223
857
1071
146
623
1436
1079
1291
-1
1078
832
1480
218
1236
1237
1282
1645
316
495
316
871
1201
1118
340
641
1743
1151
828
543
340
1220
340
1119
1251
1295
-1
977
1698
1301
1714
346
1613
275
1535
1581
358
104
561
735
1796
658
349
1703
313
571
1006
1789
312
1019
187
103
714
1165
-1
300
301
906
190
496
1324
105
999
1484
753
752
1239
1187
858
1344
1186
835
435
1228
292
432
1074
669
1498
1752
443
1239
1359
116
782
1098
589
1194
702
330
1123
938
331
224
19
1398
876
327
1372
1224
1123
1225
328
213
452
97
1353
1352
813
1649
152
1232
1650
1108
621
584
1330
879
283
208
877
158
339
1085
338
1774
193
302
305
304
185
554
184
664
1475
1573
70
664
1532
1291
1079
1434
1424
1698
124
1405
308
1404
1407
183
265
1575
183
709
700
21
311
1204
700
98
1568
1632
175
193
1257
1084
86
1097
1742
1484
845
1483
167
1000
746
1588
493
357
356
410
489
1533
309
122
1166
122
1284
235
1206
528
1310
1547
235
776
457
704
1550
1666
1551
1607
729
1683
916
1077
494
1171
95
1173
672
1604
285
1117
895
789
1641
725
1582
1032
88
437
1503
221
897
504
1572
1571
1534
1533
1532
278
14
1243
612
733
1596
896
438
1468
1623
1336
391
648
1614
1422
847
683
1423
204
848
61
649
1612
949
1432
91
-1
926
471
1781
472
1396
473
951
1494
743
513
170
1496
1701
388
1335
387
1702
866
205
889
-1
-1
1767
-1
377
866
1449
1625
23
1333
89
256
1609
1631
646
544
1030
94
1241
252
614
643
807
1245
828
1381
231
1538
212
288
601
931
1457
1622
1063
1486
1110
134
38
1109
1727
178
787
1672
523
1060
178
1418
177
1564
1050
1365
250
408
1629
407
1726
151
1588
1466
1469
1041
1720
357
1281
1350
885
453
454
42
1301
-1
572
415
867
773
818
414
260
1655
687
1661
1661
58
1305
1634
1738
777
46
502
1740
833
453
837
510
1235
1200
876
1731
1248
1731
900
1430
-1
-1
781
1082
1761
1540
1594
1708
282
428
1501
431
597
427
1397
1363
1506
945
1155
1658
1664
1498
875
427
1499
1092
322
811
1280
241
658
1795
98
1072
146
321
1768
629
628
494
738
370
376
739
1589
113
292
741
740
441
953
440
460
955
1252
76
1561
324
761
979
1709
698
1595
145
1755
157
43
1696
163
1028
169
448
447
579
1029
1689
209
1688
959
1689
1692
1068
241
717
332
1356
1022
420
412
1799
412
1236
861
456
1016
181
49
455
5
362
970
972
971
459
25
458
972
956
441
293
1064
109
1785
1681
726
1582
32
241
1069
98
1069
1025
1205
1053
547
40
644
547
514
483
468
696
207
78
467
1059
1332
728
1729
1418
119
930
472
383
471
384
280
474
384
929
1488
936
473
1122
703
702
485
1380
156
44
1622
1724
1339
1178
1177
480
669
1075
1337
479
857
275
112
1196
186
1266
111
1705
244
467
667
697
186
79
476
486
485
703
597
488
157
102
200
638
487
1040
1467
357
89
1183
1042
18
928
958
957
650
1482
356
1589
962
961
437
365
496
884
300
317
495
905
1748
142
1255
141
1253
1560
1566
1268
526
524
523
822
227
924
502
419
1590
501
507
505
267
1580
1535
372
1105
1368
503
574
1704
123
682
124
503
165
101
948
852
1525
851
1648
421
871
1427
624
890
214
1020
952
1494
386
1086
1054
466
1052
615
973
177
630
33
1143
52
629
1008
1786
69
691
197
36
1101
1137
1136
925
993
1569
1638
544
1416
545
500
1014
404
1013
500
787
169
1497
693
1267
1515
499
558
976
559
670
1218
360
841
670
559
176
1044
83
1044
255
546
1295
978
560
975
558
1124
1180
773
940
1578
774
-1
1539
802
-1
1538
679
864
125
1260
1046
126
1261
128
863
864
828
826
1462
232
1461
830
1716
1460
1715
304
394
522
800
176
522
1043
1346
1081
531
466
1346
465
1675
1345
913
277
1004
1455
1221
1445
291
1220
9
1091
1506
286
946
286
1507
1154
555
1364
341
1658
554
1665
9
1221
1176
1175
1012
1011
533
527
671
529
527
978
1100
561
532
560
120
310
219
563
285
562
834
1004
1153
706
815
-1
1131
1133
1132
988
1357
568
1269
570
1750
567
1303
-1
1779
1
1293
567
571
570
1270
312
1322
575
413
1321
-1
1199
1713
575
506
574
1714
572
1703
577
1199
576
1704
1321
579
757
26
693
578
448
1667
722
917
1254
1503
110
73
901
247
73
899
290
640
336
585
584
1289
1292
54
1274
1529
54
1160
622
1099
1376
589
326
588
1374
1195
1233
592
1194
1193
196
1193
590
289
1192
288
932
1504
229
228
287
1213
730
1470
806
1342
1500
428
486
1443
700
1163
27
1443
1128
929
601
1190
600
1217
399
888
251
603
602
1334
605
870
-1
93
869
140
603
-1
199
-1
608
186
1274
1275
1266
607
610
1113
935
279
609
621
-1
1455
-1
1598
375
926
665
1598
1780
1240
615
396
614
515
1054
1178
617
1411
986
209
616
619
1662
1576
58
618
259
203
749
1111
1110
610
335
1158
1313
587
1158
296
1311
511
625
1400
624
1428
832
820
964
1085
57
193
1096
1143
95
436
436
1769
517
52
631
516
630
1776
26
1288
1745
-1
162
51
1387
132
51
934
1669
1087
82
1673
99
102
638
836
1343
488
637
145
1247
1326
1330
1329
584
1433
1715
194
302
194
1716
1465
1052
839
396
1513
466
1055
963
819
-1
394
993
1415
175
-1
991
67
378
204
1611
381
111
748
749
492
1230
662
1439
1377
655
1371
79
19
1379
1370
1374
680
652
154
680
1356
657
1691
656
745
742
311
701
434
1202
868
20
661
160
226
1279
660
844
651
1231
928
18
1420
927
343
342
1534
1572
613
1440
168
1215
1511
1214
168
484
669
1338
1093
479
668
323
529
528
671
558
670
856
1773
367
1605
41
1773
1608
710
1660
1696
1659
1673
157
196
135
882
135
1459
164
679
1539
-1
537
678
243
655
654
1376
1375
1099
943
1423
507
1419
379
1422
1406
1640
1642
865
1766
1
1639
793
922
1662
416
1656
792
1666
185
1090
1665
171
1664
1169
691
103
690
734
518
756
693
1146
692
579
525
1630
151
869
23
1469
853
1159
168
467
1159
1529
484
444
1710
752
753
1361
149
598
349
350
658
1797
1794
156
327
475
475
1678
486
1680
1747
362
1679
708
34
988
1133
564
263
737
1679
705
1680
709
348
708
971
1659
674
711
710
1035
1491
1250
713
77
712
1251
173
1532
315
1148
261
42
107
1496
169
1087
718
97
451
1354
717
1279
1739
778
1741
1737
1712
1711
1711
810
809
580
723
1039
722
1668
755
1617
898
1450
369
1640
1001
1088
1682
462
182
1575
25
276
469
1606
364
767
768
1757
731
595
730
1791
126
1596
106
1347
375
1599
1475
691
1170
735
121
734
310
1746
172
1156
172
1747
707
739
1033
437
438
738
1389
1717
1229
440
1718
1012
439
1602
959
657
1670
1602
385
745
1355
813
657
744
951
747
1511
355
1510
746
1753
1231
650
958
650
1259
620
131
1555
1090
237
1554
1175
319
1587
698
1586
319
699
294
1073
1668
918
723
1172
1267
757
692
756
1268
578
1264
-1
144
1452
137
55
1619
999
1487
443
1753
1620
763
1438
1633
908
762
-1
242
1392
1141
794
793
8
796
1388
-1
729
1608
1605
729
1606
791
770
1263
1570
267
769
1420
1012
772
1530
771
1176
291
534
774
414
773
1179
535
1550
130
1553
1552
859
362
1741
779
418
719
1740
1426
777
780
240
779
1742
1654
424
1654
1097
783
1362
325
980
782
155
785
1493
1177
100
784
932
1758
1564
1567
403
1758
524
1641
1583
1450
1449
898
368
791
1685
1684
1332
790
768
793
687
1257
765
686
792
795
921
765
1141
794
215
117
766
-1
1467
1722
250
1629
853
1466
800
176
137
544
799
144
802
231
1402
536
801
-1
269
804
-1
803
912
1287
806
1471
201
596
805
1344
808
397
243
1244
807
-1
721
1427
179
721
903
1201
1391
433
1795
1391
242
160
333
214
744
1351
1354
844
1066
816
564
815
1593
286
260
259
1577
20
415
1577
820
59
645
1227
819
626
162
1684
933
1671
1686
500
1290
1328
-1
1594
825
244
824
1083
207
195
541
827
1382
826
125
303
540
397
1151
1246
194
1463
1465
542
1462
1461
185
1235
298
625
1647
1236
420
-1
-1
563
321
968
1769
200
967
637
1021
1481
420
1798
170
1495
840
1390
643
31
839
1053
1219
529
1297
1218
-1
1310
1399
180
844
661
843
814
354
846
61
845
1485
950
1421
379
15
380
1421
957
273
850
236
849
1127
44
509
1492
1127
101
509
947
798
854
695
853
1630
1334
856
1644
1125
27
855
671
80
295
480
1070
1342
320
776
1553
969
238
969
75
1281
862
454
861
886
107
1735
540
1152
540
1736
537
1766
684
1702
391
388
1642
868
1793
414
159
867
659
870
605
694
233
604
869
301
1646
510
905
239
65
1336
1624
251
1335
888
24
431
1499
1027
1516
422
329
337
1434
1435
1600
1436
1157
1327
1290
336
1743
1326
1246
882
225
944
676
881
1098
1037
884
190
883
1349
495
1694
886
411
885
1061
862
92
1527
-1
874
602
889
389
888
139
1591
46
511
1590
226
1562
893
128
1017
127
892
1364
-1
-1
995
368
1616
1623
1116
1033
376
898
1618
371
724
897
789
900
1732
583
423
899
247
582
902
150
901
1446
77
810
904
906
903
907
239
906
872
496
903
905
316
1711
1437
904
1437
763
-1
1018
230
911
230
1628
1756
1782
198
909
198
1783
804
548
914
1058
913
1513
1730
916
88
918
1031
365
915
1502
1254
580
1038
755
915
920
1276
112
1266
919
1265
794
1142
922
686
921
1576
1447
192
1425
1447
1426
501
1348
1787
520
1347
383
612
928
663
268
491
927
662
1216
600
473
1395
471
1348
212
400
932
593
931
785
84
934
821
933
1672
634
936
1489
609
474
935
153
1677
938
201
937
328
145
1518
71
940
1793
939
534
942
210
163
1754
941
1660
944
1224
681
210
943
881
1212
127
429
129
1212
552
64
249
852
508
249
1025
950
381
204
60
949
846
952
385
745
1495
951
512
440
954
238
953
956
970
956
441
1557
954
955
459
958
492
848
748
957
491
742
4
450
1695
43
166
1390
494
252
1389
31
493
964
645
-1
626
963
-1
284
50
966
1162
965
-1
968
1187
836
835
967
1008
970
859
860
457
969
954
972
458
709
459
971
457
1240
148
515
94
22
1050
976
533
197
527
975
1100
978
306
1298
532
977
559
1238
443
1359
1361
783
984
983
155
1378
1249
983
1379
984
981
982
980
983
1733
165
1692
1688
1687
617
1340
988
263
1408
566
706
987
1135
1456
1217
1135
272
1140
1526
992
647
991
1638
1568
646
521
92
1520
1652
1610
996
1521
894
1651
995
91
257
1721
89
1413
1610
0
760
1000
318
999
1620
355
1002
32
725
1015
1001
7
1004
1675
45
549
1003
563
1294
1006
1010
1005
313
1770
1008
200
13
968
1007
517
1010
1771
-1
1005
1009
-1
557
11
237
557
771
741
1014
524
1566
523
1013
1515
1409
1089
1002
264
1409
455
1208
184
892
1627
909
1047
1147
314
1473
1021
1798
512
17
837
1020
1023
452
248
97
1022
1024
1025
1068
1023
464
1024
948
1027
1516
1398
292
1026
875
99
82
447
1776
1635
448
1077
395
252
1076
916
1171
222
370
1033
896
1032
738
1035
1695
1690
711
1034
4
132
1694
1102
1102
883
262
1039
918
1537
722
1038
1502
1721
489
1182
1719
410
31
1043
490
1045
256
1042
545
1045
531
530
56
1044
1042
1047
1149
538
270
1046
1018
1049
1402
270
269
1048
198
406
1051
974
1050
148
1241
1053
643
514
840
1052
465
1055
514
615
644
1054
1417
1057
1617
1583
1784
1056
1682
1059
45
913
161
469
1058
1061
1693
404
886
1060
1514
1109
1649
211
1114
401
1108
460
1065
76
1064
1093
1167
1592
815
1131
-1
-1
1592
1069
451
1024
463
1068
464
80
858
1071
295
1070
1186
3
1073
435
1072
1386
754
1075
323
1501
479
1074
1341
1077
1031
1144
365
1076
1030
1079
297
1312
344
1078
296
1081
277
83
118
1080
546
282
425
1083
1082
1541
825
1085
352
1656
338
1084
626
1087
1670
513
635
1086
716
182
726
1574
1015
266
32
1091
750
688
551
1090
1460
1093
293
432
1065
1092
668
234
1095
1185
1094
1432
254
1097
627
1441
353
1096
781
1099
326
882
681
588
1098
1101
560
976
519
120
1100
1350
1037
1036
1349
1282
1645
1105
124
1713
123
505
1104
1107
1262
1368
1581
1106
1751
1109
1063
335
402
1108
1062
1111
621
401
279
1110
620
1113
279
1259
609
1112
1242
1115
1063
38
116
115
1114
1616
896
1626
1615
368
221
1119
302
1247
305
1118
1120
1121
1762
1119
1765
1120
1329
1677
475
1123
327
331
1122
1125
236
533
273
1124
855
1127
273
64
850
1126
851
1164
1644
599
72
1205
249
48
-1
1132
565
-1
1066
1133
566
1130
706
1132
565
-1
-1
188
1136
990
989
520
1135
1395
1138
272
520
120
1137
121
274
271
1140
36
1139
990
1142
795
764
921
1141
20
1174
628
516
1173
94
1076
1146
107
108
261
1145
692
1476
1019
70
-1
1476
714
1150
1382
1046
231
1149
270
303
829
1152
863
1151
1464
1154
263
564
172
1153
553
1363
430
1156
1507
1155
736
878
1158
78
1157
623
622
1528
697
696
587
1528
78
-1
-1
6
-1
1505
966
1204
1164
598
72
1128
1163
315
1533
1166
-1
1165
359
1168
1561
1065
1479
1167
1338
1170
690
1285
734
1169
1300
1172
366
1031
1386
1171
755
1174
1144
366
22
1173
1143
1176
557
751
772
1175
556
478
37
784
478
616
1459
1180
-1
774
1181
1179
534
71
202
1180
1183
1040
1720
490
1182
56
1185
90
233
1094
1184
151
1187
321
1071
967
1186
320
1779
7
1639
1778
-1
-1
1191
152
600
1233
1190
289
1193
593
37
591
592
1192
1195
591
326
281
590
1194
1197
1404
481
1277
1196
1198
-1
1197
16
576
573
1770
1201
421
1428
301
1200
810
1203
659
1392
159
1202
1794
1205
1163
350
1129
1204
464
1442
27
360
1519
21
1442
1209
1017
1261
232
1208
125
1311
-1
1314
1313
-1
68
1213
945
946
595
1212
1559
1215
667
60
666
1214
167
1217
929
1396
601
1216
989
1219
842
528
-1
1218
841
1222
551
304
1222
550
556
1223
1221
1220
1446
1222
1250
1225
330
943
331
1224
81
1306
58
1319
1393
820
1655
1229
1718
322
740
1228
293
1258
651
1243
1258
748
662
1233
211
334
590
1232
1191
1235
1647
1481
421
1234
832
833
299
454
299
1648
1646
1239
979
1362
324
1238
319
1241
973
614
1051
1240
395
1243
153
1113
374
1242
1230
1245
808
174
397
1244
1744
880
1247
829
1246
639
1118
1249
422
1734
19
1248
982
1251
712
1223
713
1250
305
1556
442
1253
498
1785
1252
917
581
1255
497
1254
87
1257
57
192
352
1256
792
1259
1231
1230
749
1258
1112
1261
1627
538
539
1260
1208
1263
267
1106
769
1262
1580
-1
758
1453
920
275
1611
608
920
482
108
526
756
499
253
757
567
1751
1270
571
1269
1367
1697
62
1403
1307
-1
1302
1274
68
1316
586
1273
607
1276
608
1315
919
1275
1318
1700
1197
-1
1403
1307
1697
1280
661
718
160
1279
433
1282
411
861
1103
1281
299
1293
-1
1304
1303
-1
359
1286
-1
1169
-1
1285
187
1288
-1
804
199
632
1287
1290
-1
585
879
823
1289
1292
297
344
-1
1291
585
1789
1283
570
1788
1005
-1
1296
306
532
-1
1295
104
1298
-1
841
-1
1297
977
1300
-1
104
-1
1299
1170
1302
413
307
-1
1301
1272
1304
1284
568
-1
1303
1283
1306
1393
417
-1
1305
1226
1278
1308
1272
1307
1700
-1
1547
71
1544
1546
361
842
1312
1210
623
-1
1311
1078
1314
1211
622
-1
1313
1210
1316
-1
1275
-1
1315
1273
1318
-1
16
-1
1317
1276
1320
-1
1226
259
258
1319
1322
573
577
-1
1321
572
1324
-1
-1
65
1323
317
1326
1744
1327
880
1325
639
1328
879
1325
823
1327
174
1330
640
1121
336
1329
639
1332
161
1728
469
1331
791
1334
251
392
603
1333
854
1336
874
387
377
873
1335
1338
480
1749
668
1337
1168
1340
478
1493
986
1339
1525
1342
80
1075
858
1341
596
1344
201
637
806
1343
320
548
118
1512
547
1512
546
1348
926
732
930
1347
925
1350
1103
884
411
1349
1102
1352
814
218
333
1351
217
1354
333
213
814
1353
718
1356
213
744
452
1355
656
1358
264
566
1410
1357
1407
1360
325
979
115
1359
1619
1362
980
699
782
1361
1238
1657
1155
429
554
1657
893
1366
133
406
33
1365
22
1368
123
1270
505
1367
1106
1370
154
28
1542
654
1369
1372
156
652
330
1371
1375
1374
134
281
654
1373
589
1376
681
1372
588
1375
680
1378
652
1380
154
1377
981
1380
653
982
476
1379
1377
1382
398
1736
1149
1381
827
1384
-1
74
-1
1383
1504
1386
3
95
1073
1385
1172
1388
117
633
766
1387
1584
1390
962
739
839
1389
961
1392
812
811
764
1391
1202
1394
1227
1305
59
1393
-1
1396
930
1136
384
1395
1216
1398
79
428
329
1397
1026
1400
843
47
180
1399
624
1402
269
-1
1048
1401
801
1699
1278
1271
1196
1699
346
1406
346
62
1614
1405
683
1408
347
1358
34
1407
987
1410
1015
1016
265
1409
1358
1412
164
616
209
166
1411
257
998
1414
1722
1413
1725
1416
646
1520
522
1415
256
1418
1730
1055
470
1417
405
1420
15
682
663
1419
770
1422
847
848
683
1421
378
1424
682
379
62
345
1423
1426
923
86
924
1425
778
1428
511
809
625
1427
1200
1430
247
1586
423
1429
246
1432
0
1652
1095
1431
382
1434
208
640
877
1433
344
1436
1601
877
878
1435
296
907
1438
908
1437
1712
762
1440
278
651
665
1439
63
1774
-1
1096
1443
1206
1207
599
1442
598
-1
-1
239
1446
73
550
902
1445
1223
1448
923
924
8
1447
216
1450
789
391
724
1449
788
138
-1
1452
1453
759
1451
137
1452
1264
1455
138
55
611
1454
549
1457
212
989
400
1456
271
1459
196
37
677
1458
1178
1461
543
1091
831
542
1460
1463
831
541
29
830
1462
1465
29
1152
830
1464
642
1467
798
409
489
797
1466
1469
12
376
695
1468
409
1471
596
1500
805
1470
1678
1473
103
1597
1019
1472
1474
1475
70
1473
342
1474
733
1477
1147
1148
187
1476
-1
1560
1479
87
1478
1168
1748
1481
17
298
837
1480
1234
1483
61
492
354
1482
203
1485
354
318
846
1484
167
1487
105
401
760
1486
115
152
1489
474
1488
1650
935
1491
1669
1674
1603
1490
711
1493
100
851
784
1492
1339
1495
513
385
838
1494
952
1497
716
386
525
1496
1522
1499
431
323
875
1498
432
1501
597
1470
427
1500
1074
1503
917
1039
581
1502
371
1756
594
1384
1162
229
284
1507
552
429
553
1506
1156
139
-1
-1
-1
-1
233
1511
747
1705
746
1510
666
1513
1345
1346
914
1512
644
1515
108
1061
526
1514
1014
1517
876
1026
113
114
1516
1545
939
1796
1544
1207
235
143
994
1415
995
143
92
1523
261
1497
42
1522
66
1525
101
1687
509
1524
1340
1637
991
85
887
1637
-1
1529
1159
1160
697
1528
586
1531
113
771
114
1530
290
373
714
343
373
358
1165
1535
373
664
504
309
1534
1537
222
221
88
1536
1038
1539
537
398
678
1538
536
1541
425
283
1083
1540
1601
1543
134
1370
38
1542
39
1545
1519
1309
21
1544
1518
1548
1310
-1
1548
1309
361
1549
1547
1546
202
1548
-1
171
363
775
130
363
1555
1553
776
35
859
1552
775
1555
131
751
750
1554
1551
1557
1252
109
76
1556
955
1559
284
1757
50
1558
1213
1561
1478
498
1167
1560
442
1563
227
891
215
1562
242
786
1565
406
1564
1759
148
1567
499
1013
133
1566
786
1569
351
992
1631
1568
521
1571
268
769
63
1570
372
1573
665
372
1599
1572
342
1575
1088
266
727
1574
348
1577
618
922
817
1576
818
1579
260
535
258
1578
-1
1581
504
1263
309
1580
1107
1583
369
462
788
1582
1056
1585
188
1388
189
1584
262
1587
753
1429
752
1586
245
1589
356
409
493
1588
438
1591
891
502
47
1590
890
1593
1066
1067
816
1592
6
1595
426
824
1707
1594
444
1597
732
375
69
1596
1472
1599
612
613
733
1598
1573
1601
878
207
1435
1600
1541
1603
742
743
4
1602
1491
367
1772
-1
1606
767
672
768
1605
728
1608
364
117
767
1607
673
1610
257
393
998
1609
994
1612
649
1265
381
1611
67
1614
67
308
378
1613
1406
1616
1117
222
895
1615
1116
1618
724
1056
897
1617
110
1620
760
1360
1000
1619
761
1622
44
100
477
1621
400
1624
377
895
873
1623
1625
1626
392
1624
12
1625
1116
1628
1018
1260
910
1627
126
1630
798
407
854
1629
694
1632
1569
394
351
1631
144
1634
240
762
1712
418
1633
1636
99
1029
102
1635
13
1638
1526
1527
992
1637
521
1640
685
1188
725
684
1639
1642
369
788
684
1641
866
1644
72
64
1128
1643
855
1646
300
1103
871
1645
1237
1648
833
1234
1237
1647
510
1650
334
1062
1489
1649
335
1652
143
996
994
1651
1431
1654
-1
-1
781
1653
780
1656
416
1227
687
1655
1084
1658
1363
1364
430
1657
555
1660
710
675
674
1659
942
1662
417
416
618
1661
686
1664
35
1746
689
1663
430
1666
689
555
363
1665
688
1668
580
142
723
1667
754
1670
635
1490
1086
1669
743
84
822
1672
934
1671
404
1674
636
675
82
1673
1490
1676
548
1003
118
1675
277
1678
1122
937
703
1677
1471
1680
705
707
708
1679
704
1682
182
461
726
1681
1057
1684
162
364
821
1683
790
1686
84
790
822
1685
1727
1688
986
1524
449
1687
985
1690
449
450
166
1689
1034
1692
248
656
985
1691
450
1694
132
1060
1036
1693
885
1696
960
1034
446
1695
674
1698
1271
1278
345
1697
307
1700
1403
1404
1308
1699
1277
1702
387
24
388
1701
865
1704
576
312
577
1703
506
1706
483
1510
244
1705
1709
1708
1595
245
426
1707
53
1710
444
1706
698
1709
1752
720
907
721
720
1634
1438
1714
574
1104
575
1713
307
1716
641
543
642
1715
542
1718
740
11
1228
1717
741
1720
1041
40
410
1719
1182
1722
1040
997
797
1721
1414
1724
274
236
271
1723
477
1726
250
1414
408
1725
234
1728
403
1686
119
1727
1331
1730
470
161
1417
1729
914
1732
423
422
899
1731
114
1734
149
984
246
1733
1248
1736
863
195
864
1735
1381
1738
720
179
418
1737
1739
1740
719
1738
778
1739
419
1742
777
719
780
1741
353
1744
880
303
1325
1743
1245
632
-1
-1
1747
736
1663
737
1746
704
1749
497
1479
223
1748
1337
1751
568
122
1269
1750
1107
1753
324
1710
761
1752
747
1755
2
942
224
1754
445
1791
1504
910
1790
730
1558
1759
786
787
1565
1758
177
1761
282
30
425
1760
10
1764
173
1120
1764
283
10
1765
1763
1762
208
1764
1121
1767
685
865
390
1766
206
1769
436
3
629
1768
835
1771
1006
1199
1009
1770
-1
1773
-1
1604
673
1772
672
339
-1
1441
1776
52
13
631
1775
1029
-1
-1
191
1779
1189
181
569
1778
1188
1781
278
613
14
1780
383
1783
911
74
912
1782
199
1785
220
1057
1253
1784
461
1787
518
121
106
1786
925
1789
1294
-1
313
1788
1293
1791
1757
229
731
1790
1756
1793
159
1797
867
1792
940
1795
701
1203
434
1794
811
1797
311
1518
701
1796
1792
1799
838
1020
66
1798
453
