0.00019916
0.000126098
0.000103008
0.000132472
0.000103771
0.000165964
9.80941e-05
0.000127953
0.000128543
0.000196115
0.000151233
0.000146981
0.000234108
0.000130765
0.000129803
0.000137821
0.000142538
0.000175523
0.000234437
0.000140499
0.000214839
0.000132403
0.000180629
0.000109361
0.000174736
0.000238085
0.00014102
0.000122564
0.000147454
9.84298e-05
0.000215362
0.000165676
0.000144282
0.000168022
0.00012229
0.000161446
0.000162132
0.000130977
0.000127192
0.00013122
0.000176531
0.000118968
0.000139383
0.000117346
0.000126932
0.000177798
0.000125279
0.000212711
0.000218363
0.000187496
0.000179527
0.000182409
0.000213109
0.000206023
0.000177815
0.000181836
0.000119398
0.000175373
9.61473e-05
0.00020924
0.000117852
0.000193653
0.000121919
0.000169535
0.000162325
0.000100963
0.000190533
0.000142374
0.000179843
0.00023968
0.000139576
0.000114302
0.000164214
0.000173442
0.000168613
0.000165606
9.597e-05
0.000179595
0.000172643
0.000137363
0.000182546
0.000160196
0.000113076
0.000212371
0.000195115
0.000148417
0.000192345
0.000269627
0.000106883
0.000107881
0.000145871
9.5919e-05
0.00010243
9.82472e-05
0.000123064
0.000139763
0.000136178
0.000127883
0.000138303
0.000146916
0.000158367
0.000103623
0.000119222
0.000137675
0.000101835
0.000192149
0.000150903
9.9603e-05
0.000193717
0.000224892
0.000201272
0.000174736
0.000122569
0.000106821
0.00012787
0.000124546
0.00012088
0.00015823
0.000151683
0.000119315
0.000150458
9.13922e-05
0.000165606
0.000139631
0.000141757
0.000134625
0.000180841
0.00026745
0.000197216
0.000161446
0.00017711
0.000160125
0.000150452
0.000188857
0.000207996
0.000118433
8.99181e-05
0.000128877
0.000133496
0.000145919
0.000212668
0.00022859
0.000175018
0.000124063
0.000172872
0.000154628
0.000305309
0.000168857
0.000118772
0.000106116
0.000129834
0.000128696
0.000217188
0.00011691
0.000162103
0.000113813
0.000127059
0.000180178
0.000105766
0.000132164
0.000147454
0.000158382
0.000260202
0.000201856
0.000194098
0.000194118
0.000207612
0.00016728
0.000142363
0.000233368
0.000194194
0.000130516
0.000142574
0.000109732
0.000235597
0.000172027
0.000100947
0.00011386
0.000189044
0.000150588
0.000100668
0.0001549
0.000197743
0.000231818
0.000158602
0.00011958
0.00014461
0.000127159
0.000160626
0.000173708
0.000181916
0.000136822
0.00010768
0.000107547
0.000136397
0.000200069
0.000142849
0.000200069
0.000124328
0.000164278
0.00013238
0.000216842
0.000194098
0.000126065
0.000130284
0.000189219
0.000161459
0.000147508
0.000158027
0.000201662
0.000117225
0.000123553
9.05492e-05
0.000141722
0.000130661
0.000133768
0.00017027
0.000103771
0.000110107
9.56909e-05
0.000204115
0.000103414
0.00014705
0.000143214
0.000161568
0.0001818
0.000105444
0.000246713
0.000120522
0.000164577
0.000145165
0.000119827
0.000177815
0.000112573
0.000141486
0.000163876
0.000172185
0.000197268
0.000170068
0.000106788
0.000234558
0.000139339
0.000150452
0.000166072
0.000147266
0.000178261
0.000105473
0.000156923
0.000111238
9.65284e-05
0.000144222
8.60419e-05
0.000127883
0.000115888
0.000211966
0.000143214
9.1798e-05
0.000143445
0.000100857
0.000102142
0.000180816
0.000152502
0.000185758
0.000133962
0.000121841
0.000116786
0.000163691
0.00016336
0.000103751
0.000163252
0.000108677
0.000144427
0.000172979
0.000262755
0.000262755
0.000169881
0.000164091
0.000178474
0.000151518
0.000199477
0.000222022
0.000129044
0.0001436
0.00012345
0.000142277
0.000156286
0.000135447
0.000202232
0.00014871
0.000110661
0.000182409
0.000121583
0.000160118
9.97201e-05
0.00014161
0.000118241
0.000142971
0.000148085
0.000103482
0.000144418
0.000126624
9.57189e-05
0.000133702
0.000121874
9.20519e-05
0.000148061
9.13922e-05
0.0001237
0.000122761
0.000126251
0.000272655
0.000242238
0.000231989
0.000146219
0.00012289
0.000167811
0.000133791
0.00014782
0.000132921
0.000128981
0.000120381
0.000126072
0.000124063
0.00022859
0.000198406
0.000120765
0.000145888
0.000100788
0.00012758
0.000103971
0.000183299
0.000129054
0.000106587
0.000173136
0.000162215
0.000202882
0.000108632
0.00011892
0.000144339
9.86291e-05
0.000144513
8.96867e-05
0.000116842
0.000112543
0.00011089
9.48614e-05
0.00010911
0.000117604
0.000109394
0.000119222
0.000152795
0.000117934
0.000144609
0.000182883
0.000117688
9.9506e-05
9.07398e-05
0.000102436
0.000109276
0.000209564
9.46802e-05
0.000107376
0.000124355
0.000136002
0.000103969
9.84298e-05
0.000129811
0.000149517
0.000101719
0.000155348
0.000217672
0.000121748
0.000117095
0.000106168
0.000152494
0.000150792
0.000251964
0.000244209
0.000116048
0.000120951
0.000169438
0.000140499
0.000190906
9.90118e-05
0.000110593
0.000129227
0.000130571
0.000107553
0.000276308
0.000102327
0.000149517
0.000135332
0.000165906
0.000161623
0.00015077
0.00010682
0.000128525
0.000116774
0.00021429
0.000114623
0.000173925
0.000114208
0.000157167
0.00011041
0.000137407
0.000172941
0.00016336
0.000101393
9.02817e-05
0.000112279
0.000155521
0.000269675
9.55827e-05
0.000110057
9.91299e-05
0.000134974
0.000103922
9.95999e-05
0.000100634
0.000167367
9.83122e-05
0.000176955
0.000113763
0.000114881
0.000122569
0.000109352
0.000122564
0.000150729
0.000122965
0.000115553
0.000231016
0.000185703
0.000102059
8.45594e-05
0.000107591
0.000145989
0.000105683
0.000169438
0.000169438
9.89755e-05
0.000113345
0.000102409
0.000117151
0.000138812
0.000137696
0.000115208
0.000104263
0.000124905
0.000155327
0.000182693
9.22154e-05
0.000118342
0.000142688
0.000181284
0.000201018
0.000156001
0.00010222
0.000142421
0.00010708
0.000134474
0.000134603
0.000151756
0.000215523
0.000201692
0.000125821
0.000117191
0.000197288
0.000132007
0.000173928
0.000148207
0.000191574
0.000226146
0.000163583
0.000177678
0.000184141
0.000180629
0.000172232
0.000191093
9.59251e-05
0.000135952
0.000131046
0.00022435
0.000107163
0.000143436
0.000205956
8.58186e-05
0.000118689
0.000243657
0.000186493
0.000106227
9.14734e-05
0.000149957
0.000139339
0.000162357
9.79214e-05
0.000107135
0.000112713
0.000160007
0.000198789
0.00025457
0.000172811
0.00014127
0.000180229
0.000128837
0.000232271
0.000236632
0.000137696
0.000222022
0.000135153
0.00011649
0.000141776
0.000115173
0.000167848
0.000168229
0.000234958
0.000120951
0.000121012
0.000257903
0.000143407
0.00020019
0.000106858
0.000142033
0.000127822
0.000111352
0.000165098
0.000107238
0.000104447
9.63899e-05
0.000234108
0.000153846
0.000214164
0.000208479
0.000131241
0.000158299
0.000166159
0.000160125
0.000152532
0.000198789
0.00014
0.000119154
9.49397e-05
0.000171389
0.000114211
0.000104726
0.000207018
0.000143837
0.000143976
9.89066e-05
0.000200097
0.000113001
0.000165991
0.000139284
0.000119233
0.000165679
0.000127901
0.000124859
0.000130995
0.000172631
0.000177149
0.000190228
0.000154274
0.000115728
0.000146859
0.000187306
0.000163497
0.000136942
0.00021923
0.000122354
0.000194739
0.000169718
0.000166466
0.000162806
0.00010243
0.000113656
0.000147941
0.000148772
0.000247445
0.000163955
9.88354e-05
0.000132199
0.00011401
0.000178981
0.000139117
0.000154854
0.000121583
0.000118432
9.86553e-05
0.000120507
0.000107555
0.000151303
0.000197901
0.000155814
0.000121467
0.000124016
0.000178332
0.000176327
0.000188797
0.000192569
0.000219066
0.000196029
0.000185758
0.000143181
0.000157151
9.30873e-05
0.000215149
0.000160901
0.000146173
0.000125057
0.000112543
0.000138442
0.000117191
0.000208328
0.000222812
0.000214362
0.000150574
0.00018772
0.000179321
0.000162491
0.000161156
0.000138573
0.000140602
0.00011386
0.000105397
0.000129414
0.00011788
0.000151518
9.96793e-05
0.000114166
0.000110273
0.000203862
0.000131449
0.000154036
0.000170611
0.000154032
0.00015172
0.00012323
0.000126079
0.000180113
0.00017711
0.000151246
0.000118155
0.000110192
0.000225633
0.000148918
0.000132026
0.00012982
0.000128559
0.00012833
0.000159103
0.000158284
0.000134712
0.00016672
0.000167882
0.000138227
0.000138147
9.58096e-05
9.52848e-05
0.000146656
0.000222603
0.000224087
0.0001742
9.51074e-05
0.000127803
0.000154039
0.000119282
0.00010172
0.000102436
0.000102436
0.000171801
0.000154706
9.1872e-05
9.40781e-05
0.00012836
0.000128733
0.000135431
9.97896e-05
0.000214376
0.000185975
0.000136867
0.000163663
0.000158517
0.00011649
0.000246665
0.000246071
0.000150583
0.000116275
0.000157339
0.000116764
9.84752e-05
9.64225e-05
0.000135532
0.000106502
0.000159322
0.000109967
0.00016551
0.000119445
0.000109967
0.000119639
0.000120915
0.000126041
0.00018131
0.000197253
0.000118042
0.000120499
0.000147375
0.000100353
9.23927e-05
0.000159103
0.000117768
0.00016689
0.000173637
0.000107555
0.000116774
0.00010172
0.000102393
0.000109176
0.000179504
0.000169773
0.000127061
0.000144823
0.000218724
0.000109306
0.000118993
0.000116239
0.000176651
0.000230801
0.000165676
0.000178072
0.000164054
0.000152005
0.00014299
0.000155599
9.58096e-05
0.000100934
0.000180027
0.000209185
0.000209185
0.000118182
0.000213424
0.000138923
0.000126713
0.000207748
0.000171191
0.000116823
0.000100947
0.000100668
0.000139915
0.000135096
0.000211156
0.000211156
0.000129601
0.000158512
9.47008e-05
0.000137723
0.000130955
0.000144406
0.000120417
0.000153043
9.84752e-05
0.000143555
0.000132368
0.000246558
0.000113703
0.000112492
9.78041e-05
0.000128709
0.00013205
0.000186137
0.000119095
0.000207012
0.000207012
0.000165108
0.000142859
0.000114872
0.000210921
0.000196193
0.000129265
0.000140065
0.000128439
0.000149361
0.000153478
0.000100947
0.000136035
0.000222511
0.000222511
0.000201957
0.000199451
0.000129732
0.000130767
9.55827e-05
9.55827e-05
9.64738e-05
9.55827e-05
0.000159164
0.000153923
0.000149117
0.000100125
0.000127197
0.00012113
0.000179325
0.000150238
0.000102458
0.000105348
0.000198893
0.000198893
9.34945e-05
0.000131682
0.000255681
0.000255681
0.000222026
0.000121596
0.000134471
0.0001158
0.000175108
0.000189868
0.000100437
0.000143868
0.000111347
0.000119582
0.00010911
0.000111266
0.000154107
0.000147774
0.00012088
9.65284e-05
0.000172041
0.000130803
0.000169991
0.000172615
0.000157397
0.000255279
0.000255279
0.000194858
0.000232882
0.000118579
0.000242517
0.000119539
0.000118078
0.000196594
0.000107567
9.13755e-05
0.00023304
0.000201923
0.000201923
0.00013156
0.000213838
0.000213838
0.000108396
0.000177114
0.000147979
0.000109259
0.000174311
0.000117529
0.000165755
0.00012088
0.000177168
0.000127847
0.000205015
0.00023176
0.000104827
0.000105683
0.000139284
0.000144615
0.000119791
0.000106254
0.000177646
0.00011344
0.000139375
9.66055e-05
0.0002068
0.0002068
0.000211392
0.000220805
0.000127357
0.00012059
0.000128287
0.000280463
0.000196836
0.000196836
0.000127604
0.000116853
0.000175805
0.000175805
0.000120427
0.000103969
0.000113167
0.000119604
0.000104733
0.000153498
0.000111912
0.000107385
0.000162992
0.000147562
0.000127854
0.000173616
0.000131889
0.000152589
9.03454e-05
8.47952e-05
0.00022496
0.000208682
9.5425e-05
0.000120515
9.30493e-05
9.33229e-05
0.000139992
0.000132838
0.000185803
0.000176149
0.000174827
0.000174827
0.000167018
0.000158003
0.000205655
0.000205655
0.000104752
0.000173753
0.000178041
0.000178041
0.00014299
9.60725e-05
9.63077e-05
0.000204158
0.000102327
0.000110339
0.000150954
0.000186099
0.000191909
0.00013775
0.00021441
0.00021441
0.000222567
0.000240326
0.000186443
0.000186443
0.000122539
0.000105189
9.8065e-05
0.000105753
0.000114498
9.83704e-05
9.93553e-05
9.30094e-05
9.20385e-05
0.000201576
9.98866e-05
0.000112155
0.000205
0.000168777
0.000163684
0.000108141
0.000124
0.00012465
0.000125599
0.000102939
0.000165126
0.000236508
0.000153257
0.000111913
0.000181076
0.000204809
0.000147828
0.000207434
0.000213876
0.000175487
0.000125031
0.000104972
0.000121174
0.000129629
0.000125096
0.000144097
0.000151871
0.000149747
9.06037e-05
0.000116088
9.55728e-05
0.000101986
0.000121498
0.000153202
0.000188237
0.000188237
0.000204153
8.93165e-05
0.000218798
0.000215546
0.000139608
0.000109032
0.00012638
0.000137281
0.000170726
0.000170726
0.000143062
0.000132547
0.000183412
0.000183412
0.000191051
0.000152916
9.6993e-05
0.000114007
0.000157307
0.000157307
0.000199164
0.00016617
0.000154648
0.000188053
0.000116759
0.000174613
0.000174613
0.000154774
0.000162357
0.00020565
0.00020565
0.000174436
0.000195026
0.000178026
0.000173153
0.000179102
0.000126256
9.79264e-05
0.00013917
0.000111838
0.000140524
0.000134499
0.000185392
0.000185392
0.00018891
0.000160923
0.000121611
0.000151275
0.00012302
0.000127252
0.000127524
0.000106821
0.000158261
0.000158261
0.000163567
0.000182659
0.000157979
0.000157979
0.00019583
0.000244075
0.00015197
0.00015197
0.000172207
0.000172207
0.000117501
9.74004e-05
0.000195202
0.000132372
0.000160693
0.000186989
0.000115093
0.000151601
0.000120085
9.83519e-05
0.000114871
0.00012819
9.86503e-05
9.8394e-05
0.000150729
0.000150602
0.000193155
0.000151681
0.000180527
0.000180527
0.000132428
0.000123991
0.000147656
0.000147656
0.000128793
0.00018305
0.000121517
9.76839e-05
0.000203293
9.40597e-05
0.000147923
0.000147341
0.00014227
0.000161279
0.000144097
0.000155544
0.000155544
0.000144287
0.000147622
0.000160882
0.000182798
0.00020445
0.000108246
0.00010597
0.000103751
0.000117658
0.00011146
0.000164011
0.000163474
0.000163361
0.000151191
0.000110722
0.000178499
0.000132027
0.000118257
0.000203399
0.00013628
0.000137281
0.000140526
0.000192568
0.000148454
0.00014964
0.00014964
0.000109594
0.000106234
9.56886e-05
0.000149491
0.000153131
0.000153131
0.000104208
0.000100947
0.000205441
0.000149999
0.000151336
0.000129581
0.000132951
0.000118315
0.000220627
0.00017313
0.000182384
0.000141143
0.00022557
0.000160072
0.000142759
0.00014224
9.99949e-05
0.00013695
0.000141378
0.000146063
0.000112728
0.000104975
0.000138283
0.000138283
0.000129201
0.000112218
0.000131066
0.00015075
0.00015075
0.00015519
0.000129951
0.000151044
9.40287e-05
0.000193113
0.000193113
0.000136007
0.000146513
0.00015077
0.000163081
0.000153967
0.000150675
0.000147959
0.000147959
0.000169412
0.000182116
0.000189699
0.000104091
0.000108941
0.000142386
0.000178034
0.000140053
0.000171708
0.000189032
0.000154452
0.000208174
0.000192778
0.000189761
0.000158071
0.000158071
0.000131895
0.000136139
0.000140565
0.000142822
0.000154847
0.000162874
0.000135592
0.000135592
0.000127809
0.000128329
0.000133351
0.000131696
0.000208711
0.000148977
0.000146365
0.000153784
0.000109333
0.000125702
0.000136226
9.68329e-05
0.000152019
0.000134379
0.000148048
0.000130726
0.0001377
0.0001377
0.000128834
0.000138719
0.000125462
0.000134132
0.000130648
0.000130648
0.000129482
0.000129933
0.000169791
0.000170831
0.000166348
0.000207323
0.000177707
0.00012207
0.000233343
0.000177707
0.000147645
0.00015781
0.000133369
0.000133369
0.00016376
9.46802e-05
0.000146527
0.000139249
0.000157505
0.000157505
0.000167382
0.000138694
0.000117843
0.000108971
0.000129374
0.000128353
0.000128281
0.000128281
0.000227295
0.000178069
0.000184424
0.000208309
0.000159607
0.000173374
0.000144544
0.000175504
0.000145001
0.000187638
0.000187638
0.000141653
0.000176353
0.000125599
0.000124751
0.000121368
9.7985e-05
0.00012853
0.00012853
0.000133174
0.000133634
0.000207525
0.000160874
0.000167815
0.000125117
0.000126025
9.04589e-05
0.000128477
0.000210199
0.000119147
0.000126573
0.000111798
0.000162311
0.000162917
0.000194387
0.000125816
0.000128547
0.00017511
0.000142102
0.000141992
0.000112499
0.000126638
0.000126638
0.000190848
0.000190848
0.000127998
0.000127998
0.000181041
0.000127772
0.000125656
0.000125656
0.00012534
0.000122579
0.000143799
0.000119398
0.000128523
0.000128523
0.000125914
0.000123018
0.000142209
0.000142209
0.000112927
9.90596e-05
0.000147753
0.000121701
0.000127654
0.000127654
0.000101692
0.000119564
0.000139024
0.000142739
0.000164606
0.000158594
0.000109447
0.00012836
0.000127877
0.000130511
0.000158128
0.000158128
0.000125929
0.000125929
0.00016349
9.97201e-05
0.000142565
0.000124139
0.000122706
0.000176971
0.000193427
0.000107247
9.74107e-05
0.00015732
0.000130565
0.000173167
0.000144359
0.000126251
0.000126251
0.000153101
0.000129951
0.000139489
0.000139489
0.000145781
0.000125117
0.000175068
0.000156273
0.000151903
0.000151903
0.000216622
0.00015743
0.000146219
0.000146219
0.000141026
0.000129201
0.000186461
0.000136711
0.000170379
0.000128329
0.000156273
0.000119281
0.000159559
9.35129e-05
0.000117463
0.00010534
0.000126231
0.00010894
0.000147665
0.000169338
0.000144218
0.000129447
0.000111422
0.000111422
0.00015402
0.000150474
0.000163554
0.000157326
0.00010895
0.000107155
0.000138918
0.000138918
0.000157019
0.000157019
0.000139428
0.000139428
0.000121075
0.000128425
0.000183513
0.000183513
0.000156791
0.000131749
0.000145155
0.000166945
0.000166918
0.000146822
0.000163098
0.000231252
0.000140434
0.000140434
0.000119605
0.000139712
0.000126949
0.000111279
0.000190207
0.000190207
0.000193537
0.000193537
0.000112279
0.000122889
0.000186678
0.00013657
0.000122435
0.000122049
0.000185087
0.0001827
0.00012753
0.000127897
0.000159555
0.000151748
0.000117775
0.000117782
0.000166301
0.000166301
0.000217048
0.000173899
0.000148196
0.000122926
0.000122926
0.000168406
0.000128678
0.000119281
0.000145568
0.000118248
0.000118248
0.000116842
0.000116842
0.000116841
0.000116786
0.000123466
0.000125376
0.000143674
0.0001256
0.000163686
0.00012431
0.000114982
0.000136514
0.000115502
0.000139598
0.000172239
0.000131057
0.000132162
0.000132162
0.000114303
0.000112446
0.000117181
0.000117181
0.000112088
0.000129536
0.000129536
0.000154435
0.000172796
0.000148647
0.000148647
0.000156289
0.000152776
0.000134805
0.000135069
0.000141815
0.00011411
0.000138672
0.000126943
0.000124328
0.000124328
0.00016648
0.000113463
0.000132617
0.00012417
0.000133156
0.000139833
0.000134802
0.000124624
0.000124624
0.000161578
0.000165009
0.000105283
0.000117702
0.000149895
0.000120171
0.00011699
0.00011699
0.000118226
0.000110925
0.000111076
0.000109538
0.000112238
0.000104
0.000134807
0.000124065
9.89298e-05
0.000111289
0.000109615
0.000109615
0.000136366
0.000158932
0.000177074
0.000127617
0.000156075
0.000145038
0.000109348
0.000109348
0.000120239
0.000121576
0.000117736
0.000108795
0.000111003
0.000111003
0.000196614
0.00019981
0.000157905
0.000157905
0.00010867
0.00010867
0.000109657
0.000109657
0.000131696
0.000115792
9.78335e-05
8.64352e-05
0.000113827
0.000113827
9.43613e-05
0.000112116
0.000108604
0.000108604
0.000137981
0.000137461
0.000144896
8.77733e-05
0.000108613
0.00011958
0.00011958
0.000135713
0.000135713
0.000107174
0.000107174
0.000153088
0.000143564
0.000188502
0.000188502
0.000139506
0.000152881
0.000148735
0.000165772
0.000150235
0.000119724
0.000119724
0.000103676
0.000102969
0.000158359
0.000158359
0.000108576
0.00010917
0.000113353
0.000113353
0.000175113
0.000140338
0.000106811
0.000106811
0.00015514
0.00015514
0.000132947
0.000132947
0.000141093
0.000141093
0.000151367
0.000151367
0.000114759
0.000103154
0.000111934
0.000111934
0.000104624
0.000104935
0.000210021
0.000161666
0.000107407
0.000105958
0.000134599
0.000160906
0.000175707
0.000175707
0.000112466
0.000112466
0.00011258
0.000102549
9.00337e-05
0.000124299
0.000129314
0.000129953
0.000151276
0.00014318
0.00014318
0.00012033
0.000103386
0.000129944
0.000151276
0.00013899
0.000103386
0.000128811
0.000128811
0.000114261
0.000114261
0.000120758
0.000131982
0.000119678
0.000119678
0.000109981
9.93741e-05
0.000134094
0.000134094
0.000158847
0.000189997
0.000111318
0.000127223
0.000102243
0.000102418
0.000151395
0.000151003
0.000174788
0.000174788
0.00012796
0.00012796
0.000119282
0.000102436
0.000134522
0.000134522
0.000103741
0.000103741
0.000120755
0.000121092
0.000110708
0.000102718
0.000154479
0.000113606
0.000106258
0.000106258
0.000115862
0.000115862
9.86356e-05
0.000102408
0.000114179
0.000100962
0.00016062
0.000140172
0.000116673
0.000172349
0.000155173
0.000106661
0.000120556
0.000122374
0.000119817
0.000145218
0.000100902
0.000134935
0.000134935
9.75521e-05
8.95605e-05
0.000112172
0.000123187
0.000108202
9.8179e-05
0.00010675
0.00010675
0.000105988
0.000110219
0.000100525
0.000100525
9.99006e-05
0.000114639
0.00010645
0.00010055
0.000112445
9.7776e-05
0.000122191
0.000121992
0.000112388
0.000112388
0.000140424
0.000140424
0.000116847
0.000116847
0.00017152
0.000108975
0.000156294
9.88022e-05
0.00015598
0.000141592
9.43983e-05
9.42214e-05
0.000157238
0.000139828
0.000105925
0.000103362
0.000107475
0.000107475
9.76887e-05
9.67817e-05
0.000143002
0.000142521
0.000144821
0.000147019
0.000100892
0.000100892
0.000149504
0.000189797
0.000175226
0.000182451
0.000102879
0.000107562
0.000117802
0.000114673
0.000139401
0.000139315
0.00015554
0.00015554
9.60922e-05
9.60922e-05
9.55366e-05
9.55366e-05
0.000123359
0.000123359
0.000122178
0.000111766
0.000104414
0.000104414
0.000111691
9.7093e-05
0.000137162
0.000127324
0.000141442
0.000141442
0.000124846
0.000124846
0.000123788
0.000122536
9.51074e-05
0.000105187
9.22044e-05
0.000107745
0.00011897
0.000108613
0.000141098
0.000139933
9.11646e-05
9.63851e-05
0.000135965
0.000135965
0.000116538
0.000138206
0.000108017
9.92506e-05
0.000144345
0.000144345
0.000151318
0.000114871
9.43063e-05
9.43063e-05
0.000104349
0.000105479
0.000115563
0.000115563
9.69144e-05
9.72646e-05
0.000131472
0.000195724
0.000121034
0.000121034
0.000149953
0.000141511
0.000145927
0.000142512
0.000120416
0.000105411
0.000110264
0.000115025
0.00010014
9.86161e-05
0.000126363
0.000115774
9.42405e-05
9.36364e-05
0.000135684
0.000146162
9.25287e-05
9.25287e-05
9.26637e-05
9.26637e-05
0.000100556
9.39346e-05
9.14081e-05
9.04402e-05
8.81891e-05
9.16043e-05
0.000112417
9.71406e-05
0.000108002
0.000108002
0.000153441
0.000114232
0.000115577
0.000115143
0.000136094
9.64616e-05
9.14523e-05
9.14523e-05
9.1535e-05
9.12363e-05
9.21554e-05
9.21554e-05
