0.000114865
0.000112498
0.000106946
0.000151337
9.59804e-05
0.000175757
9.59753e-05
0.000161475
0.000156548
0.000163568
0.00016122
0.000142659
0.00016451
0.000183183
0.000110838
0.000141774
0.000131802
0.000119674
0.000169148
0.00010093
0.000114259
0.00015143
0.000122485
0.000120567
0.000102758
0.000204682
0.000121785
0.000133753
9.58983e-05
0.000129729
0.000130553
0.000183512
0.000145587
0.000188159
0.000159911
0.000177169
0.000116287
0.000130977
0.000125717
0.000135974
9.30741e-05
0.000115892
0.00021663
9.24048e-05
0.000145178
0.000221305
0.000212711
0.000107825
9.238e-05
0.000119786
0.000141403
0.000187228
0.00010872
0.000162034
0.000109051
0.000115246
0.000121301
0.00019473
0.000114192
0.000203068
0.000168168
0.000152503
0.000106944
0.000110206
0.000166392
0.000141851
0.000225051
0.000235327
0.000257009
0.000105979
0.000108335
0.000176373
0.000172717
0.000173442
0.000172845
0.00018618
0.000165606
0.000108108
0.000109843
0.000196987
0.000120477
0.000147594
9.87292e-05
0.000103135
0.000116793
0.000258803
0.000198565
0.00010712
0.000208704
0.000194907
0.000130087
0.000112523
0.000157185
0.000151756
0.000209402
0.000167733
0.00019473
0.000200645
0.000134843
0.000110548
0.000147946
0.000138955
0.000115236
0.000146338
0.000134743
0.000117984
0.000114023
0.000127114
0.000145434
0.00014257
9.47717e-05
0.000128306
0.000117883
0.000144319
0.00012787
0.000117883
9.28869e-05
0.000214083
0.000166693
0.000101263
0.000151919
0.000159725
0.000193107
0.000109601
0.000142468
9.13922e-05
0.000191431
0.000183183
0.000106606
0.000223151
0.000123982
0.000164022
9.57102e-05
0.000117967
0.000166809
0.000147055
0.000148422
0.000209402
0.000191385
0.000148812
0.000159981
0.000183749
0.000160871
0.000205302
0.000138785
0.000140876
0.000196987
0.00020261
0.000226602
0.000141774
0.000208885
0.000116771
0.000146465
0.000160739
0.000102149
0.000122834
0.000130086
0.000181992
0.000185982
0.000184089
0.000109683
0.000131435
0.000103332
0.000125443
0.000165866
0.000120901
0.000226857
0.000139915
0.000115123
0.000102698
0.000124331
0.000282958
0.000160743
0.000183402
0.000163246
9.73785e-05
9.16312e-05
0.000156548
0.000164459
0.000107012
0.000130982
0.000101706
0.000153536
0.000223542
0.000217834
0.000208094
8.77211e-05
0.000189044
0.000122519
0.000108149
0.000117781
0.000207432
0.0001363
0.000183561
0.000178056
0.000104185
0.000227319
0.000194081
0.000128704
0.000217985
0.000143185
0.00018534
0.000124562
0.000246409
0.000133697
0.00012978
0.000151065
0.000123634
0.000198287
0.000112328
0.000195385
0.000148395
0.000184213
0.000116015
0.000117461
0.00023629
0.000120965
0.000196989
0.000133238
0.000120027
8.68059e-05
0.000103794
0.000185164
0.000138424
0.000192927
0.000183122
0.000100932
9.9392e-05
0.000130806
0.000238331
0.000171604
0.000139897
0.000192971
9.86236e-05
0.000117847
0.000145086
0.000112718
0.000121988
0.000115588
0.000215918
0.000145766
0.000234558
0.00016945
0.000204077
0.000147505
0.000143504
0.000141428
0.000132608
0.000147382
0.000154141
0.000159883
0.0001566
0.000176258
0.000133214
0.000110315
0.000109002
0.000141359
8.60419e-05
0.000144471
0.000202292
0.000201816
0.000163601
0.000238331
0.000106948
0.000125443
8.70671e-05
0.000124643
0.000124005
0.000120773
0.000153527
0.000152495
0.000143568
0.000126015
0.000126015
0.000208641
0.000177675
9.97324e-05
0.000132722
0.000140085
0.000166945
0.000163601
0.000114923
0.000255675
0.000134746
9.78714e-05
0.000100978
0.000125992
0.000170618
0.000121408
0.000122473
0.000173237
0.000125413
0.00023758
9.19266e-05
0.000123982
0.000142286
0.000119508
0.000122245
0.000119802
0.000148061
0.000118636
9.13922e-05
9.05531e-05
0.000139982
0.000135318
0.000140786
0.000144098
0.000193188
0.000179644
0.000172045
9.53452e-05
0.000135836
0.000118563
0.000117378
0.00022491
0.000130087
0.000184515
0.000107439
0.000163383
0.000152849
0.000139141
0.000122636
0.000136769
0.000127221
0.000138757
0.000115937
0.000134
0.000126548
0.0001223
0.000220102
0.000173097
0.000168857
0.000138119
0.000208094
0.000163749
0.000157409
0.000123675
0.000139475
0.000124219
0.000109415
0.000171009
0.000213274
0.000129163
0.000123273
0.000108929
0.000175188
0.000120952
0.000151292
0.000107169
0.000195385
0.000121719
0.000184316
0.000147309
0.000117934
0.000253148
0.000118514
0.000246409
0.000112517
0.000155262
0.000121402
0.000140961
0.000117251
0.000139682
0.000136228
0.000122578
0.000218689
0.000127341
0.000122048
0.000187555
0.000162518
0.000197923
0.000171318
0.000111484
9.75134e-05
0.000198565
0.000124331
0.000130314
0.00020615
0.000124781
0.000113917
0.0001079
0.000104307
9.16312e-05
9.91964e-05
0.000208254
0.000167708
0.000115025
0.000188788
0.000114034
0.000184576
0.000113507
9.57264e-05
0.000146383
0.000154636
0.000174881
0.000121918
0.00013082
0.000125233
0.000187597
0.000172941
0.000126675
0.000113453
9.88226e-05
9.7799e-05
0.000168543
0.000126346
0.000114315
9.65029e-05
0.000187386
0.000123883
0.000169717
0.000102633
0.000143917
0.000201955
0.000133548
0.000104913
0.000112832
0.00012361
0.000136493
9.01593e-05
9.39657e-05
0.000120166
0.000117038
0.00010763
0.000201378
0.000106922
0.000149525
0.000112641
0.000164725
0.000113247
0.000105147
0.000224654
0.000150729
0.000122965
0.000145151
0.000151747
0.000209352
0.000148316
0.00010943
0.000131912
0.000145184
0.000149575
0.000180593
0.000129344
9.69843e-05
0.000208763
0.000157661
0.0001926
0.000208831
0.000186572
9.55696e-05
9.22154e-05
0.000152395
9.43186e-05
0.000182693
9.22154e-05
0.000105574
0.000118621
0.000247985
0.000198079
0.000141585
0.000168168
0.000114965
9.94655e-05
0.000212499
0.000129458
0.000130982
0.000148207
0.000111296
0.000201409
0.000184089
0.000162813
0.000128703
0.000138318
0.000244487
0.000200831
0.000194893
9.21037e-05
0.000125511
0.00018688
0.000174588
0.000156052
0.000124295
0.000138177
0.000160185
0.00019242
0.000252225
0.000270782
0.00017528
0.000148452
0.000132094
8.61008e-05
0.000184142
0.00014257
0.000192114
0.000146829
0.000102035
0.00016571
9.40403e-05
0.000104687
0.000185164
0.000102245
0.000130148
0.000162576
0.000148221
0.000131053
0.000252228
0.00012405
0.000197955
0.000146876
0.000146903
0.000124156
0.000136538
0.000131713
0.000189285
0.000135164
0.000131854
0.000139828
0.000183511
0.000142468
0.000170805
0.000190031
0.00013121
0.000158283
9.68037e-05
0.000119429
0.000107095
0.000204613
0.00024606
0.00021611
0.000187228
0.000122751
0.000130947
0.000253255
0.00013571
0.000128811
0.000120676
0.000181899
0.000186564
0.000193606
0.000128362
0.000120928
0.000133697
0.000139897
0.000120477
0.000139475
0.000179905
0.000150837
0.000172325
0.000170306
0.000125165
0.000122751
0.000147361
9.04041e-05
0.000122764
0.000119707
0.000203676
0.000135737
0.000235345
0.000158099
0.000123262
0.000153211
0.00012898
0.000215332
0.000122838
0.000153077
0.000136942
0.00021923
0.000140071
0.000192301
0.000141319
0.000200466
0.000193652
0.000204849
0.000155247
0.000129428
0.000134738
0.000150791
0.000112243
0.000151757
0.000118497
0.000150563
0.000150249
0.000203272
0.000184071
0.000130271
9.82677e-05
0.000168047
0.000165659
0.000145845
0.000133411
0.000152495
0.000197678
9.07385e-05
0.000122732
0.000162477
0.000154515
0.000113053
0.000183299
0.00016727
9.83707e-05
0.00020498
0.000105999
0.00012798
0.00014292
8.7242e-05
0.000106947
0.000265554
0.000258068
0.000165037
0.000112975
0.000144351
0.000145262
0.000102758
0.000103592
0.0001223
0.000147173
9.91967e-05
0.000203162
0.000247488
0.000265118
0.000129344
0.000157023
9.77973e-05
0.000125532
0.000135448
0.000138044
0.000183606
0.000163554
0.000101466
0.000167465
0.000157428
0.000164265
0.000128943
0.000174338
0.000120225
0.00010633
0.000144351
0.00012097
0.000134498
9.95545e-05
0.000160265
0.000193302
0.000164767
0.000102768
0.000124527
0.000151686
0.000115882
0.000136562
0.000136075
0.000165526
9.62035e-05
0.00012495
0.000124925
0.000102633
0.000102633
0.000113738
0.000115741
0.000138299
0.000137994
0.000178073
0.000136446
0.000131853
0.00014133
0.00012645
0.000156324
0.000229428
0.000126155
0.000108413
0.000131058
9.24195e-05
0.000104669
0.000122867
0.000120974
0.000154032
0.00011979
0.000125199
0.000145839
0.000131071
0.000133886
0.000117337
0.000168604
0.000183135
0.00013884
0.000106127
0.000139397
0.000127749
0.0001256
0.000174666
0.000122756
0.000122756
0.000120965
0.000119782
0.00013824
0.000176298
0.000115246
0.000128331
0.000115246
0.000115246
0.000174803
0.000131102
0.000154818
0.000147286
0.000100689
0.000115937
0.000205559
0.000191568
0.000187197
0.000160386
0.000148338
0.000176265
9.1872e-05
9.40781e-05
0.00010863
0.000145437
0.000233658
0.00016312
0.000108463
0.000227456
0.000140225
0.000138459
0.000114209
0.000246665
0.000186982
0.000187628
0.000133319
0.000178925
0.000181663
0.000165335
0.000181198
0.000134456
0.000150894
0.000167734
0.000138815
0.000141479
0.000140026
0.000137351
0.000110766
0.000133696
0.000162413
0.000230049
0.000230049
0.000163263
0.000144453
0.000140349
0.000122432
0.000236233
0.000215449
0.000155323
0.000187597
0.000121718
0.00013562
0.000113628
0.000105389
0.000219958
0.000196342
0.000214903
0.0002003
0.000104454
0.000114315
0.00010827
9.76818e-05
0.000106021
0.000116823
0.000112392
0.000138266
0.000100542
0.000240798
0.00012186
0.000110781
0.000122972
0.000151428
0.000206141
0.000216436
0.000134574
0.000106054
0.000107525
0.000112852
0.000155395
0.000166018
0.000190909
0.000211985
0.000145781
0.000118075
0.000156748
0.000123238
0.000152668
0.000158307
0.000201116
0.000200811
0.000125192
9.84103e-05
0.000166265
0.000133731
0.000166956
0.000119372
0.000119062
0.000135002
0.000236839
0.000236839
0.000203608
0.000203608
0.000163247
0.000154878
0.000171889
0.000128534
9.21037e-05
0.000183291
0.000219326
0.000233318
0.000189746
0.000172325
0.000207734
0.000202202
0.000144268
0.00014589
0.000190961
0.000190961
0.000151704
0.000144096
0.000160407
0.000143175
0.000208079
0.000160233
0.000116793
0.000104776
0.000166751
0.000135838
0.000107169
0.000107439
0.000192363
0.000215149
0.000185335
0.000185249
0.000107774
0.000147757
0.000133044
9.68644e-05
9.89206e-05
9.80268e-05
0.000213856
0.000213856
0.000103227
0.00013156
0.000108396
0.000148291
0.000110696
0.000110712
0.000141422
0.000209134
0.00018052
0.000180041
0.000186535
0.000186535
0.000184258
0.000186092
0.000159451
0.000142617
0.000200339
0.000193966
0.000191602
0.000187771
0.000211392
0.000220805
0.000177436
0.000177436
0.000201136
0.000201136
0.000102389
0.000127341
0.000121713
0.000172129
0.000223429
0.000223429
0.000135376
0.000127471
0.000133697
0.000113885
0.000204864
0.000204864
0.000177454
0.000145086
0.000162914
0.000146377
0.000112605
0.000151428
9.40403e-05
0.000175032
0.000174326
9.39359e-05
0.00019489
0.000182152
0.000203043
0.000203043
0.000137932
0.000145188
0.000215727
0.000215727
0.000223556
0.000185803
0.000176149
0.000123466
0.000108691
0.000145186
0.000139598
0.000125763
0.000152147
0.000122866
0.000215235
0.000106947
9.5751e-05
0.000140055
9.81022e-05
9.63077e-05
0.000171474
0.000171474
0.000169905
0.000156226
0.000119602
9.89007e-05
0.000187189
0.000187189
0.000101903
0.000104447
0.000128362
0.000134754
0.000168285
0.000146939
0.000111142
9.5176e-05
0.000183171
0.000183171
0.000141513
0.000147594
0.000163551
0.000134538
0.000146162
0.000112512
0.000152536
0.000128502
0.000115933
0.000116346
0.000147828
0.000207434
0.000166442
0.000204056
0.000178341
0.000187098
0.000117771
0.000140256
0.000120837
9.44838e-05
9.96958e-05
0.000105179
0.00019036
0.000164615
0.000202557
0.000162624
0.000208608
0.000200388
0.000193374
0.000193374
0.000173926
0.000183513
0.000129849
0.000120914
0.00019689
0.000100854
0.000218184
0.000109917
0.00017772
0.000208369
0.0001348
0.0001015
0.000216282
0.000120801
0.000202363
0.000202363
0.000109667
0.000105897
0.000134473
0.00013291
0.000171618
0.000171618
0.000159937
0.000157897
0.00011079
0.000118678
0.000222063
0.000206732
0.00013341
0.000124616
0.000157856
0.000107296
0.00023759
0.000181106
0.000169169
0.000154432
0.000145697
0.000131171
0.000171434
0.000158852
0.00018063
0.000162397
0.000117461
0.000180591
0.000116759
0.000174436
0.000178026
0.000178026
9.60177e-05
0.000121997
0.000156137
0.000148195
0.000154687
0.000153495
0.000153495
0.00010522
9.57417e-05
0.00011383
9.71919e-05
0.000121713
0.000121713
0.000161543
0.000199501
9.18418e-05
0.00016352
0.000174941
0.000154597
0.000176703
0.000132529
0.000151561
0.000147309
0.000103931
0.000135117
0.000150928
0.000145846
0.000139303
0.000147656
0.000147656
0.000116254
0.000110132
0.000189516
0.000189516
0.000107377
0.000108565
0.000203293
0.000147923
0.000147923
0.000113006
0.000117596
8.92754e-05
0.000176869
0.000147006
0.000147006
0.000130762
0.000135752
8.88492e-05
0.000103592
0.000187346
0.000178534
9.6145e-05
0.000109946
0.000140961
0.000165749
0.000189893
0.000174297
0.000204521
0.000198421
0.000160052
0.000152208
0.000122867
0.000145026
0.000147073
0.000164874
0.000149896
0.000149896
0.000145564
0.000144076
0.000148715
0.000154261
0.000182613
0.000191438
0.000174753
0.000179656
0.000141727
0.000139883
0.000103133
0.000106306
0.000145011
0.000192235
0.000104208
0.000100947
0.000218236
0.000141388
0.000183575
0.000103401
9.53178e-05
0.000120516
0.000152277
0.000197482
0.000146292
0.000138785
0.000184296
0.000184296
9.18309e-05
0.000194931
0.000162104
0.000163299
0.000174732
0.000193719
0.000110649
0.000146744
0.00010346
0.000136262
0.000189911
0.000147482
0.000117753
9.3733e-05
0.000162978
0.000162978
0.000154573
0.00013785
0.000123786
0.00014218
0.000140565
0.000153212
0.000154476
0.000162824
0.000132503
0.000147169
0.000135374
0.00017912
0.000160635
0.000166483
0.00019696
0.00019696
0.00016644
0.00017289
0.000159692
0.000169884
0.000144392
0.000131798
0.000193111
0.000193111
0.000130706
0.000130706
0.000118169
0.000140624
0.000153628
0.000135063
8.66204e-05
9.57182e-05
0.000101947
0.000103222
0.000137652
0.000133597
0.000148243
0.00013281
0.000159259
0.000159259
0.000137755
0.000137755
0.000151154
0.00013636
0.000140971
0.000140971
0.000132345
0.000132345
0.000156787
0.000156787
0.00013115
0.00013115
0.000120901
0.000131638
0.000165578
0.000155259
0.000175954
0.000166112
0.00015843
0.00015843
0.00014331
0.000147488
0.000142025
0.000130387
0.000132187
0.000131527
0.000131435
0.000121852
0.000123538
0.000182082
0.000164539
0.000153257
0.000130469
0.000130445
0.000203083
0.000182001
0.000177623
0.000190895
0.000129727
0.000122866
0.000133134
0.000140032
0.000207323
0.000136229
0.000136229
0.000137785
0.000137785
0.000186643
0.000186883
0.000137606
0.00015781
0.000217272
0.000149323
0.000186676
0.000163617
0.000131108
0.000128437
0.000140623
0.000140623
0.000196933
0.000195462
0.000174533
0.000173488
0.000139988
0.000116879
0.000141439
0.000159659
0.000200767
0.000127463
0.000157355
0.000142252
0.000157041
0.000157041
0.000135114
0.000126455
0.000158679
0.00015852
0.000103787
0.000135321
0.000226491
0.000161943
0.000126296
0.000126296
0.000126296
0.000126296
0.00012966
0.000135453
0.000110944
9.67266e-05
8.58537e-05
9.78205e-05
0.000163752
0.000163752
0.000151792
0.00012642
0.000163896
0.000170267
0.000170267
0.000138245
0.000119726
0.000159449
0.000126587
0.000168329
0.000168329
0.000205556
0.000155147
0.000106038
9.85731e-05
0.000139867
0.000182839
0.000184745
0.000155277
0.000138046
0.00016953
0.000193454
0.000169639
0.000183155
0.000111509
0.000143588
0.000122317
0.000130877
0.000125799
0.000122096
0.000122071
0.000120402
0.00012253
0.000122197
0.000122197
0.00013325
0.000161824
0.000128208
0.000128208
0.000123274
0.000123261
0.000126641
0.000105143
0.000125773
0.000125773
0.000137745
0.000137745
0.000101987
0.000118563
0.000122459
0.000122459
0.000123199
0.000123199
0.000134986
0.000135651
0.000207914
0.000165746
0.000128782
0.000128782
0.000135318
0.000122245
0.000128782
0.000128782
0.000132829
0.000133076
0.000181723
0.000158771
0.000200531
0.000145188
0.000125898
0.000125898
0.000206885
0.000146377
0.000133066
0.000133066
0.000124793
0.000122317
0.000125186
0.00012253
0.000111422
0.000111422
0.000141866
0.000111872
0.000134505
0.000134505
0.000155305
0.000155305
0.000107734
9.62287e-05
0.000227008
0.000142359
0.000122711
0.000110239
0.000156708
0.000120398
0.000129584
0.000153308
0.000117544
0.000116781
0.000118511
0.000118511
0.000125495
0.000107229
0.000128412
0.000134912
0.000164689
0.000121259
0.000194138
0.00015166
0.000164161
0.000164161
0.000119193
0.000119193
8.63555e-05
0.000155635
0.000133014
0.000176405
0.000119035
0.000187941
0.000123434
9.96898e-05
0.000110555
8.69661e-05
0.000141386
0.000141386
0.000138284
0.000129072
0.000150908
0.000152711
0.000177991
0.000177991
0.000168002
0.000165042
0.000188752
0.000188752
0.000133861
0.000127758
0.000157572
0.000131377
0.000136256
0.000122931
0.000144102
0.000127643
0.000217048
9.9208e-05
0.000113463
0.000192828
0.000141833
0.000118945
0.000188457
0.000142446
0.000117366
0.000117366
0.000150189
0.000150189
0.000127891
0.000110999
0.000145971
0.000114401
0.000146403
0.000143645
0.00013754
0.000119262
0.000137421
0.000161408
0.000133601
0.000133601
0.000150532
0.000150532
0.000147822
0.000118599
0.000106089
0.00012961
0.000163657
0.000163657
0.000174023
0.000147927
0.000159488
0.000138369
0.000154852
0.000154852
0.000115983
0.000110511
0.000128999
0.000128999
0.000119341
0.000119341
0.000108355
0.000104301
0.000108086
0.000111442
0.000142116
0.000142116
0.000163213
0.000163213
0.00011589
0.000110662
0.00011647
0.000113174
0.000154701
0.000161304
0.000255356
0.000143502
0.000137068
0.000127869
0.000143603
0.000131734
0.000119062
0.000124497
0.00014268
0.000143344
0.000113225
0.000113225
0.000142534
0.000110134
0.000121594
0.000112176
0.000137786
0.000137786
0.000118639
0.000118639
0.000103583
0.000102646
0.000117843
0.0001088
0.000128226
0.000114883
0.000113909
0.000113909
0.000109227
0.000107689
0.000184992
0.000167345
0.000118839
0.000107095
0.000162546
0.000162546
0.000114492
0.000114492
0.000115189
0.000115189
0.000124065
0.000168698
0.000116516
0.000116516
0.000132613
0.000185738
0.000125814
0.00013702
0.000121103
0.00011884
0.000129469
0.000129469
0.000154427
0.000124221
0.000131485
0.000131485
0.000129108
0.000125022
0.000159101
0.000122037
0.000209541
0.000139582
0.000123342
0.000123342
0.000171438
0.000144896
0.000117377
0.000130037
0.000130037
0.000123853
0.000106854
0.000178326
0.000128615
0.000149826
0.000149826
0.000122752
0.000106806
9.71331e-05
0.000106059
0.000103925
0.000107366
0.000109937
0.000109937
0.000113232
0.000111268
0.000174554
0.000174554
0.000136372
0.000108322
0.000133717
0.000108448
0.000122276
0.000128692
0.000242256
0.000145358
0.000180165
0.000165655
0.00013815
0.00013815
0.000108907
0.000109421
0.000149933
0.000175553
0.000115046
0.000110124
0.000103409
0.000102457
0.000128565
0.000128565
0.000144631
0.000128294
0.000109353
0.000143843
0.000111362
0.000111362
0.000105737
0.000132705
0.000159282
0.000159282
0.000145574
0.000147556
0.00014114
0.000104663
0.000117813
0.000117813
0.000100512
8.58861e-05
0.000119655
9.90657e-05
0.000172129
0.000121713
0.000123285
0.000107601
0.000131026
0.000119521
0.000119978
0.000111019
0.000103254
0.000103254
0.000158439
0.000158439
0.000114533
0.000114533
0.00012097
0.000104491
0.000148047
0.000135145
9.87423e-05
9.87423e-05
0.000105662
0.000100938
0.000117923
0.0001689
0.000149474
0.000146393
0.000110968
0.000103561
0.000126465
0.000146926
0.000110774
0.000128337
0.00012329
0.000107033
0.000107033
0.000122373
0.000110283
0.000101327
9.66872e-05
0.000117642
9.44295e-05
0.000146386
0.000111839
0.000134703
0.00014474
0.000100628
0.000162252
0.000156152
0.000156152
0.000147466
0.000111431
0.000183595
0.000108553
9.95273e-05
0.000141001
0.000152393
0.000100022
8.83971e-05
0.000155173
0.000106661
9.98125e-05
0.000104373
0.00014881
0.00014881
0.000100902
9.92266e-05
0.000117253
9.9694e-05
0.000140072
0.000120181
9.72868e-05
0.000117731
9.91128e-05
0.00016984
0.000102925
8.74158e-05
9.56589e-05
0.000134273
0.000154846
0.000101431
0.000101431
0.00013881
0.000155587
0.000131019
0.000160086
0.000209939
0.000124526
0.000128548
0.000128548
0.000100525
0.000100525
0.000132749
0.000132749
0.000101294
0.000101294
9.89805e-05
9.79669e-05
0.000163419
0.000140564
0.000149848
0.000113346
9.39256e-05
8.41302e-05
0.00015401
0.00015401
0.00012828
0.000102898
0.000156825
0.000106283
9.43983e-05
9.42214e-05
0.000151492
0.000162315
0.000133193
0.000105337
0.000122514
9.96388e-05
0.000100068
0.00013279
0.000212532
0.000159608
0.000153457
0.000148445
9.47601e-05
9.76851e-05
0.00012488
0.00012488
0.000156364
0.000102562
9.56928e-05
9.56928e-05
0.000125024
0.000100631
0.000148044
0.000137213
0.000118454
0.000101489
0.000124554
0.000124554
8.96617e-05
8.11571e-05
0.000128151
0.000104237
0.000144077
0.000144077
0.000150122
9.95052e-05
0.000139879
0.000150602
9.48407e-05
9.48407e-05
0.000119552
0.000119552
0.000105938
0.000105938
0.000116333
9.57004e-05
0.000102426
0.000118381
9.43615e-05
9.43615e-05
0.00018538
0.000126557
0.000175463
0.000115102
9.03228e-05
9.70388e-05
0.000165881
0.000158744
0.00014631
9.90127e-05
0.000128436
0.000110781
0.000127759
9.0284e-05
0.000114894
0.000101936
9.86161e-05
0.000141501
0.000133922
0.000137841
0.000109838
0.000181998
0.000118274
0.000132663
0.000132663
0.000105432
0.000105432
9.14081e-05
9.24596e-05
8.9099e-05
0.000156388
0.0001523
9.19056e-05
9.19272e-05
0.000105143
0.000108334
0.000115143
9.47814e-05
9.47814e-05
0.000120798
0.000120798
0.00014928
0.000142231
9.17761e-05
9.17761e-05
0.000141933
0.000129359
9.4256e-05
9.63619e-05
