0.000127773
0.000127648
0.000163713
0.000164464
0.000133997
0.000141721
0.000126682
9.87074e-05
8.67232e-05
0.000127259
0.000154819
0.00012077
0.000140591
0.000155222
0.000260077
0.000130769
0.000134926
0.000162875
0.000131212
0.000104994
0.000119995
0.000139296
0.000118911
0.000118036
0.000131212
0.000200486
0.000151974
9.70325e-05
0.000138951
0.000188995
7.73057e-05
0.00021137
0.000112366
0.000151208
0.000105854
0.000195056
0.000169292
0.000238195
0.000148986
0.00013324
0.000183061
0.000197112
0.000109655
0.000147561
0.000154954
0.000134031
0.000123191
0.000168605
0.000118941
0.000153083
0.000142328
0.000217315
0.00010437
0.000144267
0.000263898
0.000113766
0.000134538
0.000100303
9.71997e-05
0.000212388
0.000137751
0.000130858
0.000217942
0.000127422
0.000127664
0.00014786
0.000200273
0.000112786
0.000100093
0.000120206
0.000229038
0.000140079
0.000112384
0.000176654
0.000110691
0.000149828
0.000122164
0.000104225
0.000206501
0.000172387
0.000118368
0.000159087
9.65339e-05
0.000196296
0.000178381
0.000158854
0.000125802
0.000169453
0.000192976
0.000194585
0.000195219
0.000156911
0.000137885
0.000133264
0.000111634
0.000200858
0.000139046
0.000149225
0.000124273
0.000255183
0.000191963
0.000192527
0.000148308
0.000187391
0.000157373
0.000155222
9.3086e-05
0.000127297
0.000183317
0.000119529
0.000259898
0.000192154
0.000109822
0.000178287
0.000176608
0.000141072
0.000113257
0.000247715
0.000206279
0.000127926
0.000191095
0.000218699
0.000112439
0.000154539
0.000130477
0.000124756
0.000161998
0.000137777
9.28138e-05
0.000144267
0.000102257
0.000196026
9.31199e-05
0.000173137
0.000144096
0.000156559
0.00016003
0.000172579
0.000182192
0.000122008
0.000223302
0.000136836
9.28505e-05
0.000181973
0.000106777
0.000131063
0.000152465
0.000143749
0.00010581
0.000135715
0.000155066
0.000133494
0.000111372
0.000142597
0.000134937
0.000130792
0.000155964
0.000134183
0.000109715
0.000133238
0.000147329
0.000120551
0.000159657
0.000195488
0.000139408
0.000185021
0.000212657
0.000138496
0.000172295
0.000110149
0.00021449
0.000133086
0.00011795
0.000250236
0.000130804
0.000145065
0.000134139
0.000105687
0.000147698
0.000151956
0.000139937
0.000143602
0.000135414
0.000174664
9.12467e-05
0.000101544
0.000128403
0.000154593
0.000274479
0.000195377
0.000160383
0.000137259
0.000188703
0.000251963
0.000150957
0.000224964
0.000227945
0.000151657
0.000142339
0.000193778
0.000212657
0.000188741
0.000228101
0.000186927
0.000165264
0.000130038
0.000106181
0.000166419
0.000207348
0.000102459
0.00023727
0.000193442
0.000144197
0.000256026
0.000174824
0.000168932
9.68079e-05
0.000105774
0.000103592
0.000208095
0.000151213
0.00010663
9.84773e-05
0.000133803
0.000121832
0.000113273
0.000179858
0.000197671
0.000239962
0.000111296
0.000102799
0.000155047
0.000162123
0.000187486
0.000106611
0.000216492
0.000221916
0.000182205
0.000238195
0.00017721
0.000199028
0.000102943
0.000168993
0.000180351
0.000154601
0.000126916
0.000194678
0.000116506
0.000178508
0.00014597
0.00015888
0.000173723
0.000129796
0.000186969
0.000186819
0.00010298
0.000170384
0.000168308
0.000204459
0.000122432
0.000239858
0.000159126
0.00020092
0.000144186
0.000185797
0.000103863
0.000276157
0.000240902
0.000103783
0.000128785
0.000124471
0.000112801
0.000173071
0.000128691
0.000148283
0.000154954
0.000134183
0.000107628
0.00014508
0.000122746
0.000136358
0.000117378
0.000172678
0.000108986
0.000160602
0.000132068
0.000148324
0.000162039
0.000148764
0.000183182
0.000145661
0.000144354
0.000180433
0.000106101
0.00010697
0.000145606
0.000187796
0.000127978
0.00010151
0.000115239
0.000101223
0.000267441
0.000167195
0.000227525
0.000188802
0.000128492
0.000134555
0.00021449
0.000116344
0.000119036
0.000131155
0.000192327
0.000132376
0.000168696
9.46458e-05
9.89865e-05
0.000130721
0.000137442
0.000157374
0.000162408
0.000132722
0.000156076
0.000179984
0.000129351
0.000157885
0.000145103
0.000148153
0.000135369
0.000255658
0.000128858
0.000121699
0.000146577
0.000151466
0.000139819
0.000128085
0.000164737
0.000111477
9.90616e-05
0.000143709
0.000161998
0.000152841
0.00027393
0.000114857
0.000130853
0.000203654
0.000203409
0.000184557
0.000167763
0.000160101
0.00010814
0.000151608
0.000158498
0.000128401
0.000176267
0.000185225
0.000122546
0.000120475
0.000133473
0.000206279
0.000146186
0.000109059
0.000131499
9.95454e-05
0.000101112
0.00011795
0.000126752
0.000116194
0.000163285
0.00017299
0.00015072
0.000101793
0.000108587
0.000106282
9.72478e-05
0.000100545
0.000126307
0.000208833
0.000154593
0.00010708
0.000123464
0.000104972
0.000116647
9.39774e-05
0.000121187
0.000130735
0.000209682
0.000208211
0.000136325
0.000145634
0.000109848
0.000110691
0.00010296
0.000227787
0.000103343
0.000156056
0.000160719
0.000106746
0.000110586
0.000191203
0.000125529
0.000116066
0.000124232
0.000196424
0.000120748
0.000114654
0.000103843
9.94137e-05
9.47471e-05
0.000134272
0.00018323
0.000158932
0.000139046
0.000165274
8.99373e-05
0.000145781
0.000168754
0.000140978
0.000165352
0.00014869
0.000174316
0.000144409
9.86546e-05
0.000124161
0.000126043
9.30127e-05
0.000121643
0.00010663
0.000123662
9.63772e-05
0.000251963
0.000274479
0.000141294
0.000184787
0.000121203
0.000207442
0.000102341
0.000149199
0.000143062
0.000154539
0.000139096
0.00017262
9.91914e-05
9.95547e-05
0.000117536
9.85684e-05
0.000154286
0.000162582
0.000162737
0.000173675
0.000137552
0.000191164
9.30127e-05
0.000188802
0.000123891
0.000201747
0.000137204
0.000107325
0.000212212
0.000120154
0.000191164
0.000127048
0.000116481
0.000175039
0.000121552
9.85684e-05
0.00012607
0.000112388
0.000145394
0.000141223
0.000155705
0.000146008
0.000225323
0.000142888
0.000189865
0.000192327
0.000172115
0.000172115
0.000143906
0.000195342
0.000143503
0.000100309
0.000108845
0.000166839
0.000112309
0.000109148
8.68854e-05
0.000198378
0.000182673
0.000177193
0.000138132
0.000171308
0.000173723
0.000227001
9.28576e-05
0.000108802
0.000267882
0.000107423
0.000137605
0.000148781
0.000152465
0.000175613
0.000213979
0.000166655
0.000158901
0.000140066
0.000192853
0.000155017
0.000104837
0.000119035
0.000188926
0.000132626
0.000189865
0.000200486
0.000134892
0.000173649
0.000203601
0.000121643
0.000185519
0.000144503
0.000133445
0.000163748
0.00010115
0.000100279
0.0002523
9.72776e-05
0.000131128
0.000171546
0.00014578
0.000125829
0.000119809
0.000151477
0.000118893
0.000131339
0.000171868
0.000133068
0.000102094
0.000194377
0.000131969
0.000135982
0.000112439
0.000241961
0.000112469
0.000149567
0.00011925
0.000133127
0.000195975
0.000200858
0.000200815
0.000177228
0.000119391
0.000295702
0.000133494
0.000194465
0.000140587
0.000188377
9.50106e-05
0.000177056
0.00014534
0.000169822
0.000176674
0.000139743
0.000187632
0.000185843
0.000155066
0.000130735
0.000169961
0.000147265
0.000176971
0.000121515
0.000281196
0.000143197
0.000139414
0.000192398
0.000151635
0.000138036
0.00016335
9.63176e-05
9.77802e-05
0.000175774
0.000134555
0.000230655
0.000194117
0.000145499
0.000145196
0.000127089
0.00013816
0.000137867
0.000148466
0.000219749
0.000127486
0.000196239
0.000220952
0.0002136
0.000160618
0.000127565
0.000127436
9.64292e-05
0.000160359
0.0001306
9.30241e-05
0.000177024
0.000121766
0.000197141
0.000159154
0.000129281
0.00019215
9.95744e-05
0.000156211
0.00013334
0.000158205
0.000100828
0.00017773
0.000176213
0.000152544
0.000152943
0.000252912
0.00024981
0.000175895
0.000157056
0.000112384
0.000132782
0.000250231
0.000243391
0.000115478
0.000143709
0.000113637
0.000111578
0.000218701
0.000207128
0.000203544
0.000133127
0.000196368
0.000162567
0.000152575
0.000127926
0.000109271
0.000132805
0.000202897
0.000164957
0.000113422
0.000160764
0.000160632
0.000126072
0.000115518
0.000135714
0.000145054
9.61982e-05
0.00011952
0.000125529
9.72693e-05
9.3207e-05
0.00012831
0.000107191
0.000184259
0.000121899
0.000133501
0.00013975
0.000126235
0.000111014
0.000249111
0.000250354
0.000194608
0.00021171
0.000132227
0.000131891
9.68071e-05
0.000276626
0.000218024
0.000243191
0.000163798
0.000155135
0.000106181
0.000200826
9.03561e-05
0.000116564
0.000133763
0.000113215
0.000149118
0.000221351
0.000137679
0.000110034
0.000177872
0.000139559
0.00014594
0.000104361
0.000110755
0.000166993
0.000108712
0.000118892
0.000148426
0.000180376
0.000266437
0.000233078
0.000124083
0.000173271
0.000137692
0.000126487
0.000133091
9.07688e-05
0.000100887
0.000118489
0.000203419
0.000253889
0.000183128
0.000166246
0.000244801
0.000157763
0.000156983
0.000174291
0.000146154
0.00010459
0.000124991
9.45928e-05
0.000106886
0.00010599
0.000144277
0.00010822
0.000176798
0.000147248
0.000147698
0.000162737
0.000140087
0.000131789
0.000140066
0.000180743
0.000136415
0.000100095
0.000143153
0.000159492
0.000152318
0.00012333
0.000138036
0.000100331
0.000138266
0.00012815
0.000226834
0.000135741
0.000100887
0.000100484
0.000163397
0.000110844
0.0002017
0.00015808
0.000109564
8.80195e-05
0.000128383
0.000127191
0.00015877
0.000114224
0.00013334
0.000158346
0.000217482
0.000109008
0.000120197
0.000114179
0.000131729
0.000151157
0.000208362
0.00011226
0.000107068
0.000132917
0.000143635
0.000180018
0.000180018
0.000211441
0.000166777
9.86821e-05
0.000103876
0.000113982
0.000253982
0.000263045
0.000199196
0.000236689
0.000119489
0.000134156
0.000123372
0.000133186
0.000229444
0.000196875
0.000216479
0.000114758
0.00013842
0.000130832
0.000142614
9.55545e-05
0.000104994
0.000109618
0.000104994
0.000108845
0.000115599
0.000108641
0.000167102
0.000190447
0.000105812
0.000228482
0.000228482
0.000220381
0.000239182
0.000166583
0.000213797
9.30127e-05
9.65339e-05
0.000257554
0.000257554
0.000266212
0.000103004
0.000121825
0.000163647
0.000170816
0.000143062
0.000148146
0.000137687
0.000210311
0.000210311
0.000143022
0.000149302
0.000184787
9.72693e-05
9.72693e-05
9.72693e-05
0.000191103
0.000150279
0.000148077
0.000152465
0.000155718
0.000156975
0.000119612
0.000116669
0.00010296
0.000138308
0.000158468
0.000115434
0.000127375
9.85684e-05
9.85684e-05
0.000107963
0.000132634
0.000109325
0.000109018
9.93799e-05
0.000156485
0.000146379
0.000115232
0.000122172
0.00011481
0.00017746
0.000159964
8.02693e-05
0.000100905
0.000200325
0.000200325
9.84773e-05
0.000145483
0.000219907
0.000219907
0.000168742
0.000100917
0.00024
0.000234279
0.000201747
0.000201747
0.000127978
0.000133445
0.000124533
9.1933e-05
0.00018334
0.00011717
0.000106833
0.000105938
0.000107312
0.00019554
0.000129832
0.000129224
0.000192519
0.000192519
0.000118941
0.000123847
9.50723e-05
0.000164479
0.000176006
0.000169913
0.000210076
0.000196256
0.000211111
0.000211111
0.000122172
0.000125802
0.000108136
0.000127878
0.000153036
0.000171237
0.00010459
0.000137885
0.000164878
0.000153295
0.000119878
9.73956e-05
0.000106329
0.00014895
0.000174591
0.000205494
0.000111598
0.000157999
0.000142092
0.000111098
0.000106035
0.000214054
0.000137723
0.000104424
0.000156619
0.000211135
0.000116378
0.000202676
0.000202676
9.1022e-05
0.000211874
0.000104193
0.000118451
0.00022115
0.00022115
0.000183539
0.000183539
9.38815e-05
9.30127e-05
0.000203444
0.000223729
0.000154943
0.000112259
0.00019838
0.000158194
0.000171345
0.000183478
0.000153226
0.000167827
0.000180176
0.000182325
0.000139185
0.000118578
0.000200571
0.000200571
0.000182188
0.000182188
0.000188473
0.000188473
0.000181445
0.000181445
0.000151281
0.000189878
0.000148021
0.000104896
9.06335e-05
0.000116943
0.000185021
0.00013393
0.000175296
0.000129255
0.000159978
0.00018259
0.000105653
0.000132135
9.96483e-05
0.000210598
0.000201721
0.000201721
0.00011578
0.000117576
8.68854e-05
9.50723e-05
0.000101024
0.000100905
0.000202585
0.000174975
0.000168508
9.68007e-05
0.000172096
0.000172096
9.76322e-05
0.000136406
0.000180957
0.00019263
0.000119146
0.000125088
0.000171137
9.90248e-05
0.000138951
0.000167042
0.00018526
0.00011226
0.000200772
0.000195091
0.000131154
0.000100414
0.000156567
0.000121665
0.000205375
0.000191244
0.000127554
0.000113713
9.76219e-05
0.00010623
0.000122691
0.000118336
9.05444e-05
0.000109083
0.000165088
0.000166669
9.24488e-05
9.25048e-05
0.000264874
0.000194852
0.0001056
0.000103925
0.000145634
0.000114377
0.000180258
0.000170012
0.000165178
0.000187391
0.00018494
0.000186301
0.000160597
0.000145065
0.000215115
0.000245934
0.000200553
0.000166099
0.000107421
9.55008e-05
0.00016827
0.000151414
0.000122161
0.000139818
0.000179363
0.000230831
0.00020204
0.00020204
0.000188008
0.000204636
0.000102728
0.000103489
0.000118519
0.000190437
0.000132525
0.000159268
0.000119927
0.00010464
9.11984e-05
0.000102831
0.000157746
0.000135189
0.000225068
0.000225068
0.00016807
0.000181002
0.000110509
0.000144239
0.000140261
0.000131408
9.93084e-05
0.000118526
0.000115322
0.000187211
0.000222229
0.000262554
0.000140886
0.000137551
0.00013415
0.00020877
0.00020877
0.000162003
0.000107529
9.1848e-05
0.000122252
0.000171809
0.000148351
0.000124393
0.000120638
0.00015836
0.00015836
0.000156834
0.000113756
0.000117847
0.00011119
0.000147846
0.000103228
0.000115371
0.000151608
0.000195425
0.000195425
0.000153823
0.000148334
0.00013366
0.00015004
0.000158119
0.000158119
0.000144537
0.000102539
9.51825e-05
0.000133361
0.000159508
0.000159508
0.000108177
0.000114654
0.00020729
0.00020729
0.000140756
0.000120641
0.00017542
0.000160442
0.000128734
0.000124202
0.000158732
0.000158732
0.00014628
0.00014628
0.000174508
0.000185967
0.0001197
0.000137889
0.00014542
0.00014542
0.000149416
0.000145185
0.000172104
0.000145222
0.000207195
0.000207195
0.00014165
0.000155608
0.000148917
0.000108641
0.000100311
0.000103981
0.000145058
0.000149151
0.00015391
0.000132817
0.000154137
0.000130217
0.000145561
0.000153861
0.000194037
0.000194037
0.000176264
0.000140628
0.000139044
0.000167164
0.000167749
0.000158905
9.59306e-05
0.00016572
0.000194978
0.000144925
0.000137163
0.000130133
0.000116931
0.000150743
0.000100525
0.000167121
0.000167121
0.000143057
0.000183554
0.000142175
0.000142175
0.00010096
0.000134091
0.000185982
0.000171928
0.000167352
0.000167352
0.000143176
0.000174046
0.000140026
0.000140026
0.00015972
0.000177622
0.000150458
0.000208295
0.00014932
0.00014932
0.000185928
0.000164181
9.39774e-05
0.000138294
0.00013803
0.000159508
0.000159508
0.00013153
0.000118326
0.000201327
0.000200386
0.000208722
0.000208722
0.000180556
0.000180556
0.000143594
0.000200248
0.000155856
0.000155856
0.000135903
0.000144088
9.47981e-05
0.0001908
0.000137563
0.000137563
0.000200209
0.000171479
0.000192198
0.000195405
0.00015574
0.000160263
0.000148962
0.000148962
0.000116294
0.000105654
9.48474e-05
0.000181528
0.000131288
0.000135641
0.000147181
0.000157079
0.000157079
0.000144802
0.00013362
0.000136087
0.000136087
0.000118309
9.98523e-05
0.000185515
0.000185515
9.62399e-05
0.00011559
0.00013439
0.000134086
0.000142317
9.93799e-05
0.000107419
0.000152378
0.000163483
0.000133868
0.000133868
0.000242672
0.000162923
0.000147594
0.000153009
0.000157104
0.000141238
0.000139912
0.000157468
0.000181929
0.000217822
0.000171853
0.000171853
0.000136904
0.000176481
0.000153544
0.000133534
0.000139385
0.000139385
0.000133717
0.000133717
0.000156594
9.304e-05
0.000163189
0.000124754
0.000100831
0.00010004
9.05482e-05
0.0001715
9.31199e-05
8.9486e-05
0.000133761
0.000128971
0.000172462
0.000172462
0.000123314
0.000140748
0.000139577
0.00018323
0.00014442
0.000148542
0.000112169
0.000137597
0.000137597
0.000125814
0.000124532
0.000180738
0.000128426
0.000162525
0.000162525
0.000171436
0.000184372
0.000157713
0.00013678
0.000167908
0.000164295
0.000111875
0.000130804
0.00012406
0.000129477
0.000142925
0.00013026
0.000152203
0.000152203
0.000126196
0.000124244
0.000143082
0.00014023
0.000136446
0.000121082
0.000123273
0.000157223
0.00012274
0.000120568
0.000189822
0.000189822
0.000132632
0.000132632
0.000202045
0.000108384
9.18109e-05
0.000155284
0.000152008
0.000134039
0.000123932
0.000123932
0.000152925
0.000104997
0.000129134
0.000121672
0.000180907
0.000135473
0.000115046
0.000125398
0.000123545
0.000123545
0.000140751
0.000140751
0.000106939
0.000141065
0.000146286
0.000129228
0.000135473
0.000135473
0.000142785
0.000142785
0.000123573
0.000123573
0.000142785
0.000142785
9.74222e-05
0.000125071
0.000123244
0.000123244
0.000121524
0.000120841
0.000157578
0.000113366
0.000183173
0.000183173
0.000138294
0.000188918
0.000153433
0.000138194
0.000162414
0.000161965
0.000122059
0.000134175
0.000127759
0.000104911
0.000142169
0.000142169
0.000172822
0.000125233
0.000113405
0.000100939
0.000135846
0.00011648
8.90127e-05
0.000112194
0.000147565
0.000119449
0.000163086
0.000163086
0.000163599
0.000171326
0.000132876
0.000126587
0.000118967
0.000118967
0.000146718
0.000167602
0.000142073
0.000142073
0.00010752
0.000130301
0.000117474
0.000113453
0.000201937
0.000128297
0.000135477
0.000135477
0.000173567
0.000161655
0.000126633
0.000126633
0.000142786
0.000142786
0.000139386
0.000108455
0.000126393
0.000126393
0.000169304
0.000174282
0.000130271
0.000129395
0.000129658
0.000110682
0.000115067
0.000128274
0.000153428
0.000161767
0.000155522
0.000155522
0.000148845
0.000147837
0.00017836
0.000137112
0.000113799
0.000114117
0.000144409
0.000185868
0.00011403
0.00011403
0.000116481
0.000121368
0.000103322
0.000129259
0.000151868
0.000130672
0.000190414
0.00013147
0.000111527
0.000149213
0.000161145
0.000112571
0.00011294
0.000145897
0.000145897
0.000132504
0.000132504
0.000146751
0.000115378
0.000135536
0.000135536
0.000112088
0.000112504
0.000159029
0.000158532
0.000158906
0.000170394
0.00018641
0.00018641
0.000162754
0.000141557
0.000162332
0.000161789
0.000111704
0.000111704
0.000118721
0.000107321
0.000109254
0.000109426
0.000175628
0.000177128
0.000177319
0.000177319
0.000158205
0.000113273
0.000138922
0.000138922
0.000157142
0.000177463
0.000175345
0.000131961
0.000110901
0.000149828
0.000111765
0.000120114
0.000120114
0.000118387
0.000126625
0.000130554
0.000115478
0.000130535
0.000106988
0.00013169
0.000137671
0.000135878
0.000110878
0.000156476
0.000128873
0.000113884
0.000113189
0.000107733
0.000117251
0.000108754
0.000108754
0.000178176
0.000190779
0.000141881
0.000114283
0.00010678
0.000127522
0.000151686
0.000151686
0.000121667
0.000123292
0.000108008
0.000108008
0.000181528
0.000114758
0.000125207
0.000110085
0.000126965
0.00010679
0.000142153
0.000128481
0.000118347
0.000109315
0.000113463
0.000114527
0.000150426
0.000111359
0.000166789
0.000166789
0.000161838
0.000148671
0.000130951
0.000130951
0.000137323
0.000101247
8.76922e-05
0.000110729
0.000110729
0.000111553
0.000105844
0.000128703
0.000109372
0.000126156
0.000126156
0.000105674
0.000105674
0.000120844
0.000115754
0.000176283
0.0001711
0.000156207
0.000168632
0.000127038
0.000103237
0.000147872
0.000128179
0.0001342
0.0001342
0.000164521
0.000182356
9.92676e-05
9.92676e-05
0.000105118
0.000105118
0.000108276
0.000108941
0.000104514
0.000104514
0.000117966
0.00015287
0.00015074
0.000115917
0.000170023
0.000153623
0.000122395
0.000161444
0.000190087
0.000146772
0.000184341
0.000147495
0.000118092
0.000111841
0.000132163
0.000118947
0.000122136
0.000122114
0.000191877
0.00012845
0.000139455
0.000108539
0.000102828
0.000123797
0.000116662
0.000156069
0.000107104
0.000107104
0.00015684
0.00017428
0.000183364
0.000126038
0.000108063
0.000128845
0.000114823
0.000117404
0.00015436
0.00016501
0.00013858
0.000158752
0.00012295
0.00010026
0.000174483
0.000106142
0.000105964
0.000159644
0.00015026
0.000149337
0.000149337
0.000100798
0.000117947
0.000112928
0.000125144
0.000150599
0.000104864
0.000145801
9.62689e-05
0.000155749
0.00011637
0.00010901
0.000111281
0.000199581
0.000130329
0.000100094
0.000102508
0.000109708
0.000109708
0.000143386
0.000143386
0.00013757
0.000101556
0.000154554
0.000173975
9.78403e-05
9.78403e-05
0.000161849
0.000158552
0.000125103
0.000115415
0.000182864
0.000130655
0.000139704
0.000139704
0.00013062
0.000142901
9.46911e-05
8.26441e-05
0.000134088
0.000134088
9.99593e-05
8.92625e-05
0.00010828
0.00010828
0.000156029
0.00013555
0.000170154
8.38848e-05
9.89883e-05
9.87085e-05
9.87085e-05
0.000170698
0.000171471
0.000108525
0.000108525
0.000103255
0.000103255
0.000198668
0.000149735
9.80807e-05
9.95226e-05
0.000158071
8.17574e-05
0.000104413
0.00010502
0.000135718
0.000150293
0.000112184
0.000102415
0.000126473
0.000141016
0.000115125
0.000115263
0.000126237
0.000126237
0.000113159
0.000113159
0.000122871
0.000173363
0.000106826
0.000106826
0.000129811
9.9964e-05
0.000116113
0.000109355
0.000126455
0.000126455
9.6873e-05
9.60573e-05
0.000148067
0.000132512
0.00014201
0.000139893
0.000130206
0.00016796
0.000106983
0.000106983
0.000105916
0.00012168
0.000125496
0.000122355
0.000163694
0.000110471
0.000106266
0.000106266
0.00013347
0.000125754
0.000139881
0.000137204
0.000148275
0.000153033
9.52233e-05
9.52233e-05
0.000152814
9.49983e-05
0.000149436
0.000146945
0.00010976
0.000148917
9.47265e-05
9.47265e-05
0.000140756
8.72963e-05
0.00013922
0.000114289
0.00010594
0.000109339
0.00014733
0.000116564
0.000106357
0.000103014
9.63716e-05
9.1389e-05
9.57112e-05
9.57112e-05
9.57112e-05
9.39617e-05
0.000106944
0.000135151
0.000105628
0.00011564
9.91371e-05
0.000108838
8.64253e-05
0.00012692
0.000104522
0.000111427
0.000111427
9.91242e-05
9.91242e-05
0.000114693
0.000114693
0.000104926
0.000100086
0.00012933
0.000100108
0.000120306
0.000116037
9.59843e-05
9.59843e-05
0.000146746
0.000125402
0.000107485
9.22991e-05
0.000106877
0.000106811
0.000138386
0.000138386
9.43053e-05
9.70067e-05
0.000119529
9.30241e-05
9.57313e-05
9.57313e-05
0.000128142
9.95577e-05
0.000121534
9.55194e-05
0.000123294
0.000123294
9.86819e-05
9.86819e-05
