0.000182734
9.19379e-05
0.000229281
0.000122528
0.000273973
0.000165791
9.77143e-05
0.00014099
0.000129832
0.000208212
0.000177857
0.000115969
0.000114051
0.000121108
0.000158811
0.000116865
0.000152848
0.000139837
0.000127929
0.000190406
0.000149999
0.000118462
0.00016393
0.000169406
0.000147897
0.000110799
0.000139516
0.000158694
0.000169235
0.000121463
0.000182775
0.000144615
0.000230185
0.000120731
0.000131057
0.000121084
0.000277862
0.000114884
0.000167614
0.00013058
0.000179558
0.000107748
0.000132526
0.000131891
0.000130624
0.000214917
0.000110799
0.000200739
0.000174999
0.000153392
0.000102924
0.00018881
0.000215811
0.000166724
0.000170035
0.000166724
0.000193492
0.000159057
0.000117173
0.000121738
0.00014083
0.00013403
0.000181382
0.000109428
0.000131262
0.000127416
0.000142322
0.000130359
0.000111376
0.000215811
0.000135757
0.000157672
0.0001257
0.000122945
0.000113711
0.000168299
0.000140594
0.000124699
0.00011753
0.000115535
0.000137137
9.61171e-05
0.000134476
0.000150549
0.000195647
0.000265887
0.000166464
0.000195561
9.59588e-05
0.000200929
0.000124375
0.000147147
0.000125429
0.000115328
0.000117391
0.000163747
0.000138174
0.000115664
0.000120746
0.000113404
0.000122438
0.000216166
0.000234926
0.000123197
0.000130036
0.000146222
0.000148181
0.000212907
0.00013083
0.000251092
0.000128664
0.000143455
0.000241988
0.000115741
0.000140836
0.000159365
0.000170024
0.000126574
0.0002461
0.000229769
0.000157312
0.000157852
0.000104603
0.000125953
0.000194437
0.000242471
0.000143535
0.000143151
0.000141206
0.000147312
0.000102893
0.000112149
0.000189201
0.000151841
0.000147671
0.000112798
0.000118402
0.000128184
0.000145645
0.000103888
0.00011216
0.000223955
0.00017335
0.000110848
0.000135798
0.00031121
0.000220687
0.00017589
0.000150369
0.000142411
9.87383e-05
0.000159596
0.000190569
0.000114381
0.000136913
0.000119967
0.000148912
0.000106547
0.000181509
0.000100163
0.000167637
0.000140117
0.00013352
0.000110763
0.000218292
0.00010677
0.000117102
0.000126054
0.000147374
0.000233567
0.000252424
0.000120079
0.000125305
0.000222021
0.000239996
0.000136612
9.25714e-05
0.000103324
0.00023863
0.000127441
0.000184467
0.000132072
0.000119645
0.000180859
0.000101885
0.000144338
0.00015573
0.000116097
0.000194096
0.000181242
0.000212848
0.000178286
0.0001092
0.000111555
0.000186516
0.000118433
0.000207469
0.000155078
0.000206467
0.000118191
0.000209321
0.000121893
0.000105394
0.000136862
0.000251679
0.000101231
0.000115356
0.000167855
0.000153098
0.000186613
9.74913e-05
0.000134817
0.000157495
0.000167075
0.000169357
0.000206254
0.000190851
0.000142462
0.000156106
0.000226113
0.000175197
0.000226113
0.000139603
0.000142341
0.000193397
0.000133222
0.000151841
0.000195517
0.000103037
0.000181509
0.000200532
0.000116731
0.000109856
0.000158652
9.60095e-05
0.000138216
0.000207469
0.000158044
0.000175618
0.000139091
0.000104653
0.000121961
0.000118543
0.000136425
0.000169691
0.000135412
0.000192604
0.000254837
0.000250982
9.56573e-05
0.000163983
9.66682e-05
0.00011232
0.000272341
0.000117173
8.97703e-05
0.000146249
0.000128016
0.000101482
0.000181456
0.000135733
0.00021258
0.000197439
0.000117415
0.000139871
0.000117675
0.000153995
0.000145701
0.000139962
0.000140857
0.000145708
0.000197351
0.000140801
0.00013818
0.0001064
0.000201348
0.000178387
0.000155771
0.00013946
0.000136862
0.000157371
0.000135659
0.000255638
9.96853e-05
0.000176863
0.000133961
0.00018881
0.00013241
0.000135881
0.000165248
0.000101801
0.000125223
0.00014956
0.000148687
9.40167e-05
0.00013216
0.000107003
0.000177956
0.000130426
0.000143952
0.000127696
0.000117102
0.000124287
0.000133495
0.000149557
0.000121864
0.000196724
0.000156045
9.48903e-05
0.000122493
0.000135045
9.84573e-05
0.000154735
0.000168299
0.000166765
0.000114184
0.00020893
0.000139996
0.00014955
0.000159977
0.00010592
0.000157474
0.000134433
0.000155256
0.000116079
0.000158527
0.000146064
0.000106362
0.000137326
9.98494e-05
9.91497e-05
0.00016431
0.000134476
0.000178161
0.000176638
0.000128003
0.000147789
0.000173963
0.000137137
0.000133584
0.000128605
0.000153575
0.000119856
0.000150421
0.000117806
0.000102698
9.9921e-05
0.000122294
0.000117641
0.000206217
0.0001086
0.000150957
0.000119073
9.72085e-05
0.000135183
0.00010418
9.76284e-05
0.000207675
0.000158465
0.000174419
0.00011383
8.83437e-05
0.000188421
0.000131737
0.000118534
0.000173963
0.000117391
0.00013818
0.000161711
0.000191921
0.000138139
0.000126649
0.00016716
0.000151948
0.000133222
0.000177143
0.000132141
0.000106856
0.000129068
0.000197802
0.000159393
0.000158361
0.000103482
0.000115406
0.000148064
0.000213718
0.000242471
0.000148417
0.000183224
0.000146407
0.000182038
9.34601e-05
0.000104725
0.000113464
0.000110763
0.000119079
0.00017996
0.000242411
0.000158246
0.000105446
0.000152502
0.000169499
0.000146407
0.00017198
0.000122242
0.000194995
0.000131325
0.00010496
0.000122434
0.000111746
0.000174253
0.000116065
0.000196505
0.000114381
0.000150904
0.000113278
0.000174651
0.000103516
0.000184484
0.000122867
0.00013619
0.000161457
0.00021592
0.000172542
0.000164327
0.000111243
9.6923e-05
0.000154234
0.000155221
0.000157626
0.000103483
9.39972e-05
0.000113351
0.000173721
0.00017456
0.000113073
0.000102698
0.000154426
0.000106419
0.000120735
0.000106296
0.000236347
9.41788e-05
9.373e-05
0.000115337
0.000182038
0.000173721
0.000120254
0.000110581
0.000130534
0.000223681
0.000100063
0.000226663
0.000124094
0.000130955
0.000179331
0.000146692
0.000188108
0.000221379
0.000148104
0.000118254
0.000246874
0.000161405
0.000119532
0.000193841
0.000136514
0.000117314
0.000210461
0.000181653
0.000214336
0.000201449
0.000178855
0.000174205
0.000305808
0.000155361
0.000172343
0.000137491
0.000198205
0.000158652
0.000163983
0.000110108
0.000108366
0.000123118
0.000241159
0.000143151
0.000108957
0.000148882
0.000108577
0.000109394
0.000180443
0.000135073
0.000109492
8.52433e-05
0.000190378
0.000168749
0.000139277
0.000174097
0.000228058
0.000108322
0.000104814
0.000170593
0.000146437
0.00023227
0.000112896
0.000124376
0.000105895
0.000138802
0.000141476
0.000108281
0.000181494
0.000126831
0.000164459
0.000200248
0.000137607
0.000167853
9.60308e-05
0.000174205
0.000136515
0.00014532
0.000217617
0.000184323
0.000130678
0.000196563
0.000184151
0.000117511
9.93967e-05
0.000156963
0.000111389
0.000216794
0.000185107
0.000178855
0.000135755
0.000126359
0.000135296
0.000103571
0.000152275
0.000133961
0.000123079
0.000154338
0.000170738
0.000164186
0.00014083
0.000130512
0.000123644
0.00015499
0.000115986
0.000118286
0.000123972
0.000155899
0.000131338
0.000161404
9.25714e-05
0.000117592
0.000120482
0.000178224
0.000209073
0.000165348
0.000140181
0.000176626
0.000151309
0.000140875
0.000131366
0.000130764
0.000150162
0.000217332
0.000151225
0.000145226
0.000139715
0.000139715
0.000115483
0.000115596
0.000168416
0.000151558
0.000135798
8.96678e-05
0.000207869
0.000154455
8.44474e-05
0.000120808
0.000117391
0.000117391
0.000112277
0.000167075
0.000221592
0.00012517
0.000146522
0.000174351
0.000209159
0.000131734
9.49992e-05
0.000144856
0.000128752
0.000101272
0.00017067
0.000179873
0.000151408
0.000172284
0.000107839
0.000144577
0.000205439
0.000101288
0.000139273
0.00013877
0.000112743
0.000163971
0.000117772
0.00013004
0.000152435
0.000147237
0.000177143
0.000104109
0.000160502
0.000118254
0.000184736
0.000104149
0.000151096
0.000196958
0.000194913
0.000132366
0.00013004
0.000141198
0.000155862
0.000132366
0.000132983
0.000170663
0.000146681
0.000153229
0.000181404
0.000144206
0.000161965
0.0001306
0.000129053
0.000111515
0.000156194
0.000175504
0.000119523
0.000129595
0.000141498
0.000178387
0.000121768
0.00011383
0.000113451
0.000121892
0.000110763
0.000110763
0.000140059
0.000218292
9.9921e-05
0.000162603
0.000129821
0.000121183
0.000132568
0.000146514
0.000115626
0.000100563
0.000115741
0.00010677
0.000118459
0.000149204
0.000113931
0.000120275
0.000188964
0.00013779
0.000241991
0.000241991
9.72572e-05
9.75315e-05
9.60264e-05
0.000134756
9.25406e-05
0.000105854
0.000128718
0.00013806
0.000135662
0.000150242
0.000152227
0.000135215
0.000116392
0.000108413
0.000152727
0.000128771
0.000130681
0.000126589
0.000262086
0.000262086
0.000135715
9.97281e-05
0.000102143
0.000108773
0.000188632
0.000145944
0.000107908
0.000130886
0.000182752
0.000141417
0.000113341
0.000100586
0.00019186
0.000265286
0.000233476
0.000258468
0.000258468
0.000127683
0.000126172
0.000189212
0.00016057
0.000129781
0.00013757
8.30171e-05
0.000206217
0.000140914
0.000155698
0.000107531
0.000161985
0.000143832
0.00012692
0.000165804
0.000110816
9.67457e-05
0.000104748
0.000105755
9.98022e-05
0.000197802
0.000151383
0.000106218
0.000186852
0.000184461
0.000227295
0.000168018
0.000154306
0.000181824
0.000124094
0.000116896
9.65535e-05
0.000154955
0.000112089
0.000147147
0.000111555
0.00016716
0.000148986
0.000141476
0.000116306
0.000195647
0.000113382
0.000118381
0.000141495
0.000182734
0.000117462
0.000116732
0.00017896
0.000148217
0.000165677
0.000110915
0.000162418
0.000124782
0.000118033
0.000117391
0.000208136
9.58689e-05
0.000133086
0.00011996
0.000121942
0.000111453
0.000145705
0.000101231
0.000211717
0.000158798
0.000196993
0.000189201
0.000118312
0.000102191
0.000136392
0.000196355
0.000216805
0.000216805
0.000188389
0.000174911
9.65153e-05
0.000100407
0.00015796
0.000132749
0.000222756
0.0001908
0.000197568
9.38615e-05
0.000184484
0.000195413
8.71963e-05
0.000170593
0.000133796
0.000104603
0.000150821
0.000135131
0.000156239
0.000154242
0.00013228
0.000178892
0.000164454
0.00013995
0.000186639
0.000172581
0.000218669
0.000218669
0.000116103
0.000112535
0.000119441
0.000121344
0.000206827
0.000135174
0.000115995
0.000114873
0.000208838
0.000224876
0.000148117
0.000164688
0.000200133
0.000221097
0.000191538
0.000183936
0.000112386
0.000173976
0.000168107
0.000151265
0.000109698
0.000145832
0.000178949
0.000160843
0.000117581
0.000153596
0.000174297
0.000129127
0.000127059
0.000187297
0.00016122
0.000180527
0.000183309
0.000181246
0.000160391
0.000186663
0.000215908
0.00012265
9.7209e-05
0.000188973
0.000188973
0.000109522
9.95371e-05
0.00015017
0.000142529
0.000160464
0.000187376
0.000191936
0.000110533
0.000160664
0.000131029
0.00021073
0.00021073
0.000150444
0.000239761
0.000197188
0.000197188
0.000133873
0.000161326
0.000156125
0.000144877
9.16156e-05
9.62755e-05
0.000114552
0.000123296
0.000102325
0.000141837
0.000154777
0.000215886
0.00012829
9.14032e-05
0.000118499
0.000117067
0.000169167
0.000113627
0.000174349
0.000174349
0.000140836
0.000114897
0.000219964
0.000219964
0.000108366
0.000191921
0.000109505
0.000198145
0.000174923
0.00019133
0.000173068
0.000127362
0.000173068
0.000173068
0.000174007
0.000126359
0.000125147
0.000183151
0.000144217
0.000102389
0.000120026
0.000114067
0.000135755
0.000181418
0.000182626
0.000110469
0.000103113
0.000160531
0.000174417
0.000208201
0.000177778
0.000119351
0.000126682
0.00017798
0.000161832
0.000195629
0.000195629
0.000199675
0.000149554
0.00015617
0.000138145
0.000187105
0.000165231
0.00011809
0.000173925
0.0001819
0.000101489
0.000178725
0.000137905
0.000145702
0.000153052
0.000134832
0.000162985
0.00015274
0.000140067
0.000134741
0.000179388
0.000169499
0.000179685
0.000153942
0.00014961
0.000154184
0.000147941
0.000162745
0.000187892
0.000187892
0.000174865
0.000184055
0.000110181
0.000108194
0.000238552
0.000183799
0.000153392
0.000139888
0.000144206
0.000103764
0.000191305
0.000191305
0.000182752
8.31984e-05
0.000174706
0.000173994
9.48805e-05
0.00015073
0.000111209
0.000109302
0.000160291
0.00016475
0.000175098
0.000168696
0.000199296
0.000136129
9.9377e-05
0.000209262
0.000209262
0.000161404
0.000107633
0.000102208
0.000119424
0.000191608
0.000190249
0.00013038
0.000125785
0.000160002
0.000160002
9.40407e-05
0.000181242
0.000110105
0.000179472
0.000104697
0.000176753
0.000125308
0.000212767
0.000116084
0.000134035
0.000212007
0.000167344
0.000171072
0.000171072
0.000154233
0.000191807
0.00014777
0.000189682
0.000118117
0.00011618
0.000155953
0.000135412
0.000155865
0.000131822
0.00013669
0.000104814
0.000118093
0.000172854
0.000163343
0.000107329
0.000155767
0.000172573
0.000201894
0.00021695
0.000144973
0.000160157
0.000143585
0.000135798
0.000160771
0.000183936
0.000190372
0.00020355
0.000202553
0.000154163
9.19047e-05
0.000138791
0.000135028
0.000148476
0.000156119
0.000160111
0.000181429
0.000176053
0.00014711
0.00015272
0.000169063
0.000164163
0.000181371
0.000177098
0.000177246
0.00015551
0.000177162
0.000161061
0.000152662
0.000157829
0.000149292
0.000177485
0.00017793
0.000148281
0.000148281
0.000144669
0.000152241
0.000141558
0.000127191
0.000153166
0.000153166
0.000141947
0.000150976
0.000154483
0.000154483
0.000110418
0.000126048
9.97581e-05
9.38344e-05
0.0001633
0.0001633
0.00016876
0.000169793
0.000139728
0.000145973
0.000145973
0.000145969
0.00014591
0.00014591
0.00017074
0.00014588
0.000203782
0.000133961
0.000194052
0.000194052
0.000179399
0.000179399
0.000128379
9.93037e-05
0.000177212
0.000146675
0.00010607
0.000153322
0.000160152
9.26403e-05
9.26717e-05
0.00015546
0.00015546
0.000149333
0.000149333
0.000107588
0.000153292
0.000178723
0.000178723
0.000139959
0.000139968
0.000180352
0.00022521
0.00014583
0.00013984
0.000139968
0.000139968
0.000154465
0.000154498
0.000137263
0.000135115
0.000182337
0.000138709
0.000139095
0.000139095
0.000154348
0.000154348
0.000141507
0.000130252
0.000178773
0.000127528
0.000188175
0.000176068
0.000131334
0.000131173
0.00015689
0.000157355
0.000154184
0.000154153
0.000193867
0.000189668
0.000212796
0.000124742
0.000110579
0.000124278
0.000129747
0.000142407
0.000149437
0.000138668
9.6116e-05
9.47816e-05
0.000119243
0.000124018
0.000139705
0.000146316
0.000158532
0.000141642
0.000126426
0.000121864
0.000190497
0.000204945
0.000178543
0.000161596
0.000185682
0.000185682
0.000118475
0.000142101
0.000142365
0.000129132
0.000164626
0.000159959
0.000175139
0.000151347
0.000111483
0.000136938
0.000136938
0.000128462
0.000155272
0.000119433
0.000102372
0.000154354
0.000153682
0.000147668
0.000147668
0.000159666
0.00018194
0.000156694
0.000156694
0.000234023
0.000193378
0.000184191
0.000210805
0.000153909
0.000170951
0.000130678
0.000109021
0.000103607
9.45e-05
0.000165532
0.000165532
0.000115423
0.000174299
0.000136026
0.000144874
0.000150053
0.000150053
0.000130534
0.000130534
0.00014105
0.00014105
0.000186684
0.000150736
0.000134064
0.000167665
0.000138273
0.000149554
0.000157248
0.000159983
0.000148273
0.000148273
0.000131733
0.000137317
0.000134895
0.000128519
0.0001304
0.0001304
0.000161383
0.00016325
0.000139152
0.000139152
0.000130477
0.000135228
0.000128621
0.000109269
0.000129073
0.000129073
0.000128806
0.000128806
0.000116226
0.000115508
0.00014294
0.000137188
0.000176981
0.00012207
0.000231891
0.000168816
0.000171143
0.000127873
0.000206692
0.000156198
0.000172174
0.000156653
0.000123052
0.00012419
0.000173196
0.000173627
0.000127793
0.000127632
0.000130553
0.00011745
0.000148679
0.000134785
0.000170836
0.000170836
0.000187378
0.000187378
0.000123574
0.000123574
0.000202204
0.000152847
0.000133495
0.000133495
0.000210681
0.000210681
9.45417e-05
0.000113746
0.000185218
0.000133924
0.000197351
0.00013028
0.000148177
0.000148177
0.000110283
9.98291e-05
0.00013501
0.000140415
0.000161219
0.000186458
0.000160753
0.000160753
0.000112647
0.000112377
0.000158124
0.000158124
0.000137242
0.000137242
0.000169795
0.000192514
0.000164834
0.000164834
0.000147565
0.000201671
0.00016339
0.000114754
9.36706e-05
0.000126559
0.000164032
0.000124674
0.000105342
0.000146977
0.000146977
0.000148601
0.000122182
0.000145161
0.000124151
0.000137061
0.000137061
0.000137136
0.000137136
0.000158488
0.000128782
0.000122285
0.000122285
0.000129887
0.000129887
0.000126072
0.000126072
0.000129454
0.000129572
0.000179333
0.000139331
0.000156831
0.000155329
0.000152594
0.000152594
0.00017667
0.000110305
0.00022926
0.000158798
0.000162445
0.000126559
0.000203787
0.000106611
0.000185756
0.000144217
9.66682e-05
0.000149401
0.000116432
0.000116432
0.000244454
0.000158406
0.000107828
9.44552e-05
0.000128863
0.000128863
0.000144003
0.000144003
0.000130067
0.000120938
0.000191821
0.000185618
0.00017809
0.00017809
0.000123368
0.000122101
0.000126845
0.000187113
0.000165388
0.000131614
0.000119073
0.0001252
0.0001252
0.000119206
0.000118352
0.00012712
0.000128412
0.000117406
9.67532e-05
0.000188666
0.000188666
0.000127914
0.000127914
0.000159755
0.000140403
0.000112702
0.000117121
9.50411e-05
0.000118788
0.000175025
0.000175025
0.000119707
0.000119707
0.000141256
0.000152496
0.000133205
0.000133205
0.000132107
0.000122599
9.11243e-05
0.00012485
9.44981e-05
9.04977e-05
0.000135655
0.000135655
0.000144829
0.000128821
0.000155288
9.92187e-05
0.000122027
0.000121102
0.00015611
0.000131911
0.000145572
0.000143333
0.000121952
0.000121952
0.000144541
0.000117934
0.00011705
0.00011705
0.000107263
0.000122541
9.93551e-05
8.66645e-05
0.000144841
0.000175679
0.000130717
0.000128693
0.000141262
0.000155507
0.000128118
0.000128118
0.000129308
0.000129308
0.00016755
0.000185851
0.000156447
0.000172682
0.000164111
0.000164111
0.000133403
0.000124856
0.000124116
0.000124116
0.00018628
0.000106531
0.000104383
0.000115411
0.000173281
0.000173281
0.000133243
0.000151625
0.000126024
0.000126024
0.0001202
0.000126846
0.000175653
0.000181945
0.000157662
0.000157662
0.000147167
0.000135923
0.000135923
0.0001458
0.000150177
0.000140289
0.000140289
0.0002075
0.00018942
0.000194147
0.000152199
0.000107415
0.000110692
0.000141283
0.000152817
0.000124585
0.000162271
0.000162271
0.000173676
0.0001738
0.000157074
0.000157074
0.000184733
0.000187471
0.00011667
0.000114296
0.00012526
0.000124744
0.000142166
0.000121912
0.000135384
0.000135384
0.000169103
0.000135624
0.000133542
0.000133542
0.000167779
0.000132802
0.000140181
0.000111618
0.000117016
0.000153358
0.000111782
0.000111782
0.000118116
0.000118116
0.000118482
8.65869e-05
0.000151767
0.000144008
0.000110855
0.000110459
0.00012727
0.000112012
0.000138788
0.000123876
0.000136597
0.000136597
0.000130831
0.000112856
0.000113857
9.84636e-05
0.000160416
0.000155211
0.000146641
0.000146641
0.00012719
0.000111042
0.000230812
0.000145388
0.000133671
0.000125794
0.000107502
0.000109821
0.000111476
9.42722e-05
0.000152837
0.000166205
0.000134909
0.000107839
0.000149373
0.000150529
0.000113503
0.000116574
0.000193746
0.000115491
0.000132811
0.000132811
0.000185118
0.000157929
0.000179376
0.000144739
0.000167356
0.000161108
0.000167797
0.000167797
0.000144667
0.000107545
0.000107545
8.9153e-05
0.00010963
0.000144141
0.000107002
0.000134844
0.000134366
9.50659e-05
0.000133741
0.000148554
0.000119589
0.000102865
9.84758e-05
0.000131362
0.000105386
0.000105386
0.000172052
0.000180376
0.000170935
0.00015746
0.000187152
0.000102603
0.00011836
0.00011113
0.000165961
0.000146603
0.000107645
0.000107645
0.000119874
0.000119874
9.44467e-05
8.77816e-05
0.000104061
0.000102939
0.000134696
0.00011892
0.000123492
0.000108344
0.000146753
0.00013893
0.000127024
0.000104043
0.000104043
0.000156804
0.000134621
0.000107188
0.000110331
0.000110577
9.97615e-05
9.5835e-05
0.000103046
0.000101405
0.000102885
0.000102885
0.000106758
0.000105799
0.00016067
0.000173607
0.000169654
0.000113699
0.000125727
0.000130199
0.000102617
0.000101374
0.000164553
0.000112965
0.000111045
9.96624e-05
0.000144017
0.000144017
0.000106738
0.000105027
0.000134495
0.000134495
0.000119538
0.000101945
0.000137933
0.000109474
0.000109474
9.92187e-05
0.000100548
0.000123244
0.000142117
0.000189288
0.000128049
0.000115787
0.000115787
0.0001258
0.0001258
0.000109319
0.000101386
0.000104677
9.77954e-05
0.000103264
0.00012079
0.000115252
0.000164768
0.000149401
0.000166019
0.000101158
0.000101158
0.000137809
0.000122307
0.000160635
0.000169268
0.000142341
0.000110581
0.000109193
9.70941e-05
9.90128e-05
9.92044e-05
9.92044e-05
0.000131653
0.000133658
0.000134909
9.92494e-05
9.97781e-05
9.97781e-05
9.74093e-05
9.77309e-05
0.000101633
0.000101633
0.000138398
0.00011232
0.000164267
0.000128359
0.000151461
0.000149258
0.000173018
0.000137395
0.000107377
0.000111544
0.000179895
0.000115432
0.000111611
0.000111611
0.000138795
0.000106099
0.000211037
0.000112133
0.000119862
0.000123199
0.000101456
0.000231616
0.000139258
9.15086e-05
8.40822e-05
0.000116518
0.000120526
0.000117657
0.000117657
0.000108724
0.000108724
0.000100022
9.33927e-05
9.77623e-05
9.37537e-05
0.000147548
0.000104228
9.64414e-05
9.59448e-05
9.59448e-05
9.64414e-05
0.000173172
0.000136349
0.000114757
0.000114757
0.000102809
9.37728e-05
0.000144303
0.000111515
0.00012961
9.02497e-05
0.000161903
0.000164213
9.48494e-05
9.41063e-05
9.39923e-05
9.39923e-05
9.7781e-05
9.7781e-05
9.80329e-05
9.89287e-05
0.00011813
0.000132316
9.1269e-05
8.80929e-05
0.000163978
0.00012435
9.41165e-05
0.000100649
0.000100649
9.36253e-05
9.36253e-05
0.000140332
0.000104897
0.000109662
9.09824e-05
0.000105885
9.93056e-05
9.41451e-05
9.31334e-05
0.000127034
0.000157458
0.000145802
0.000138852
0.000141786
9.13648e-05
9.00263e-05
9.00263e-05
0.000119343
0.000119343
9.49944e-05
9.19124e-05
0.000117277
0.000106633
9.55749e-05
8.73998e-05
0.000182676
0.000129021
0.000106265
0.000105479
9.30143e-05
9.30143e-05
0.000135468
0.000136631
0.000125504
9.12006e-05
0.000117398
0.000124989
0.000148569
0.000124628
9.79298e-05
9.79298e-05
