0.000141721
0.000131212
0.000177873
9.10675e-05
0.000132991
0.000120795
9.58866e-05
0.000178069
9.17952e-05
0.000103559
9.17952e-05
0.000146037
0.000138271
0.000166193
9.42326e-05
0.000138623
0.000170357
0.000131212
0.000120541
9.95364e-05
9.17229e-05
9.59297e-05
0.00019694
0.000136799
0.000137968
0.000137027
0.000172479
0.000102131
0.00014713
0.000230913
0.000267008
0.000173637
0.000100044
0.00011818
0.000183985
0.000114806
0.000212009
0.000121157
9.14821e-05
0.000160509
0.000129061
0.000121204
0.000119788
0.00017376
0.000129452
0.000223273
0.000117951
0.000161855
8.87435e-05
0.000117904
0.000177472
0.000190324
9.58971e-05
0.000125567
0.000136333
0.000195457
0.000125356
9.1099e-05
0.000120731
9.90263e-05
0.000131057
0.000277862
9.93342e-05
0.000262494
0.000135039
0.000155813
0.000196741
0.00016982
0.000212882
0.000142504
0.000210127
0.000159775
0.000118934
0.000179688
0.000189693
0.000140567
0.000161919
0.000116827
0.000185429
0.000141204
9.98665e-05
0.000167187
0.000217081
0.000102031
0.000128888
0.000125541
0.00013046
0.000180917
0.000103214
0.000198066
0.000201377
0.000168993
0.000102924
0.000181561
0.000166185
0.000100273
0.000181826
0.000100766
0.000153375
0.000155772
0.000122274
0.000269355
0.000142358
0.000108542
0.000224554
0.000122254
0.000157126
0.000131674
0.000159221
0.000164649
9.27327e-05
0.000151453
9.89331e-05
0.000151148
0.000122231
0.000144003
0.000118948
0.00013687
0.000250882
0.000124124
0.000172755
0.000106738
0.000130477
0.000118334
0.000170531
0.000267008
0.000102177
0.000104838
0.000190464
0.000127141
0.000220107
0.000138796
0.000152263
0.000135822
0.00020759
0.000101922
0.000102834
0.000123197
0.000159404
0.000237976
8.1073e-05
0.000156346
0.00012901
9.57489e-05
0.000128906
0.000118894
0.000150861
0.000152991
0.000174578
0.000174261
0.000165983
0.000162468
0.000126346
0.000123179
0.00017404
0.000179393
0.000108847
9.27366e-05
0.000189053
0.000149725
0.00031121
0.000220687
0.000176558
0.000160162
0.000218114
0.000117683
0.000164374
0.000169573
0.000225753
9.2821e-05
0.000192028
0.000160288
0.000127094
9.75229e-05
0.000147641
9.14428e-05
0.000172479
0.000164879
0.000144421
0.000107557
0.000205239
0.000126719
0.000167479
0.000206662
0.000229227
0.000171093
0.000154932
0.000160347
0.000141619
0.000143821
0.000115018
0.000224646
0.000120535
0.000128478
0.000144765
0.000107134
0.000195639
9.73259e-05
0.000221056
0.000154026
9.00749e-05
0.000114122
0.000140191
0.000188636
0.000101763
0.000138765
0.00013781
9.45784e-05
0.000170831
9.90902e-05
0.000123763
0.000154968
0.000161697
0.000199718
0.000115334
0.000133803
0.000105357
0.000118585
0.000181622
0.000143334
0.00015349
9.97726e-05
0.000235631
0.000186516
0.000251185
0.00020619
0.000148107
0.000158207
0.000119489
0.000168993
0.000134294
0.000107196
0.000100684
0.000192662
0.000162969
0.000205813
9.44297e-05
0.000152293
0.000125261
0.000212756
0.0001936
0.000119154
0.000166825
0.000177805
0.000142341
0.000176558
0.000199718
0.000141208
0.000179211
0.000137262
8.31558e-05
0.000101763
0.000136478
0.000162468
0.000250495
0.000166852
0.000226277
0.000126233
0.000120939
0.000187387
0.000170117
0.000194888
0.000149618
0.000173969
9.0801e-05
0.000108843
0.000122231
0.000168034
0.000149434
0.000174068
0.000160417
0.000163357
0.000112758
0.000131516
0.000204534
8.97703e-05
0.000128016
0.000108679
0.000106309
0.000107134
0.00012985
0.0001498
0.000129924
9.42326e-05
0.000122753
0.000169573
0.000192689
0.000125559
0.000123969
0.000156163
0.000183472
0.000164264
0.000125114
0.000112094
0.000102613
0.000159762
0.000172373
0.000127978
0.000142299
0.000126189
0.000157704
0.000108643
0.000126874
0.000155771
0.000115239
0.000101223
0.000153595
0.000116903
0.000152991
0.000142541
0.00015033
0.000144633
0.000177891
0.00022777
0.000136947
0.000193148
0.000160258
0.000150944
0.000229964
0.00018314
0.000227525
0.000128492
0.000134283
0.000165248
0.000146686
0.000129427
0.000179442
0.00022192
0.000212563
0.000138039
0.000119036
0.000130092
0.000144421
0.000173616
0.000147641
0.000100672
9.16713e-05
0.000144526
0.000129063
0.000203856
0.000165875
0.000195713
0.000160222
0.000162133
0.000148421
0.000195952
0.000245155
0.000185496
0.000118035
0.000188208
9.94715e-05
9.62612e-05
0.000117229
0.000152841
0.000114857
0.000118771
0.000121385
0.000111755
0.000138021
0.000118169
0.000136837
0.000104698
0.0001178
0.000124027
0.000144835
0.000121889
0.000178167
0.000178167
0.000163357
0.000124151
0.000199698
0.000120475
0.000125348
0.000114091
0.000107501
0.00014733
0.000125213
0.000149558
0.000111221
9.14804e-05
0.000118842
0.000154026
0.000215393
0.000119926
0.000172493
0.00021576
0.000103482
0.00010314
0.000139107
0.000158357
0.000103973
9.95042e-05
9.29102e-05
0.000190729
0.000118618
0.000187925
0.000137121
0.000137471
0.000116363
0.000104097
0.000235631
0.000103066
0.000173034
0.000139502
0.000169659
9.39774e-05
0.000195056
0.000135479
9.8958e-05
0.00017944
0.000107196
9.46209e-05
0.000230161
0.000146745
0.000219244
9.80702e-05
0.000154182
0.000202947
0.00011321
0.000127934
0.000116974
0.000110953
0.000172435
0.000114359
0.00013619
0.000102326
0.000161589
0.000117374
9.12483e-05
0.000100044
0.000103825
0.000170117
0.000250704
0.000146002
0.000223571
0.000118351
0.000100112
0.000224931
0.000172246
0.000109343
0.000170831
9.48779e-05
0.000159483
0.000180056
0.000117536
0.00011962
0.000244103
9.70768e-05
0.000194893
9.45784e-05
0.000192367
0.000122358
0.000120735
0.000205003
0.000137204
0.000171342
0.000159862
0.000130845
0.000106086
0.000137471
0.000113216
0.000109343
0.000176193
0.000120154
0.000145789
9.97276e-05
0.000181734
0.000111686
0.00011047
0.000111313
0.000100672
0.000171361
0.000150631
0.000151814
0.000160505
9.38454e-05
0.000113748
0.000108845
0.00011257
0.000151946
0.00012827
0.000159622
0.000240683
0.000146495
9.47802e-05
0.000144977
9.47642e-05
0.000103609
0.00027237
0.000171342
0.000183967
0.000141821
0.000128427
0.000176893
0.000158698
0.000117612
0.000113674
0.000109094
0.000137212
0.000144095
0.000122154
0.000175964
0.0002338
0.000142714
0.000176248
0.00021446
0.000125189
0.000222309
0.000129077
0.000131502
0.000241159
0.00016333
0.000100095
0.000149997
0.000105853
0.000262779
0.000114359
0.000223419
0.000117683
0.00012172
0.000111915
0.000243404
0.000192952
0.000181482
9.16419e-05
0.000207709
0.000180874
0.000184936
9.80702e-05
0.000192888
0.000124137
0.000141077
0.000141077
0.000106351
0.00011823
9.98641e-05
0.000102715
0.000199059
0.000120846
0.000228072
0.000158486
0.00028947
0.000283227
0.00011675
9.37528e-05
0.000161438
9.27366e-05
0.000121889
0.000148107
0.000123218
0.000119204
0.000198778
0.000173597
0.000172547
0.000164344
0.000258088
0.000170738
0.000194465
0.00018639
0.00022914
0.000129362
0.000130544
0.000164301
0.000122358
0.000127386
0.000108187
0.000141077
0.000134291
0.000226267
0.000160825
0.000139889
0.000126184
0.000131475
0.000135798
0.000121882
0.000167234
0.000161662
0.000142186
0.000113201
0.000132844
0.00024257
0.000159094
0.000115096
0.000223834
0.000148066
0.000233279
0.000136947
0.000125335
9.77802e-05
0.000117195
0.000230447
0.000241729
0.000231192
0.000154519
0.000117612
0.000153239
0.000120249
0.000103857
0.0002445
0.000168309
0.000103012
0.000114328
0.000171187
0.000200296
0.000159819
0.000112177
0.000142585
0.000122688
0.000253532
0.000222309
0.000129228
0.000127267
0.00014307
0.000128138
0.000121766
0.000172494
0.000173476
0.000137432
0.000179591
9.70336e-05
9.95744e-05
0.000188659
0.000122599
0.000111459
0.000202692
0.000202093
0.000126233
0.000108259
0.000140157
0.000152512
0.000230343
0.000139122
0.000198188
0.000156163
0.000129427
0.000141619
9.96806e-05
0.000160258
9.97452e-05
0.000219217
0.000101983
0.000100095
0.000170319
0.000250215
0.00023856
0.000214392
0.000235352
0.000123469
0.000159665
0.000106466
0.000159433
9.71238e-05
0.00011487
0.000137911
0.000132857
0.000129883
0.000135124
0.000152018
0.000153229
0.000117583
0.000178786
0.000145569
0.000127585
0.000151453
0.000103243
0.000115106
0.000170156
0.000216535
9.00955e-05
0.000180098
0.000188233
0.00014286
0.000154171
0.000135459
0.000237252
0.000233936
0.000171103
0.00010498
0.000135867
0.000123262
0.000131901
0.000162893
0.000102288
0.000127621
0.000126966
0.000123013
0.00021171
0.00019271
0.000221383
0.000138155
0.000121909
0.000147667
0.000116468
0.000105019
0.000168745
0.000221351
0.000154934
0.000167911
0.000110755
0.000175935
0.0001372
0.000118892
0.00015418
0.000105456
0.000222776
0.000240583
0.000204574
0.000208635
0.000186717
0.000117605
0.000133633
0.000131588
0.000129887
0.000176193
0.000203668
0.000139194
0.000158086
0.000134826
0.000241963
0.000241963
0.00014625
0.000130392
0.000139237
0.000158486
0.000103825
9.59217e-05
0.000123381
0.000197445
0.000179941
0.000132925
0.000115199
0.000160337
0.00022914
0.000103725
0.000195161
0.000144232
0.000141779
0.000119154
0.000196298
0.000123285
0.000126589
0.000124466
0.000116519
0.000114977
0.000108763
0.000136266
0.000158578
0.000234746
0.000234746
0.000153107
9.36604e-05
0.000110711
0.000127351
0.000234539
0.000247183
0.000208636
0.000198066
0.000160728
0.000114859
0.000130245
0.000240653
0.000117466
0.000111938
0.000135789
0.000223625
9.98665e-05
0.000193709
0.000107531
0.000125414
9.70768e-05
9.70768e-05
9.46451e-05
9.70768e-05
0.000110317
0.000131195
0.000103066
0.000108763
9.25337e-05
0.000130007
0.000130052
0.000173487
0.000186542
0.000177044
0.000228341
0.00017112
0.000143264
0.000147854
0.000164423
0.000162482
0.000127191
0.000163653
0.000123189
0.000139608
0.000105727
0.000158346
0.00022192
0.000151481
0.000162822
0.000138431
0.000113921
0.000119489
9.98964e-05
9.79674e-05
0.000151819
0.000117423
0.000102274
9.32772e-05
0.000181824
0.000129695
0.000115344
0.000185756
9.99106e-05
0.00022721
0.000129362
0.000165409
0.00012127
9.76177e-05
0.00010929
0.000146362
0.000215562
0.00020747
0.00020747
0.000231621
0.000105299
9.96283e-05
0.000227532
0.000165677
0.000219044
0.000184113
0.00022819
0.000197845
9.51789e-05
0.000123022
0.000124151
0.000186819
0.00018857
0.00018857
0.000113719
0.000111221
9.18131e-05
9.70962e-05
0.000114806
0.000117612
0.000179579
0.000137394
0.000115507
0.000138788
0.000133445
0.000125536
0.000120795
0.000220841
0.000183646
0.000241836
0.000241836
0.000207827
0.000207827
0.000195073
0.000214323
0.000233167
0.000232184
0.000106185
9.8434e-05
0.000108232
0.0001232
8.59604e-05
0.000222801
0.000194927
0.000183967
0.000197637
0.000109764
9.94175e-05
9.07489e-05
0.00016352
0.000127113
0.000107107
0.000125142
0.000178366
0.000173383
0.000200296
0.00015339
0.000146928
9.90921e-05
0.00014895
0.000164467
0.000212267
0.000191572
0.000197868
0.00019339
0.00012811
9.7208e-05
0.000181833
0.000109698
0.000102321
0.000209646
0.000209646
0.000181005
9.5238e-05
0.000195102
0.000133339
0.000216652
0.000199533
0.000199533
0.000147327
0.000198939
0.000150025
0.000148418
0.000175927
0.000142967
9.92441e-05
0.000106886
0.00018422
0.000224982
0.000162969
0.000146253
0.000110533
0.000123521
0.000142617
0.000143166
0.000139185
0.000117931
0.000123282
9.53818e-05
0.00023386
0.00023386
0.000195895
9.47802e-05
0.000189132
0.000189132
0.00017794
0.00017794
0.000171327
0.000143913
0.000150456
0.00019253
0.000129581
0.000134015
0.000200632
0.000148248
0.000193681
0.000163962
0.000252551
0.000202578
0.00016892
9.90263e-05
0.000189903
0.000189903
0.000129255
0.000123202
0.000180556
0.000153938
0.000202241
0.000202241
0.00013938
0.000195343
0.000214433
0.000223509
0.000143694
0.000140431
0.000100366
0.000110328
0.00017387
0.00017387
0.000201975
0.000184802
0.000130158
0.00011293
0.000136258
0.000176961
0.000137338
0.000107559
0.000177321
0.000177321
0.000171853
0.000171853
0.000203021
0.000203021
0.000123585
0.000102354
0.000175697
0.000175697
0.000169833
0.000169979
0.00017798
0.000161832
0.000187105
0.000187105
0.00013259
0.000176366
0.000119452
0.000100352
0.000168174
0.000168174
0.000118605
0.00010243
0.000154562
0.00015485
0.000151546
0.000108168
0.000162911
0.000167314
0.000205193
0.000210645
0.000114122
0.000130315
0.000238552
0.000113753
0.000111721
0.000164698
0.000137489
0.00016195
0.000146686
9.29102e-05
9.44297e-05
0.000226561
0.000217237
0.00014018
0.000108688
0.000199296
0.000199296
0.00016827
0.000113386
0.000169451
0.000119328
0.000146813
0.000147545
0.0001498
0.000212767
0.000150467
0.000154968
0.000146945
0.000146498
0.000105395
0.000113503
0.000194465
0.000201365
0.000119209
0.000138825
0.000155031
0.000106737
0.000197456
0.000197456
0.000109938
9.49081e-05
0.000163343
0.000172573
0.000201894
0.000161479
0.000173026
0.00020877
0.000226871
0.000160157
0.000143585
9.68351e-05
0.000163061
0.000154029
0.00017075
0.000150976
0.000124841
0.000154163
0.000154683
8.65222e-05
0.000173662
0.000179644
0.000194951
0.000171623
0.000198722
0.000198722
0.00017655
0.00017655
0.000116261
0.000113134
0.00011089
0.000176275
0.000130315
0.000236622
9.39178e-05
0.000104335
0.000134738
0.000127703
0.000152045
0.000148036
0.000107026
0.000161431
0.000158119
0.00016384
0.000164211
9.89427e-05
9.76978e-05
0.000190077
0.0001885
0.0001768
0.000158372
0.000146904
0.000187772
0.000187772
0.000114038
9.84078e-05
0.000113422
0.000133778
0.000192992
0.000198072
0.000175349
9.32986e-05
0.00014369
0.000171272
0.000179399
0.000171514
0.000165634
0.00012555
0.000185477
0.000100501
9.72952e-05
9.3764e-05
0.000154757
8.74592e-05
0.000121718
0.000203129
0.000203129
0.000174634
0.000174634
0.000162086
0.000162086
0.000150944
0.000110966
0.000137592
0.000143738
0.000127272
0.000139322
0.000176923
0.000125359
0.000134043
0.000145382
0.00012255
0.000113397
0.00014732
0.000129238
0.000164181
9.00749e-05
9.39774e-05
0.000141949
0.000128666
0.000132637
0.000106461
0.000125314
0.00011689
0.000143426
0.000104933
0.000138572
0.000118444
0.000155424
0.00010445
0.000138472
0.000138472
0.000134669
0.000137721
0.000137815
0.000137815
0.000137721
0.000134669
0.000140086
0.000140086
0.00011582
0.000112238
0.000100299
0.000116505
0.00016775
0.00016775
0.000201901
0.000140869
0.000135704
9.90547e-05
0.000146002
0.000138825
0.00015553
0.00015553
0.000149015
0.000149015
0.000137043
0.000137043
0.000120142
9.90037e-05
0.00013607
0.000164626
0.000146673
0.000146673
0.000126908
0.000116294
0.000119433
0.000102372
0.000157569
0.000138075
0.000157079
0.000158239
0.000158239
0.000117142
0.00012832
0.000131988
0.000117583
0.000113648
0.000129345
0.000145235
0.000174462
0.000106567
0.000102553
0.000150066
0.000150066
0.000131974
0.000131974
0.000172325
0.000172325
0.000155469
0.00015673
0.000168581
0.000168581
0.000163727
0.000140472
0.000127898
0.000127898
0.000131769
0.000129705
0.000188226
0.000136268
0.000130093
0.000130093
0.000130092
0.000130053
0.000115837
9.37123e-05
0.000208121
0.000177093
0.000127891
0.000160879
0.000172552
0.000164514
0.000190089
0.000171815
0.000129887
0.000129887
0.000139152
0.000139152
0.000146859
0.000191967
0.000139585
0.000133755
0.000175327
0.000106964
0.000158487
0.000147538
0.000131185
0.000124935
0.000143413
0.000139537
0.000121537
0.000106526
0.00011745
0.000128089
0.000128089
0.000140869
0.000119632
0.000181353
0.000181353
0.000116247
0.000103567
0.000132992
0.000138431
0.000126136
0.000158338
0.000131674
0.000137707
0.000127036
0.000137882
0.000160469
0.000127444
0.000127444
0.00013392
0.000187582
0.000136494
0.000136494
0.000183819
0.00016811
0.000146751
0.000146751
0.000167908
0.000164295
0.000179997
0.000171849
0.000148081
0.000148081
0.000175709
0.000127678
0.000122094
0.000162945
0.000178958
0.000124901
0.000124901
0.000165333
0.000192171
0.000121411
9.57595e-05
0.000121961
0.000112096
0.000171791
0.000136784
0.000154848
0.000135528
0.000156914
0.000119793
0.000128366
0.000128366
0.000138514
0.000146655
0.000118995
0.000118995
0.000146508
0.000117051
0.000124617
0.000147565
9.95747e-05
9.67577e-05
0.000145578
0.000127487
0.000166937
0.000141291
0.0001275
0.0001275
0.00012762
0.00012762
0.000139331
0.000154708
0.000147241
8.761e-05
0.000151008
0.000155141
0.000127891
0.000116482
0.000161153
0.000205597
0.000134738
9.14649e-05
0.000130941
0.000117229
0.000103849
9.2598e-05
8.98884e-05
0.000195384
0.000169295
0.000127583
0.000111067
0.00012803
0.000136477
0.000119896
0.000119152
0.000170083
0.000163566
0.000171014
0.00014838
0.000173664
0.000173664
0.000123071
0.000123071
0.000121817
0.000121817
0.000150487
0.000146407
0.000122059
0.000122059
0.000137878
0.000173399
0.000147316
0.000118702
0.000172822
0.000125233
0.000120958
0.000120958
0.000120958
0.000120958
0.00013165
0.000126845
0.00014694
0.000103928
0.000164486
0.000132922
9.67575e-05
9.39321e-05
0.000152021
0.000160545
0.000193619
0.000140162
0.000108002
0.00014135
0.000148495
0.000148495
0.000160084
0.000160084
0.000140792
0.000140792
0.000159755
0.000124127
0.000118917
0.00013366
0.000121765
0.000181545
0.000121422
0.00013935
0.00013935
0.000215864
0.000143556
0.000114779
0.000149415
0.000119638
0.000118264
0.000116363
0.000166206
0.000155003
0.000155003
0.000161655
0.000160072
0.000126633
0.000120625
0.000106455
0.000120728
0.000116579
0.000130181
0.000130181
0.00011245
0.000134145
0.000166351
0.000125785
0.000148562
0.000152367
0.000168967
9.59411e-05
0.000117729
0.000113422
0.000132361
0.000125806
0.000163982
0.000150202
0.000101934
0.000111408
0.00012222
0.000112502
0.000108114
0.000187316
0.000139042
0.000139042
9.28187e-05
0.000141991
0.000176089
0.000148692
0.000175653
0.000181945
0.000157662
0.000147167
0.000147167
0.000120706
0.000120706
0.000144951
0.000144951
0.000126529
0.00011972
0.000131638
0.000127825
0.000114518
0.000115101
0.000153259
0.000156391
0.000181728
0.000181728
0.000184116
0.00015241
0.000114323
0.000114323
0.000140671
0.000147817
0.000151284
0.000127592
0.000118486
0.000127227
0.000142563
0.00017667
0.00017667
0.00014095
0.000120479
0.000114948
0.000114948
0.000201022
0.000130802
0.000105624
0.000114839
0.000112211
0.000110939
0.000150193
0.000132201
0.000165991
0.000176841
0.000139457
0.000112619
0.000113177
0.000113177
0.000194973
0.00015127
0.000117592
0.000112758
0.000134287
0.000134287
0.000141334
0.000121558
0.000157142
0.000157142
0.000151242
0.000158539
0.0001073
0.000104308
0.000105156
0.000113785
0.000111249
0.000101411
0.000159491
0.000160171
0.000103765
8.88293e-05
0.000172521
0.000172521
0.000116322
0.000107017
0.000152422
0.000120939
0.000109432
8.77222e-05
0.000140067
0.000140067
0.000111951
0.000111774
0.000155981
0.000124975
0.000108754
0.000108754
0.000116587
0.000116587
0.000117045
0.000147979
0.000130408
0.000107697
0.000129282
0.000129282
0.000104273
0.000103022
0.000176519
0.000176519
0.000128471
0.000128471
0.000126987
0.000105019
0.000132852
0.000114705
0.000175441
0.000118953
0.000106984
0.000100932
0.000156282
0.000156282
0.000112672
0.000142133
0.000142133
0.000148451
0.000131906
0.00011904
0.000138038
0.00012721
8.45919e-05
0.000107843
9.8984e-05
0.000126766
0.000165604
0.000108828
0.000111782
8.3426e-05
9.35083e-05
0.000162008
0.000162008
0.00012717
0.000131362
0.0001291
0.00011469
0.000105147
0.000105147
0.000114105
0.000111291
0.000102237
0.000108746
0.000105748
0.000105748
9.38807e-05
9.38807e-05
0.000105764
0.000105764
0.000141146
0.000165254
0.000107685
0.000141753
0.000100367
9.93837e-05
0.000114162
9.63971e-05
0.000122548
0.000132533
0.000169333
0.000138582
0.000169457
0.000164054
0.000119142
0.000152919
0.000187372
0.000137785
0.000162599
0.000123277
0.000116839
0.000118941
0.000110577
0.000101442
0.000138442
0.000140358
0.000115015
0.000115015
0.000141885
0.000114066
0.000162244
0.000104598
0.000141593
0.000141593
0.000119753
0.00011891
0.000144276
0.000150772
0.000147054
0.000140137
9.96789e-05
0.000155419
0.000186786
0.000140637
0.000149858
9.88436e-05
0.000126756
0.00011281
0.000160952
0.00010146
0.000153209
0.00012674
0.000101568
9.62282e-05
0.000136108
0.000115106
0.000129823
0.000131099
0.0001058
0.000117377
0.000100942
0.000100942
0.000137361
0.000137361
0.00010402
0.000148313
8.74766e-05
0.000165562
0.000102403
9.90128e-05
8.77306e-05
9.45838e-05
0.000165242
0.000198917
0.000102613
0.000124094
9.89883e-05
9.89883e-05
0.000103014
0.000103014
0.000141805
0.000129347
0.000134329
0.000133537
0.000119331
0.000102429
0.000117595
0.000115469
0.000106604
9.80154e-05
9.87719e-05
9.87719e-05
0.00010132
0.00010132
0.000135431
0.000166829
0.000157626
0.00011206
0.000151956
0.000151956
9.79728e-05
9.79728e-05
0.000135097
9.48472e-05
0.000147528
0.000147528
0.000101726
9.99574e-05
0.000123498
0.000107857
0.000178074
0.000120185
0.000113909
0.000113909
0.000211037
0.000177772
0.00011808
0.000106854
9.79494e-05
9.79494e-05
0.000154385
0.000159276
0.000140007
0.000126288
0.000147194
0.000129065
0.000126758
0.000125793
0.000128467
0.000128467
0.000132804
0.000132804
0.000124422
0.000124422
0.00013501
0.000106409
0.000108251
0.000114032
0.000106326
0.000106326
0.000144006
0.000144886
0.000103948
0.000103948
0.000112807
0.00010189
0.000106812
9.60097e-05
0.00017774
8.44804e-05
0.000159789
0.000121021
9.44545e-05
9.44545e-05
0.000166728
0.000106963
0.000157594
0.000117452
0.000158197
0.000148532
0.000106999
9.58157e-05
9.06683e-05
9.05613e-05
0.000138476
0.000112496
0.000163835
0.000204228
9.57112e-05
9.57112e-05
9.57112e-05
9.57112e-05
0.000107326
0.000100165
0.000140816
0.000140816
0.000123987
0.00013943
0.000125135
0.000125135
0.000102108
0.000102108
0.00012817
0.00012817
9.76854e-05
9.34695e-05
0.000130237
0.000130237
0.000131154
0.000131154
0.000157574
0.000162825
0.000109528
9.92124e-05
0.000168337
0.000105412
0.000145077
9.27128e-05
0.000128436
0.000128503
0.000128503
0.000119566
9.20452e-05
0.000102348
9.82669e-05
0.000109872
0.000126255
9.44139e-05
9.16138e-05
9.44139e-05
9.16138e-05
0.000182591
0.000158756
9.21622e-05
8.65183e-05
8.77435e-05
8.96103e-05
9.15777e-05
9.11051e-05
0.000111529
0.000144604
0.000106619
0.000106619
9.21802e-05
9.21802e-05
9.30143e-05
9.30143e-05
0.000137582
0.000111502
0.000148225
0.000127658
0.000128528
8.41327e-05
0.000108766
0.000108462
9.74688e-05
0.00014142
