0.000164464
0.00010527
0.000130769
0.000125088
0.000121102
0.000120815
0.000219703
0.000124138
0.000169299
0.000125712
0.000131929
0.000118761
0.0001569
0.000169777
0.000245645
0.000159734
0.000151159
0.000136088
0.000125608
0.000159414
0.000124345
0.000110752
0.000143613
0.000146703
0.000114865
0.000129425
0.000120344
0.000214252
9.90304e-05
0.000110283
0.000208245
0.000151208
0.000183013
0.000156548
0.000119444
0.000125103
0.000135848
0.000200366
0.000274805
0.000102288
0.000119882
0.000102774
0.000126416
0.0001625
0.000202298
9.65185e-05
0.000196603
0.000110752
0.000111107
0.000228904
0.00016406
0.000113108
0.000179833
0.000194456
0.000117456
0.000119294
0.000148363
0.000136793
0.000113593
0.000104573
0.000244091
0.00014155
0.000136274
0.000116639
0.000154669
9.75037e-05
0.000150517
0.000274805
0.000256028
0.00014731
0.000101705
0.000148612
0.000137632
0.000195913
0.00010679
0.000107825
0.000131495
0.000239552
0.000105015
0.000156519
0.000115073
0.000247285
0.000204218
9.03307e-05
0.000189352
0.000196428
0.000170005
0.000208482
0.000248913
0.000174378
0.000141375
0.00015944
0.000160162
0.000151224
0.000109708
9.88899e-05
0.000147769
0.000202186
0.000171436
0.000134771
0.00017655
0.000171671
0.000211999
0.000130851
0.000163599
0.000122335
0.000109384
0.000189743
0.00013128
0.000121161
0.000113094
0.00013986
0.000100093
0.000117642
0.000270665
0.000217229
9.73234e-05
0.000118354
0.000108732
0.00022088
0.000124462
0.000141034
0.000109866
0.000186653
0.000160818
0.000213849
0.000128637
0.000118847
0.0001718
0.00014842
0.000147168
0.000120364
0.000189743
0.000104673
0.000174432
0.000127327
0.000151741
0.000267839
0.000160326
0.000114023
0.000134952
0.000149356
0.000155674
0.00024246
0.000127784
0.000168967
0.000214032
9.36712e-05
0.000118761
0.000102913
0.000240652
0.000225293
0.000110005
0.000151969
0.000134183
0.00013399
0.000112097
0.000206367
0.000187242
0.000167055
0.000142584
0.000154898
0.000141916
0.000137227
0.000152067
0.00012764
0.000141063
0.000162669
0.000156781
0.000102457
0.000208885
0.000124745
0.000288598
0.000129442
0.000184118
0.000160739
0.00011342
0.000138741
0.00017196
0.0001444
0.000141063
0.000142004
0.000161695
0.000111525
0.000168158
0.000107963
0.000199503
0.000191577
0.000101544
0.000130914
0.0001115
0.000188408
0.000108115
0.000156548
0.000126365
0.000107012
0.0001022
0.000207192
0.000246023
9.77472e-05
0.000125183
0.000179739
0.000193631
0.000139884
0.000228776
0.000200881
0.000217779
0.000213961
9.80393e-05
0.000217826
0.000147444
0.00021299
0.000108153
0.000120621
0.000137145
0.000183743
0.000217834
0.000198033
9.90978e-05
0.000158703
0.000155499
0.000188024
0.000138212
0.00016512
0.000155153
0.000204105
9.41256e-05
0.000129897
0.000162204
9.3922e-05
0.000116274
0.000243452
0.000193465
9.80672e-05
0.000192623
9.03307e-05
9.5696e-05
0.000108147
0.000122335
0.000143871
0.000160077
0.000198521
0.000179833
0.000123749
9.64733e-05
0.000131985
0.000166164
0.000173846
0.000189485
0.000184786
0.000106356
9.16502e-05
0.00023629
0.000122669
0.000123358
0.000152221
0.00014597
0.000158315
0.000180047
0.00020092
0.000144186
0.000244507
0.000276157
0.000240902
0.000154089
0.000213079
0.000160161
0.000144226
0.000162128
0.000260633
0.000144618
0.000153654
0.000149189
0.000154386
0.000159461
0.000162051
0.0001649
0.000134183
0.000106859
0.000133897
0.000104911
0.000137196
0.000132578
0.000239726
0.000106134
0.000130405
0.000175019
0.000157774
9.17724e-05
0.000190743
0.000129138
0.000107344
0.000135282
0.000100143
0.000133547
0.000132713
0.000134301
0.000188026
0.000147442
8.88368e-05
0.000163865
0.000171193
0.000244507
0.00021591
0.000146237
0.000143937
0.000140584
0.000191004
0.000141453
0.000137151
0.000129003
0.000146953
0.000121595
0.000101705
9.39576e-05
9.84948e-05
0.000180833
0.000168716
0.000103197
0.000210033
0.000104745
0.00011605
0.000159461
0.000105943
0.000148838
0.000141916
0.000145179
0.000134204
0.000164267
0.000135275
0.000102469
0.000119068
0.000104116
0.000155081
0.000219792
0.000176519
0.000182464
0.000126797
0.00018931
0.000162704
0.000145887
0.000136503
0.000131495
0.000116875
0.000119802
0.000122751
0.000157778
0.000110624
0.00013281
0.000197989
9.17724e-05
0.000106801
0.000134811
0.000209564
0.000123251
0.000147346
0.000151726
0.000129023
0.000141769
0.000185363
0.000178241
0.000112652
0.000110194
0.000139141
0.000152811
0.000159803
0.00014938
0.000194969
0.000156514
0.000174964
0.000125269
0.000118938
0.000114288
0.000264668
0.000139154
0.000110401
0.000176338
0.000124453
0.000150552
0.000111987
0.00012533
0.000188473
0.000203716
0.00010693
0.000111033
0.00020059
0.000132725
0.000209955
0.00022387
0.000143404
0.000112845
0.000121857
0.000167659
0.000113902
0.000108587
0.000196582
8.77764e-05
0.00012329
9.65185e-05
0.00016098
0.000109569
0.000108262
0.000116345
0.000187388
0.000221895
9.5152e-05
9.42458e-05
0.000145876
0.000203372
0.000193374
0.000116685
0.000159539
0.000166938
0.000233433
0.000127587
0.000209976
0.000177707
0.000103837
0.000153547
0.000132998
0.000112097
0.000211258
0.000159621
0.000208673
0.000184576
0.000113507
0.000133432
0.000100227
0.000102316
0.000104638
0.000204489
0.000113611
0.000160459
0.000197598
9.925e-05
0.000103902
0.000117314
9.79532e-05
9.88552e-05
0.00017655
9.64103e-05
0.000227421
0.000170607
9.7666e-05
0.000105925
9.60609e-05
0.000100988
0.000103244
9.48663e-05
0.000165626
0.000186361
0.000120239
0.000162812
0.000109585
0.000187091
0.00024246
8.57314e-05
0.000147993
0.000134555
0.000123303
0.00012221
9.7123e-05
0.000121746
0.000118723
0.000138306
0.000149525
0.000112641
0.000123639
0.000156853
0.000127466
0.000105149
8.54783e-05
0.000121595
0.000154874
0.000107325
0.000136218
0.000126742
0.000139347
0.000138596
0.000146573
0.000223142
0.000177487
0.000207913
0.000165637
0.000106625
9.39035e-05
0.000137522
0.000107423
0.000111525
0.000181472
0.000111271
0.000107175
0.000240639
0.000157287
0.000123094
0.000136218
0.00015479
0.000225717
0.000192304
0.000232912
0.000125814
0.000128572
0.000182155
0.000141671
0.000175842
0.000252051
0.00023556
0.000120424
0.0001444
0.000233562
0.000206434
0.000188926
0.000134892
0.000173649
0.000200831
0.000144027
0.000229573
0.00010599
0.000120466
0.000139644
0.000150495
0.000115759
0.000161813
0.000208581
0.000122235
0.000126118
0.00014903
0.000134827
0.000181447
0.000165296
0.000159608
0.000164124
0.000161695
0.000159758
0.00012798
0.000104234
0.000133309
0.000134706
0.000186729
0.000252481
0.000124312
0.000125269
0.000169537
0.000118198
0.000111011
0.000128136
0.000120047
0.000211997
0.000183366
9.1454e-05
0.000167382
0.00013548
0.000164859
0.000182587
0.00015421
0.00011611
0.000221544
0.00017917
0.000116164
0.000243172
0.000180713
0.000109415
0.000158782
0.000199693
0.000154471
0.000116875
0.000255233
0.000248093
0.000123354
0.000221734
0.000175822
0.000124068
0.000207546
0.000170827
0.000121203
0.000147072
0.000110878
0.000111113
0.000214434
0.000156786
0.000172704
0.000145702
0.000135847
0.00021256
0.000167552
0.000105807
0.000151635
0.000213826
0.000217716
0.000130191
0.000170272
0.000130914
0.000128984
0.000108312
0.000190554
0.000137867
0.000172687
0.000157241
0.000230073
0.000229181
0.000100457
0.000245524
0.000121016
0.000248512
0.000194838
0.000128679
0.000199631
0.000139183
0.000171368
0.000258703
0.000137477
9.57392e-05
0.000130976
0.00017346
0.000189135
0.000102963
0.000143525
0.000177327
0.000115237
0.000128638
0.000124608
0.000232012
0.000240724
0.000178076
0.000264948
0.000264948
0.000148941
0.000115001
0.000106937
0.000169833
0.000169689
0.000145845
0.000123219
0.000131905
0.000117305
0.000106178
0.00011315
0.000127938
0.000137695
0.000110409
0.000117019
0.000209959
0.000118107
0.000148187
0.000139401
0.000213693
0.000249632
0.000116489
0.000162254
0.000131669
0.000123715
0.000129325
0.000109862
0.000169723
0.000102034
9.81322e-05
0.000229121
0.000217229
0.000112895
0.000191284
0.000257752
0.000245924
0.000139103
0.000115727
0.000161253
0.000114437
0.000140567
0.000172716
0.000122867
0.000109708
9.96215e-05
0.000126237
0.000140655
0.000193922
0.000164364
0.000143499
0.000109363
0.000145876
0.000127468
0.000137151
0.000133417
0.000115199
0.000154574
0.000169234
0.000164842
0.000125856
0.000121674
0.000166792
0.000122101
0.000138567
0.000135066
0.000221284
0.000187463
0.000152902
0.000114288
0.00016488
0.000161548
0.000101166
0.000198718
0.000149345
0.000117356
0.000118095
0.000111033
0.000111366
0.000136048
0.000196497
0.000161582
0.000234255
0.00010679
0.000140645
0.000183861
0.000100093
0.000233658
0.000106416
0.000131625
0.000154895
0.000170578
0.000105637
0.00010635
0.000131718
0.000134204
0.000103186
0.000112895
0.000140225
0.00010006
0.000183746
0.00017358
0.000178925
0.000181663
0.000187891
0.000168413
0.000193256
0.000207893
0.000149764
0.000112352
0.000136531
0.000182464
0.000136226
0.000138195
0.000128399
0.000137079
0.00010941
0.000141479
0.000100514
0.000121706
0.000154642
0.000101736
9.53151e-05
0.000161079
0.000161927
0.000173535
0.000105334
0.000236689
0.00013616
0.000201074
0.000185205
9.88355e-05
0.000101677
0.000147527
0.000134814
0.000117597
9.47419e-05
0.000234912
0.000234912
0.000123018
0.000139154
0.000137892
0.00010688
0.00013839
0.000181626
0.000110321
0.00010473
0.000125062
0.000118674
0.000165082
0.000158419
0.000181396
0.000180753
0.000194384
0.000188665
0.000150674
0.000115905
0.000111056
0.000132661
0.000215944
0.000190476
0.000104745
0.000177313
0.000157872
9.71869e-05
9.48663e-05
0.000210311
0.000159803
0.000120519
0.000143022
0.000149302
0.000121357
0.00021867
0.000179326
0.000104692
0.000103114
0.000221491
0.000221491
0.000138308
0.000158468
0.00012451
0.000105286
0.000145814
0.000134827
0.000206914
0.000172484
0.000134593
0.000219351
0.000103866
0.000114712
0.000200325
0.000108423
0.000105425
0.000164547
0.000209392
0.000193465
0.000142314
0.000138004
0.000175076
0.000217028
0.000241955
0.000219296
0.000196658
0.000196658
9.64402e-05
9.49106e-05
0.000165335
0.000163936
0.000124489
0.000118899
0.000106456
0.000175528
8.76995e-05
0.000132085
0.000139059
0.000132233
0.000119556
0.000118075
9.60609e-05
0.000168967
0.000104765
9.59451e-05
0.000109984
0.000101536
0.000103706
0.000103752
0.000103553
0.000105139
0.000150926
0.000147997
0.000223294
0.000161562
0.00018931
0.000105349
0.000108593
0.000168807
0.000109155
8.84743e-05
0.000224153
0.000125472
0.000122528
0.000139914
0.000127327
0.000112221
0.000187491
0.000187491
0.000180856
0.000181183
0.00014104
0.000225414
0.00010421
0.000196723
0.000125025
0.000155642
0.000202676
0.000211874
0.000102775
0.000109233
0.000154943
0.000112259
0.000158473
0.000121039
0.000188513
0.000201795
0.000101341
0.000194731
0.000213397
0.000226459
0.000180976
0.000104117
0.000193256
0.000124511
0.000116343
0.000229445
0.000103875
9.84145e-05
0.000152935
0.000136501
0.000120357
0.000171671
0.000111143
0.000109904
0.000191461
0.000191461
0.000118578
0.00011882
0.000129753
0.00020569
0.000181688
0.000213517
0.000178167
0.000178167
0.000219813
0.000214022
0.000227318
0.000167499
0.000100457
0.000175296
0.000169651
0.00018237
0.000121519
0.000101054
0.000203531
0.000203531
0.000126438
0.000120954
0.000140512
9.71275e-05
0.000100947
0.00010025
0.000125088
0.000200356
0.000153184
0.00018756
0.00018756
0.000100892
0.000111551
0.000154251
0.000174833
0.000142224
0.000162345
0.000208417
0.000208417
0.000135476
0.000109699
0.00016925
0.00016925
0.000148738
0.000156263
0.00010623
0.000110729
0.000123322
0.000162204
0.000185139
0.000185139
0.000154701
0.000107918
0.000264874
0.000194852
0.000119049
0.000160162
0.000115933
0.000116346
0.00021023
0.00021023
0.000182292
0.000182292
0.000173448
0.000173448
0.000145179
0.00016705
0.000206644
0.0001511
0.000137867
0.000167556
0.000110594
0.000188495
0.000114564
0.000157706
0.000189066
0.000189066
0.000163328
0.000163551
0.000124672
0.000118826
0.000171503
0.00017568
0.00018872
0.00018872
0.000170084
0.000194333
0.000116576
9.50583e-05
0.000164664
0.000138105
0.000199628
0.000199628
0.000145857
0.000180648
0.000268515
0.000163142
0.000134429
0.000127633
0.000131129
9.48659e-05
0.000176937
0.000176937
0.000146226
0.000116309
0.000130192
0.000170809
9.25037e-05
0.000134699
0.000131751
0.000136641
0.000120621
0.000153426
0.00013304
0.000177523
0.000168298
0.000168298
0.000143695
0.000138329
0.0001153
0.000100965
0.000129412
0.000127486
0.000113125
0.000125621
0.000173146
0.000173146
0.000166729
0.000177313
0.00013547
0.000109821
0.000157588
0.000173576
0.000153649
0.000138818
0.000184538
0.000156607
0.000169169
0.000154432
0.00015838
0.000168069
0.000171434
0.000158852
0.000166616
0.000158229
0.000143404
0.000140705
0.000178562
0.000193012
0.000120815
0.000155801
0.000115902
0.00024993
0.000142252
0.00010725
9.95702e-05
0.000143273
0.000166096
9.11367e-05
0.000154589
0.00018529
0.00018529
0.000110169
9.32815e-05
9.69624e-05
9.08555e-05
0.00010731
0.000156137
0.000190518
9.22217e-05
0.000158607
0.000158607
0.000154948
0.000154948
0.000120069
0.000119982
0.000153053
0.000153053
0.000154963
0.000102517
0.00010006
0.00011776
0.000171472
0.000154047
0.000157407
0.000157407
8.84984e-05
0.000101657
9.6341e-05
0.000174941
0.000163295
0.000137292
0.000123498
0.000145972
0.000142857
0.000126953
0.000172463
0.000142074
0.000119532
0.000137649
0.000190521
0.000129878
0.000148249
0.000148249
0.000200124
0.000200124
0.000107294
0.000222804
0.000145846
0.000113229
0.000123219
0.000142285
0.000107442
0.000153016
0.000153661
9.64656e-05
0.000112819
0.000156905
0.000198684
0.000160052
0.000152208
0.000141147
0.000141147
0.000140799
9.82593e-05
0.00014177
0.000122611
0.000164948
0.000167651
0.000111181
0.000105725
0.000177174
0.000181191
0.000145241
0.000145241
0.000114874
0.0001001
0.00014801
0.000117857
0.000148172
0.000159976
0.000105134
0.000148524
0.000115963
0.000140424
0.000139801
0.000139908
0.000162574
0.000162574
0.000203573
0.000185593
0.000147315
0.000145927
0.000183435
0.000183435
0.000157825
0.000157691
0.000158653
0.000110974
0.000148531
0.000148531
0.000190578
0.000190578
0.000145827
0.000145827
0.000147924
0.000138754
0.000145829
0.000145829
0.000263964
0.000156752
0.000102034
0.000228176
0.000148248
0.000126831
0.000268377
0.000152506
0.000142007
0.000114317
0.000138317
0.000135819
0.00019081
0.00010313
0.000128309
0.000111434
0.000136251
0.000118075
0.000117013
0.000184619
0.000184619
0.000125759
0.000130003
0.000200248
0.000156845
0.00014275
0.000161974
0.000108784
0.000137364
0.000123971
0.000147169
0.000147169
0.000141572
0.000141572
0.000171469
0.000107919
0.000148962
0.000155454
0.000147568
0.000205767
0.000202713
0.000143275
0.000126278
0.000108767
0.000150853
0.000150451
0.000130523
0.000130523
0.000112258
0.000105199
0.000124106
0.000102775
0.000140094
0.0001203
0.000175546
0.000143677
0.000127492
0.00013439
0.00011611
0.00015694
0.000171039
0.000171039
0.000153814
0.000153814
0.000112454
0.000106854
0.00014596
0.000121954
0.000171477
0.000156121
0.000193574
0.000193887
0.000143321
0.000143321
0.000126154
0.00015193
0.000171895
0.000171895
0.000104486
8.97856e-05
0.000158729
9.66136e-05
0.000139298
0.000121146
0.000194007
9.34548e-05
0.000216094
0.000150075
0.000144528
0.000155626
0.000161423
0.000161423
0.000145038
0.000139309
0.000182512
0.000182512
0.000125572
0.000125058
0.000125589
0.000125589
0.000174033
0.000127154
0.000139577
0.000138334
0.000116081
0.000106666
0.000127294
0.000127069
0.000130286
0.000181237
0.000164123
0.000164123
0.000115437
0.000130262
0.00015085
0.000152163
0.000153634
0.000161937
0.000206732
0.000138818
0.00012733
0.000138855
0.000211013
0.000145972
0.000135453
0.000157713
0.00013678
0.000182793
0.000188091
0.000121844
0.000109984
0.000168368
0.000170621
0.000124383
0.000140019
0.000172672
0.000123014
0.000123014
0.000151792
0.000141391
0.000161186
0.000161186
0.000147466
0.000147466
0.000122663
0.000122883
0.00012376
0.00012376
0.000136746
0.000132512
0.000152609
0.000173772
0.000206531
0.000206531
0.000134582
0.000168847
0.000158783
0.000158783
0.000151703
0.000151703
0.000194004
0.000136274
0.000136274
0.000136274
0.000147161
0.000108137
0.000149785
0.000142252
9.17724e-05
9.17724e-05
0.000217635
0.000143275
0.000158662
0.000134771
0.000148613
0.000139704
0.000134505
0.000134505
0.000103903
0.0001152
0.000186191
0.000186191
0.000146229
0.000142765
0.000104911
9.39382e-05
0.000115237
0.000139103
0.000172438
0.000133448
0.00012058
0.000123087
0.000124152
9.90801e-05
0.000188538
0.000193453
0.000155019
0.000192687
0.000192687
0.000118511
0.000118511
0.000105447
0.000164143
0.000101989
0.000117407
0.000184878
0.000189345
0.000147675
0.00011988
0.000131721
0.000131721
0.000108784
0.000115359
0.000127383
0.000107644
0.000174037
0.000160019
0.000119091
0.000119091
0.000120024
0.000120024
0.000140206
0.000102838
0.000124126
0.000118356
0.000178169
0.000159981
0.000186423
0.000185226
0.000193509
0.000140318
0.000142807
0.000153055
0.000171866
0.000171866
0.000143303
0.000124548
0.000144855
0.000144855
0.000135687
0.000108469
0.000107358
0.000135744
0.000120121
0.000120121
0.000141191
0.000150023
0.00013491
0.00013491
0.000138206
0.000113818
0.000132243
0.000164111
0.000137076
0.000137076
0.000156611
9.27544e-05
0.000176448
0.000172912
0.000129512
0.000129512
0.00012108
0.000121009
0.000177799
0.000139027
0.000114264
0.00012034
0.00014454
0.000113039
0.000138785
0.000158699
0.000139622
0.0001147
0.000158405
0.000179085
0.000149238
0.00013994
0.000130914
0.000130914
0.000131734
0.000153645
0.000125372
0.000133429
0.000116704
0.000107384
0.000107384
0.000108084
0.000108084
0.0001337
0.0001337
0.000157615
0.000101969
0.000170367
0.000171296
0.000105678
0.000105678
0.000157418
0.000117019
0.000158447
0.000151881
0.000111622
0.000108762
0.000135596
0.000109629
0.000129527
0.000153516
0.000113909
0.000113909
0.00026179
0.000107205
0.000131203
0.000130703
0.000118517
0.000141459
0.00011325
0.000116111
0.000139231
0.000120784
0.00011605
0.000104195
0.000104195
0.000120114
0.000120114
0.00012937
0.000123203
0.000107923
0.000134916
0.000107864
0.000136557
0.00011002
0.00011002
0.000108995
0.000108995
0.000113315
0.000113315
0.000123094
0.000156943
0.000103908
0.000112888
0.000115309
9.93872e-05
0.000125212
0.000126164
0.000108177
0.000107536
0.000114203
9.8773e-05
0.000135782
0.000171438
0.000159565
0.000106625
0.000125598
0.000121848
0.000109112
0.000109112
0.000124593
0.000123708
0.000164777
0.000122146
0.000116016
0.000106806
0.000140645
0.000140645
0.000147218
0.000147218
0.00012435
0.000115508
0.000151466
0.000117646
0.000111585
0.000137323
9.97818e-05
8.53238e-05
0.000144898
0.000146237
0.000105973
0.000105973
0.000116992
0.000105721
0.00010599
0.000197433
0.000111969
0.00010657
0.000129801
0.000131095
0.000141433
0.000141433
0.0001263
0.000113617
0.000115494
0.000109514
0.000122746
0.000122746
0.000104739
0.000104739
0.000114039
0.000114039
0.0001401
0.000100576
0.000139737
0.000140835
0.000150448
0.000150448
0.000126142
0.000119673
0.000100105
8.91212e-05
0.000123979
0.000122737
0.000101671
9.7123e-05
0.000103553
0.000106592
0.000105118
0.000105118
0.000108486
0.000108486
0.000171528
0.000170013
0.00012036
0.00012036
0.000116245
0.000116245
0.000153623
0.000110194
0.000138094
9.88687e-05
0.000108049
0.000111019
0.000123449
0.000123449
0.000108063
9.85335e-05
0.000103825
0.000103825
0.000193091
0.000193091
0.000105662
0.000100938
0.000102181
0.000113738
0.000103335
0.000105819
0.000134306
0.000141684
0.000135488
0.000105036
0.000110738
0.000108233
0.000127611
0.000127611
0.000110774
0.000110774
0.000102102
0.000101211
0.000144403
9.24261e-05
0.000112905
0.000130731
9.81177e-05
9.77522e-05
0.000112603
0.000112603
0.000101558
0.000101558
0.000150397
0.000106836
0.000183595
0.000140257
0.000119723
0.000119723
0.000121333
0.000123262
0.000136187
0.000114799
0.000104976
0.000104976
0.000127466
0.000129608
0.000104872
0.000104872
0.000128224
0.000128224
0.000121607
0.000116038
0.000122223
0.000150372
0.000104114
0.000104114
0.000105266
0.000105266
0.000122227
0.000122227
0.000101866
0.000101866
0.000105943
0.000105943
9.65399e-05
0.00010125
0.00013555
0.000101062
0.000137937
0.000154212
0.00016276
0.000155184
0.000143659
0.000129104
9.91336e-05
0.000111751
0.000111751
0.000102949
0.000102949
0.00014194
0.00014194
0.000115235
9.70961e-05
9.72868e-05
0.000100909
0.000105629
9.9247e-05
9.44149e-05
0.000145547
0.000137186
0.000108964
0.000110653
9.87881e-05
0.000137474
0.00013117
9.36993e-05
0.000102526
0.000126847
0.000146784
0.000100302
0.000109361
0.00011561
0.000100741
0.000100741
0.000182208
0.000115943
0.000133793
9.5611e-05
0.0001225
0.0001225
0.000137257
0.000138842
0.000149848
0.000135718
0.000150293
9.33093e-05
0.000118419
0.000136112
0.000136112
0.000141113
0.000141113
0.000104004
0.000125935
0.000125935
0.000121933
0.000121933
0.000109636
9.77062e-05
0.000160912
0.000127082
0.000173257
0.000134751
0.0001494
0.00015026
0.000142604
0.000195582
9.70357e-05
9.70357e-05
9.6358e-05
9.6358e-05
0.00014637
0.00014637
0.000111753
0.000106443
0.000130969
0.000129086
0.000132855
0.000132919
9.61072e-05
9.61072e-05
0.000130983
9.47963e-05
0.000123327
9.91554e-05
0.000145156
9.53327e-05
0.000176969
0.000145285
9.7936e-05
9.51692e-05
0.00010578
0.000105765
0.000112964
0.00011076
9.66285e-05
9.35245e-05
9.95238e-05
9.95238e-05
0.000122671
0.000122671
0.000115787
0.000124158
9.3688e-05
0.000126558
0.000135837
0.000100179
9.45481e-05
9.45481e-05
0.000194846
0.000166218
0.000100261
9.84995e-05
0.000109339
0.000102109
0.000103779
9.38264e-05
9.38264e-05
0.000165881
0.000158744
0.000144465
0.000125316
0.00013785
9.95922e-05
9.85364e-05
0.000107653
0.000118784
8.97713e-05
9.34643e-05
9.34643e-05
9.74647e-05
9.74647e-05
9.7426e-05
0.000105659
0.000119712
0.000123393
0.000110755
9.33407e-05
0.000164513
0.000156307
0.000118422
0.000159299
0.000132894
0.000105383
