1.26198
0.541569
1.01192
0.524306
1.09817
0.546194
1.0037
0.552148
1.41093
0.626179
1.09223
0.503735
1.11114
0.594335
1.02556
0.575817
1.02659
0.591461
1.15914
0.726866
1.01311
0.55425
1.1072
0.765925
1.0903
0.519436
1.10556
0.713132
1.08383
0.510703
0.99552
0.558371
1.11358
0.697688
1.01921
0.561919
1.04516
0.509052
1.06027
0.70765
1.03742
0.615496
1.08822
0.527529
1.30737
0.536996
1.12718
0.506234
1.03605
0.505348
1.58852
0.523397
1.19846
0.745516
1.72457
0.502329
1.73749
0.767451
1.6922
0.674326
1.1051
0.731517
1.33114
0.67662
1.68558
0.813306
1.76309
0.487464
1.8709
0.501058
1.47732
0.593473
1.37174
0.658808
1.09882
0.532109
1.28432
0.529456
1.05712
0.6596
1.00833
0.643342
1.75045
0.52023
1.31987
0.635038
1.3706
0.649252
1.05754
0.59817
1.14155
0.580351
1.31497
0.759802
1.55622
0.927583
1.45017
0.777053
1.48922
0.886503
1.48234
0.573728
1.46171
0.516113
1.87916
0.638896
1.92417
0.69615
1.82856
0.636851
1.36943
0.868479
1.31426
0.813148
1.65666
0.561729
1.67842
0.729806
1.84604
0.900484
1.92432
0.888622
1.98856
0.838979
1.02239
0.871285
1.60978
0.823071
1.91572
0.887795
1.81791
0.719026
1.59938
0.947865
1.66609
0.950115
1.6449
0.676548
1.65447
0.553378
1.25548
0.54796
1.10661
0.523123
1.34953
0.647815
1.6963
0.516254
1.78234
0.585486
1.06663
0.6584
1.0668
0.631498
1.02729
0.650979
1.04912
0.593207
1.31506
0.627262
1.17167
0.547253
1.14243
0.765618
1.08474
0.911708
1.64476
0.717575
1.47983
0.793904
1.70194
0.944905
1.82443
0.782225
1.93589
0.607999
1.90397
0.706516
1.08544
0.540705
1.36873
0.835602
1.38298
0.722277
1.3878
0.731592
1.41873
0.80688
1.60988
0.5968
1.7577
0.547614
1.64649
0.695473
1.08378
0.565909
1.08869
0.559149
1.80861
0.54781
1.84995
0.584532
1.77505
0.932676
1.7584
0.851894
1.83509
0.807781
1.83234
0.791612
1.58391
0.597633
1.43683
0.752921
1.20807
0.843126
1.33347
0.942361
1.15517
0.954235
1.49408
0.702969
1.60178
0.772818
1.19751
0.603966
1.20558
0.656859
1.42336
0.922977
1.07158
0.834482
1.43309
0.939911
1.40321
0.989308
1.30734
0.975263
1.33019
0.932142
1.17076
0.830513
1.19239
0.830961
1.27789
0.706608
1.22368
0.723392
1.34523
0.577156
1.3559
0.880868
1.21961
0.778343
1.12548
0.820426
1.15995
0.794522
1.72626
0.816664
1.743
0.899611
1.52439
0.648775
1.44136
0.595604
1.55662
0.8681
1.5895
0.877235
1.79077
0.496511
1.78432
0.502277
1.88594
0.507175
1.53737
0.735012
1.66896
0.709297
1.09906
0.95793
1.0166
0.836431
1.89756
0.71592
1.97524
0.770721
1.51753
0.594658
1.57168
0.584696
1.52849
0.923861
1.56633
0.979034
1.52657
0.994724
1.30899
0.838356
1.38928
0.837532
1.93336
0.811075
1.90875
0.83899
1.34823
0.676403
1.39102
0.539909
1.96281
0.885339
1.88928
0.912963
1.4677
0.944986
1.43154
0.684342
1.4047
0.726203
1.70967
0.906334
1.01884
0.888886
1.50759
0.803012
1.61363
0.783179
1.19465
0.615773
1.18546
0.652884
1.1691
0.611266
1.17588
0.620335
1.94338
0.844035
1.98647
0.775869
1.82329
0.952424
1.86397
0.971333
1.05279
0.935621
1.17975
0.947268
1.65311
0.974994
1.69712
0.914986
1.8712
0.695534
1.95521
0.512843
1.8437
0.619706
1.7768
0.621357
1.89895
0.696427
1.95363
0.74995
1.80308
0.720441
1.74307
0.679601
1.74516
0.771501
1.66966
0.768826
1.10308
0.701666
1.10829
0.649831
1.53157
0.596258
1.55476
0.706565
1.47302
0.895911
1.40883
0.888886
1.36633
0.949976
1.30971
0.985688
1.20901
0.970349
1.16382
0.956206
1.4966
0.496455
1.10114
0.720539
1.0183
0.784616
1.48021
0.973046
1.5294
0.912429
1.7395
0.617724
1.67376
0.612885
1.27851
0.938808
1.20193
0.863503
1.34121
0.834098
1.35688
0.820291
1.23526
0.65955
1.30465
0.704782
1.57407
0.559838
1.60749
0.494009
1.56903
0.495244
1.54
0.509754
1.65285
0.49617
1.64346
0.657257
1.67568
0.668815
1.31316
0.788858
1.26196
0.761769
1.24702
0.514684
1.11119
0.954843
1.02604
0.986996
1.39801
0.790559
1.3782
0.763913
1.31864
0.61994
1.35025
0.568674
1.31641
0.558946
1.33336
0.53577
1.30527
0.656696
1.20943
0.64639
1.49677
0.808789
1.42888
0.800343
1.65262
0.871879
1.65085
0.91559
1.24072
0.813271
1.2057
0.817641
1.14544
0.943023
1.19234
0.884189
1.45572
0.756606
1.46351
0.734012
1.43452
0.651115
1.45222
0.72327
1.67666
0.755894
1.744
0.884436
1.70021
0.87384
1.68892
0.750489
1.83097
0.972213
1.78272
0.986444
1.88237
0.82286
1.82061
0.943985
1.59415
0.756866
1.59744
0.738527
1.77399
0.593907
1.72553
0.596938
1.02645
0.702458
1.00708
0.798225
1.94675
0.814474
1.97815
0.836301
1.83064
0.677979
1.83937
0.693298
1.86238
0.806234
1.84524
0.791499
1.05627
0.548144
1.02157
0.546168
1.51024
0.714657
1.47816
0.762295
1.19186
0.537016
1.18361
0.58732
1.31987
0.741035
1.32153
0.822431
1.54509
0.620663
1.56879
0.6698
1.77845
0.954643
1.79724
0.953096
1.38757
0.929949
1.45308
0.934721
0.999017
0.971631
1.05104
0.953256
1.91104
0.972714
1.95255
0.945411
1.94905
0.912836
1.93972
0.571737
1.92536
0.536807
1.89101
0.548265
1.91113
0.549179
1.41434
0.538901
1.36207
0.566108
1.43267
0.519381
1.87622
0.508379
1.84994
0.613472
1.87472
0.630312
1.55214
0.740731
1.62661
0.699064
1.15555
0.525589
1.19687
0.553555
1.45845
0.775888
1.43718
0.845947
1.26653
0.897058
1.13293
0.978852
1.81773
0.808791
1.74731
0.818514
1.49296
0.876446
1.45589
0.871051
1.12781
0.850013
1.09528
0.839126
1.51478
0.57538
1.49777
0.598168
1.66847
0.500449
1.66066
0.505444
1.74321
0.608526
1.72327
0.639542
1.55576
0.518846
1.51274
0.54957
1.45054
0.639807
1.43974
0.614311
1.00749
0.887701
1.72262
0.743853
1.72035
0.664555
1.63999
0.706474
1.61588
0.667288
1.84935
0.739414
1.8863
0.716403
1.62247
0.520199
1.2451
0.885072
1.22164
0.918497
1.81415
0.858352
1.84109
0.88289
1.81038
0.772472
1.82882
0.771153
1.78687
0.747215
1.70681
0.761389
1.49652
0.953159
1.46001
0.994029
1.25329
0.635388
1.26033
0.641993
1.46932
0.525412
1.62634
0.94332
1.6112
0.89666
1.07645
0.725531
1.01038
0.730372
1.08354
0.81199
1.0601
0.759182
1.14988
0.651822
1.17116
0.600432
1.13818
0.915169
1.12268
0.887961
1.10338
0.605465
1.14966
0.591997
1.09072
0.848547
1.05503
0.874223
1.55233
0.659917
1.53319
0.715135
1.73398
0.802243
1.73224
0.825334
1.68622
0.860454
1.71181
0.823516
1.91024
0.802531
1.9294
0.78015
1.64472
0.759933
1.62405
0.784399
1.85912
0.589551
1.84376
0.547847
1.92197
0.687315
1.99379
0.647981
1.15847
0.827905
1.13706
0.833001
1.49783
0.529986
1.53538
0.573134
1.59543
0.665764
1.57843
0.672529
1.54702
0.860049
1.59749
0.854158
1.75508
0.510465
1.76917
0.575982
1.79781
0.551342
1.24035
0.845262
1.26665
0.908466
1.27122
0.987578
1.29811
0.880669
1.29396
0.863368
1.33546
0.970169
1.35046
0.942875
1.90794
0.580863
1.89739
0.600487
1.39703
0.61553
1.37925
0.5755
1.35767
0.905775
1.34204
0.947405
1.95533
0.795748
1.08654
0.576
1.0949
0.599557
1.0998
0.623535
1.12517
0.669167
1.83926
0.989547
1.28643
0.669422
1.27096
0.641709
1.2723
0.749647
1.29843
0.741349
1.50894
0.747747
1.51588
0.754429
1.52108
0.769961
1.51335
0.763225
1.07304
0.667535
1.2615
0.620744
1.25538
0.555488
1.24579
0.503434
1.54637
0.925801
1.51619
0.93859
1.05551
0.790242
1.08779
0.795525
1.20746
0.793966
1.15697
0.815849
1.34888
0.798169
1.34687
0.765771
1.93579
0.637221
1.94231
0.599983
1.23694
0.545394
1.21504
0.552798
1.4571
0.606586
1.43707
0.660974
1.03366
0.813304
1.00455
0.836524
1.14787
0.836409
1.19605
0.809351
1.12798
0.580835
1.15602
0.566117
1.76261
0.829574
1.75846
0.934218
1.97376
0.532078
1.97768
0.507475
1.11548
0.679581
1.08811
0.677038
1.69755
0.727621
1.73851
0.726582
1.08705
0.494236
1.19869
0.699453
1.18892
0.670397
1.3775
0.632376
1.38246
0.666421
1.15257
0.735021
1.1335
0.706219
1.6522
0.994985
1.00107
0.607552
1.88379
0.833953
1.92578
0.841601
1.69402
0.495912
1.70025
0.507533
1.27342
0.82765
1.22032
0.829349
1.25458
0.746006
1.26928
0.771763
1.93854
0.740706
1.95286
0.697835
1.45849
0.847767
1.42723
0.858144
1.26091
0.790567
1.27835
0.772415
1.19895
0.969856
1.23029
0.970098
1.70861
0.839676
1.74528
0.783182
1.8114
0.830274
1.77864
0.887644
1.64423
0.854346
1.62666
0.823922
1.57678
0.918726
1.5681
0.914461
1.61772
0.828296
1.60245
0.845174
1.48622
0.649802
1.46279
0.613606
1.7392
0.59961
1.69131
0.590169
1.00718
0.633751
0.997399
0.657986
1.67504
0.591814
1.72665
0.648063
1.38326
0.556156
1.39699
0.586622
1.73523
0.758598
1.74469
0.807463
1.01152
0.753565
1.00088
0.727009
1.45833
0.748738
1.3977
0.733733
1.59536
0.887688
1.5709
0.9041
1.92399
0.490252
1.92198
0.506432
1.94963
0.52224
1.97456
0.573501
1.91841
0.583179
1.62665
0.498475
1.59986
0.520904
1.32606
0.6484
1.30377
0.628792
1.68362
0.969158
1.74058
0.920266
1.84615
0.631156
1.82552
0.62481
1.51099
0.820694
1.50314
0.875752
1.64044
0.899476
1.5969
0.913678
1.99305
0.615843
1.02464
0.916663
1.02426
0.899739
1.00712
0.97698
1.9152
0.749456
1.88495
0.725909
1.84857
0.730252
1.86563
0.713999
1.0253
0.725274
1.67779
0.857542
1.69538
0.896845
1.61255
0.541677
1.67043
0.535284
1.6312
0.627946
1.62928
0.706998
1.59827
0.496851
1.57127
0.593381
1.4473
0.853432
1.46196
0.885571
1.55845
0.550549
1.58317
0.547029
1.03271
0.867765
1.04639
0.879902
1.58821
0.995108
1.58436
0.979449
1.37103
0.858582
1.42792
0.848726
1.14408
0.88698
1.1494
0.846184
1.6014
0.979111
1.61187
0.759866
1.53245
0.74701
1.05199
0.825662
1.08594
0.823781
1.09707
0.980032
1.26538
0.843206
1.28563
0.815348
1.82638
0.538439
1.78771
0.512684
1.78336
0.541332
1.77677
0.547316
1.22005
0.64701
1.20388
0.679216
1.92701
0.923304
1.89777
0.908367
1.33816
0.770598
1.3687
0.766319
1.41528
0.839332
1.31992
0.831366
1.98894
0.542928
1.96733
0.55249
1.30101
0.504468
1.44498
0.995669
1.76561
0.90992
1.78606
0.93109
1.7246
0.915281
1.7553
0.924846
1.10571
0.49335
1.12828
0.491372
1.96622
0.846645
1.5176
0.65769
1.52851
0.615715
1.86194
0.907057
1.86079
0.853498
1.83835
0.892149
1.80456
0.822121
1.91672
0.719892
1.94087
0.705268
1.90423
0.505609
1.50559
0.659708
1.47865
0.660417
1.38087
0.507489
1.41164
0.486016
1.3366
0.558414
1.3547
0.511645
1.16204
0.856533
1.11868
0.855831
1.42464
0.563312
1.46868
0.509092
1.85635
0.521592
1.90174
0.542169
1.17093
0.7527
1.16952
0.800174
1.14423
0.729249
1.17346
0.714773
1.14505
0.719582
1.17793
0.675226
1.18155
0.753522
1.17227
0.736084
1.239
0.738257
1.27552
0.671056
1.78222
0.868573
1.78699
0.857972
1.85647
0.685198
1.86494
0.674684
1.8142
0.671613
1.79359
0.641671
1.71989
0.653975
1.72868
0.668741
1.97238
0.728795
1.99433
0.712723
1.59623
0.836051
1.57046
0.787748
1.21131
0.733882
1.2441
0.71724
1.01688
0.570393
1.02166
0.586236
1.54373
0.798287
1.54911
0.817215
1.32161
0.729605
1.34962
0.717716
1.41877
0.711515
1.40828
0.708982
1.18741
0.911173
1.21384
0.928602
1.22565
0.994808
1.19475
0.957918
1.25749
0.915299
1.2011
0.949051
1.42287
0.624486
1.40541
0.617049
1.9293
0.651338
1.96148
0.628032
1.90525
0.64997
1.91885
0.667031
1.45187
0.989698
1.34337
0.956382
1.29434
0.965335
1.75603
0.994063
1.97421
0.912917
1.96289
0.854685
1.90296
0.95687
1.03646
0.986996
1.78407
0.972876
1.65236
0.939805
1.96243
0.971176
1.9671
0.980805
1.83746
0.9801
1.88375
0.993503
1.18749
0.505527
1.16761
0.521393
1.22579
0.505015
1.36769
0.825844
1.36029
0.842015
1.23844
0.879506
1.24086
0.866923
1.35992
0.926824
1.36254
0.916039
1.04548
0.611176
1.05504
0.616418
1.27037
0.541527
1.27353
0.529628
1.5422
0.810788
1.51777
0.783512
1.89122
0.813298
1.87156
0.749293
1.729
0.702579
1.70825
0.684581
1.80602
0.660732
1.77721
0.676635
1.87967
0.76573
1.85056
0.783679
1.7834
0.813812
1.77
0.754457
1.74165
0.751825
1.81903
0.709531
1.77192
0.763949
1.75274
0.755109
1.65133
0.860776
1.62962
0.845283
1.0464
0.690931
1.03339
0.662543
1.42422
0.533328
1.4448
0.509213
1.81438
0.849796
1.83895
0.840024
1.97254
0.67331
1.9501
0.705836
1.36179
0.854222
1.34828
0.841476
1.17733
0.557248
1.19339
0.588489
1.50556
0.953998
1.5066
0.942736
1.91637
0.656594
1.89885
0.586813
1.87204
0.949688
1.87352
0.969347
1.97584
0.711185
1.955
0.904518
1.96757
0.864916
1.79315
0.544619
1.79301
0.561656
1.46859
0.592663
1.49231
0.60342
1.28618
0.894204
1.33034
0.910043
1.2991
0.770507
1.3116
0.768356
1.66058
0.938978
1.66152
0.919826
1.2324
0.987564
1.50625
0.533441
1.52469
0.943918
1.52093
0.907084
0.995652
0.521603
1.90029
0.826754
1.90108
0.793054
1.61931
0.578435
1.61069
0.575691
1.05283
0.530781
1.0487
0.581223
1.90293
0.967339
1.90945
0.986606
1.05933
0.725107
1.06488
0.741232
1.07439
0.772468
1.06283
0.76985
1.6951
0.962473
1.68254
0.980136
1.40105
0.595436
1.41194
0.609142
1.33107
0.609964
1.3542
0.630813
1.30376
0.496021
1.47049
0.798511
1.48055
0.784481
1.47593
0.829808
1.46692
0.853228
1.43904
0.81675
1.43542
0.784124
1.41324
0.995313
1.43653
0.932693
1.82729
0.581048
1.86415
0.603812
1.47993
0.725611
1.52311
0.703049
1.65596
0.627881
1.66943
0.662215
1.48323
0.673281
1.50273
0.669288
1.6933
0.571609
1.73565
0.548501
1.66632
0.607731
1.70076
0.59263
1.16693
0.705574
1.1889
0.723755
1.89175
0.933694
1.88867
0.970401
1.85562
0.899294
1.84401
0.94224
1.34625
0.693617
1.35567
0.680247
1.31239
0.722581
1.30132
0.677534
1.6484
0.57693
1.6932
0.551833
1.93661
0.856929
1.94361
0.885075
1.91693
0.845796
1.93948
0.828169
1.57873
0.497216
1.84016
0.913757
1.82069
0.893283
1.32138
0.911285
1.31558
0.86717
1.30228
0.870224
1.29859
0.855725
1.10926
0.897671
1.09674
0.925156
1.65386
0.80315
1.63351
0.779914
1.27012
0.702441
1.24728
0.680719
1.43335
0.725244
1.41226
0.745648
1.42372
0.694221
1.40158
0.716728
1.38465
0.705867
1.35477
0.689166
1.69956
0.532589
1.70856
0.535524
1.68438
0.493637
1.71176
0.496004
1.7034
0.553073
1.66246
0.548433
1.5669
0.550905
1.53172
0.535574
1.63513
0.648059
1.61679
0.63037
1.24101
0.592164
1.23218
0.597501
1.14235
0.907098
1.12799
0.931106
1.1049
0.993656
1.08084
0.931399
1.06204
0.92806
1.1368
0.758045
1.11231
0.758308
1.97753
0.624336
1.973
0.58391
1.29797
0.623064
1.31748
0.601669
1.21909
0.611676
1.25462
0.627614
1.78514
0.879667
1.76333
0.893957
1.25544
0.882734
1.23256
0.850762
1.14401
0.603507
1.16409
0.647894
1.40106
0.872891
1.38069
0.872785
1.40029
0.882422
1.4118
0.907139
1.8598
0.827779
1.82721
0.813001
1.05802
0.847574
1.02466
0.882463
1.57723
0.681163
1.56949
0.721698
1.32173
0.774368
1.26353
0.752807
1.58472
0.664837
1.62465
0.683717
1.6196
0.537308
1.61611
0.527941
1.63047
0.564211
1.60409
0.582483
1.56166
0.76425
1.59406
0.78067
1.99357
0.927083
1.6158
0.96644
1.60647
0.968897
1.54474
0.965186
1.55591
0.976717
1.37422
0.916615
1.40518
0.932612
1.48398
0.748435
1.47942
0.740024
1.46684
0.502016
1.52226
0.873365
1.55327
0.880289
1.5957
0.799819
1.5684
0.823192
1.83436
0.713029
1.85015
0.716317
1.4916
0.907994
1.4837
0.938402
1.24197
0.987783
1.25429
0.952436
1.92844
0.711412
1.91231
0.726382
1.78536
0.695028
1.79132
0.702832
1.23835
0.788042
1.24438
0.74823
1.87449
0.545934
1.86464
0.568981
1.31618
0.583957
1.3217
0.576173
1.34614
0.559064
1.34671
0.515098
1.29982
0.544565
1.33771
0.508987
1.79056
0.688023
1.79552
0.663964
1.63045
0.900971
1.64269
0.921287
0.994461
0.689227
1.027
0.509386
1.02221
0.48865
1.70874
0.67307
1.67974
0.684912
1.65426
0.610074
1.63959
0.584933
1.82371
0.669423
1.80772
0.628142
1.79733
0.625781
1.76855
0.617774
1.30547
0.582634
1.2688
0.620511
1.43201
0.974991
1.43431
0.957087
1.44948
0.919188
1.48476
0.915911
1.0957
0.966278
1.1073
0.936119
1.40898
0.634707
1.41228
0.692244
1.13729
0.896496
1.15814
0.877676
1.19038
0.871113
1.17294
0.888879
1.18239
0.78534
1.19553
0.799935
1.22908
0.82837
1.21751
0.84294
1.48081
0.822174
1.47843
0.848227
1.87763
0.776133
1.89471
0.743471
1.44341
0.559379
1.46063
0.597766
1.35657
0.502197
1.71857
0.757581
1.72608
0.807403
1.65578
0.755838
1.6548
0.744121
1.70108
0.839937
1.68729
0.830568
1.64701
0.889948
1.66029
0.855027
1.07303
0.935439
1.05558
0.944378
1.43351
0.558866
1.41111
0.572474
1.59947
0.791642
1.58512
0.779548
1.02156
0.678097
1.01015
0.671273
1.14588
0.569481
1.14064
0.55778
1.2387
0.836102
1.21462
0.81675
1.18109
0.924423
1.15455
0.945182
1.76552
0.509066
1.77007
0.498997
1.81775
0.588125
1.79182
0.586606
1.79945
0.595711
1.78998
0.633513
1.7623
0.590665
1.7538
0.55758
1.1478
0.550555
1.12438
0.543178
0.997643
0.648366
1.64982
0.905939
1.67394
0.900112
1.58473
0.60743
1.58039
0.624694
1.92918
0.757941
1.93978
0.749249
1.03684
0.572258
1.04214
0.562957
1.53609
0.665824
1.5682
0.662028
1.8293
0.909394
1.82861
0.896767
1.81855
0.880372
1.82402
0.871361
1.77515
0.736303
1.79414
0.740178
1.75153
0.90383
1.73749
0.854975
1.01558
0.796889
1.02037
0.848544
1.7597
0.670722
1.74818
0.664748
1.14201
0.642325
1.14757
0.628888
1.40854
0.79195
1.41712
0.784326
1.97529
0.846718
1.95533
0.809564
1.91988
0.757429
1.94741
0.787248
1.79445
0.726958
1.7844
0.720575
1.69822
0.749264
1.7033
0.737616
1.6084
0.566356
1.57303
0.568232
1.28803
0.567965
1.27837
0.558872
1.08395
0.685515
1.09764
0.68089
0.988285
0.809531
1.0291
0.806001
1.18248
0.795421
1.18777
0.74446
1.90621
0.881305
1.89703
0.852007
0.989532
0.941174
0.993012
0.905375
1.23616
0.618424
1.22918
0.609711
1.25527
0.603318
1.25024
0.596136
1.62373
0.587626
1.64996
0.618612
1.53638
0.78755
1.52717
0.792481
1.30298
0.521018
1.06484
0.593319
1.06348
0.583879
1.03557
0.830654
1.06499
0.795217
1.73128
0.634878
1.75279
0.611083
1.44353
0.623002
1.46781
0.658835
1.22882
0.761939
1.22092
0.752349
1.614
0.717269
1.5749
0.702209
1.45274
0.954714
1.48091
0.930398
1.03735
0.796322
1.04718
0.797898
1.56263
0.897208
1.56328
0.887549
1.05243
0.708898
1.04264
0.699364
1.29671
0.947968
1.32736
0.945984
1.32013
0.991707
1.93577
0.922334
1.89732
0.942015
1.94054
0.932745
1.96393
0.945907
1.93938
0.913279
1.69069
0.871983
1.71557
0.882896
1.56593
0.81416
1.57204
0.857272
1.62627
0.812061
1.64505
0.784796
1.59107
0.630124
1.60066
0.657956
1.37216
0.70677
1.36036
0.742803
1.32017
0.781788
1.33962
0.789455
1.28246
0.832808
1.27385
0.803025
1.65712
0.694816
1.67942
0.703552
1.40863
0.964841
1.38572
0.96777
1.81574
0.956857
1.76995
0.938941
1.80323
0.927485
1.44276
0.719112
1.44198
0.685328
1.52606
0.515851
1.54089
0.54964
1.57805
0.713178
1.58499
0.696419
1.63302
0.757424
1.60675
0.724159
1.44802
0.568503
1.46708
0.534486
1.07671
0.594859
1.08273
0.603221
1.19066
0.52622
1.20707
0.500071
1.74137
0.957632
1.70596
0.970028
1.72564
0.973789
1.54001
0.585144
1.5587
0.596006
1.75752
0.974966
1.73977
0.938596
1.63411
0.973217
1.61628
0.993589
1.22591
0.591368
1.21875
0.571664
1.99398
0.583755
1.97846
0.601935
1.9444
0.561099
1.92021
0.547649
1.96697
0.610407
1.92321
0.591472
1.91267
0.622145
1.90713
0.639763
1.27503
0.922829
1.28476
0.947417
1.02297
0.953591
1.04199
0.957536
1.04288
0.969517
1.07031
0.994038
1.01656
0.960268
1.01827
0.970697
1.53256
0.546899
1.5435
0.562076
1.5572
0.606857
1.57573
0.613331
1.54329
0.634738
1.51706
0.618864
1.472
0.767955
1.47365
0.779755
1.24953
0.820482
1.25749
0.811012
1.33793
0.634153
1.32933
0.639314
1.16195
0.906511
1.17108
0.899826
1.87464
0.675061
1.88713
0.639223
1.44742
0.929073
1.46182
0.954051
1.86559
0.525071
1.85247
0.53189
1.89007
0.58133
1.88011
0.583681
1.87549
0.650688
1.84526
0.650581
0.986028
0.829599
1.40037
0.51049
1.39005
0.51541
1.34529
0.524164
1.36574
0.49948
1.17215
0.841442
1.1614
0.848608
1.73314
0.949556
1.73715
0.969437
1.7629
0.968095
1.77466
0.966402
1.49839
0.64996
1.50236
0.636208
1.8337
0.519935
1.82523
0.498498
1.80574
0.51502
1.29747
0.819652
1.30587
0.811985
1.32862
0.694201
1.32693
0.667352
0.990759
0.924641
1.01146
0.77407
1.02801
0.78163
1.0494
0.75884
1.03735
0.786959
1.075
0.614716
1.07878
0.624981
1.10524
0.614724
1.10911
0.63025
1.28847
0.884049
1.26435
0.860564
1.93809
0.973979
1.93024
0.9783
1.73198
0.499499
1.45787
0.699906
1.46361
0.690611
1.94532
0.977801
1.95217
0.969085
1.98616
0.934869
1.99521
0.960647
1.96815
0.937412
1.97636
0.933189
1.97791
0.963971
1.97842
0.954386
1.63771
0.727944
1.6421
0.739559
1.37412
0.95693
1.12328
0.51728
1.12195
0.49998
1.33841
0.914187
1.34778
0.904518
1.18009
0.572756
1.16231
0.591154
1.71238
0.630909
1.71991
0.603933
1.87285
0.7065
1.85999
0.694921
1.19191
0.497171
1.9755
0.685124
1.98683
0.688126
1.35285
0.549156
1.4025
0.53588
1.10695
0.782575
1.11289
0.772639
1.11213
0.790681
1.12442
0.789656
1.14742
0.993491
1.18424
0.957383
1.06496
0.809404
1.05179
0.815135
1.9675
0.775929
1.97214
0.760166
1.78826
0.794389
1.79156
0.80543
1.7897
0.83803
1.77093
0.831746
1.78242
0.846523
1.77278
0.867055
1.46457
0.866437
1.4406
0.890124
1.43189
0.924331
1.43951
0.917095
1.20586
0.625241
1.19378
0.660312
1.92727
0.500852
1.90072
0.532941
1.27643
0.995073
1.29495
0.973688
1.75377
0.7062
1.78131
0.7107
1.67506
0.93193
1.69475
0.936932
1.48972
0.54243
1.4949
0.550445
1.80252
0.872997
1.79352
0.881164
1.66965
0.525712
1.6595
0.5245
1.64344
0.496283
1.65623
0.5161
1.2267
0.88633
1.20386
0.889151
1.38074
0.985754
1.38817
0.975073
1.3146
0.711666
1.32636
0.70538
1.97634
0.498403
1.34481
0.823489
1.35828
0.812839
1.9674
0.794049
1.97201
0.805339
1.8454
0.862966
1.84975
0.852433
1.10618
0.926085
1.10841
0.916751
1.18322
0.71332
1.16899
0.69423
1.49798
0.613372
1.48314
0.636597
1.30507
0.78806
1.29715
0.778779
1.84682
0.930956
1.86457
0.921712
1.23838
0.674868
1.2305
0.681327
1.61129
0.6417
1.59854
0.646698
1.72737
0.842909
1.71571
0.847337
1.57045
0.966669
1.57316
0.974275
1.87642
0.844482
1.84784
0.842549
1.08903
0.718452
1.08573
0.725206
1.32142
0.680507
1.29167
0.676599
1.978
0.754746
1.97833
0.738992
1.37757
0.896523
1.39034
0.886458
1.08731
0.879993
1.07795
0.883186
1.58169
0.854437
1.57806
0.842082
1.51224
0.973447
1.5182
0.928384
1.67272
0.681805
1.6832
0.693324
1.66066
0.705615
1.6548
0.717374
1.99524
0.505682
1.53103
0.72368
1.54727
0.733356
1.66279
0.773109
1.68539
0.759617
1.7179
0.723207
1.71594
0.736013
1.95786
0.662773
1.96669
0.689165
1.04504
0.524459
1.03645
0.530486
1.92865
0.643066
1.92832
0.628694
1.60898
0.622831
1.57461
0.631567
1.49145
0.972696
1.50781
0.994614
1.53932
0.528951
1.49435
0.518713
1.16792
0.878405
1.17704
0.8673
1.23923
0.520212
1.22731
0.514531
1.18205
0.977519
1.19286
0.978332
1.10769
0.563953
1.12921
0.555841
1.16
0.674408
1.14848
0.66608
1.93353
0.847873
1.9478
0.823459
1.13581
0.821618
1.12966
0.800044
1.88765
0.858322
1.87786
0.896765
1.3889
0.620832
1.35086
0.600019
1.24755
0.97812
1.24563
0.995027
1.22725
0.977162
1.24103
0.970837
1.0493
0.515947
1.06961
0.508907
1.15773
0.625407
1.15949
0.614267
1.20647
0.707628
1.22715
0.715208
1.79908
0.762141
1.80954
0.726018
1.80362
0.794048
1.80291
0.772661
1.45584
0.546189
1.43061
0.54986
1.66635
0.837854
1.66354
0.825508
1.48021
0.509294
1.49006
0.534097
1.45248
0.516039
1.43314
0.496405
1.37812
0.784517
1.40933
0.80308
1.20036
0.9121
1.20488
0.926599
1.64581
0.931679
1.60893
0.944063
1.60495
0.888866
1.61194
0.879127
1.05097
0.718478
1.03447
0.704529
1.01863
0.721669
1.01972
0.712152
1.09341
0.885743
1.06666
0.858828
1.04129
0.843548
1.07389
0.865452
1.88675
0.890255
1.91295
0.899635
1.13906
0.687129
1.13769
0.673111
1.87838
0.957098
1.87453
0.922922
1.1455
0.517812
1.92102
0.784283
1.93747
0.791043
1.12673
0.91899
1.11831
0.912733
1.09817
0.865495
1.10669
0.873423
1.7697
0.659255
1.77069
0.667898
1.1094
0.657687
1.12249
0.65937
1.38186
0.686167
1.40467
0.699794
1.71629
0.964847
1.71957
0.952419
1.508
0.677274
1.50276
0.697053
1.71155
0.795154
1.70216
0.7735
1.75971
0.820023
1.7425
0.826599
1.99513
0.600696
1.98819
0.607165
1.79961
0.78336
1.77591
0.78455
1.33968
0.879263
1.34858
0.86533
1.44788
0.587217
1.44273
0.576715
1.10436
0.675486
1.10096
0.663389
1.22929
0.922765
1.26227
0.948625
1.93578
0.903582
1.9468
0.875528
1.08117
0.531615
1.07001
0.531749
1.72539
0.531039
1.7241
0.510878
1.41516
0.77577
1.42554
0.759006
1.56236
0.953532
1.5398
0.955827
1.88372
0.605172
1.86396
0.58495
1.82255
0.973489
1.81514
0.965558
1.23606
0.712596
1.23287
0.701725
1.61935
0.744323
1.63138
0.748767
1.0342
0.952039
1.03433
0.940175
1.44666
0.665293
1.44801
0.67704
1.47348
0.571576
1.45531
0.589936
1.40635
0.837604
1.43734
0.806449
1.01717
0.626236
1.0323
0.640813
1.63482
0.522657
1.64482
0.552296
1.93358
0.76846
1.94969
0.77655
1.88613
0.746903
1.8555
0.744823
1.66425
0.930486
1.6396
0.935406
1.0345
0.841247
1.02877
0.850119
1.77783
0.745037
1.77615
0.727061
1.82897
0.571623
1.813
0.553985
1.82278
0.515849
1.82842
0.549755
1.81177
0.564367
1.80258
0.568507
1.39927
0.666649
1.40581
0.655304
1.70323
0.79089
1.69489
0.795469
1.90507
0.686858
1.91568
0.68342
1.11567
0.734167
1.12632
0.726869
1.25986
0.588271
1.28458
0.576095
1.1626
0.50329
1.17135
0.497207
1.87722
0.987252
1.09052
0.95199
1.07885
0.95688
1.40219
0.52801
1.40952
0.496357
1.4323
0.825811
1.40634
0.82624
1.07798
0.989413
1.08798
0.973555
1.1057
0.840465
1.11076
0.831247
1.09067
0.804144
1.1056
0.814542
1.06665
0.566527
1.0531
0.558658
1.60196
0.763497
1.64462
0.767749
1.23971
0.920465
1.22715
0.899131
1.21983
0.906597
1.20751
0.902203
1.22011
0.879017
1.21981
0.860957
1.08855
0.734457
1.0973
0.769062
1.3452
0.658312
1.33205
0.658582
1.6445
0.87971
1.63229
0.87585
1.53176
0.887986
1.52801
0.855547
1.48699
0.8574
1.53704
0.842673
0.989468
0.855212
1.06554
0.499695
1.70189
0.630536
1.69734
0.639204
1.7173
0.57397
1.73878
0.538567
1.75969
0.566132
1.77849
0.575636
1.52564
0.667159
1.52317
0.692922
1.91062
0.528364
1.92257
0.529493
1.1566
0.925744
1.16496
0.932751
1.82785
0.938961
1.85307
0.94544
1.80529
0.972143
1.79602
0.966746
1.85041
0.554163
1.83676
0.553852
1.64959
0.599363
1.6409
0.59683
1.80975
0.637032
1.82723
0.65907
1.67163
0.819212
1.66347
0.799346
1.39416
0.938578
1.39035
0.94818
1.36994
0.98598
1.35561
0.969249
1.64315
0.833756
1.65053
0.822796
1.12
0.995104
1.11552
0.98876
1.26186
0.710084
1.27955
0.716258
1.33276
0.885762
1.30226
0.897601
1.29195
0.91576
1.30721
0.902315
1.30211
0.91218
1.27592
0.913353
1.2923
0.641778
1.27488
0.631663
1.19937
0.541908
1.20956
0.537175
1.90432
0.784181
1.89963
0.775525
1.88916
0.870197
1.8795
0.856316
1.33859
0.925955
1.35029
0.931643
1.15742
0.975275
1.15742
0.987419
1.87411
0.620111
1.85786
0.635009
1.38086
0.587331
1.3729
0.610138
1.31964
0.59285
1.34971
0.582784
1.12932
0.604574
1.12141
0.593549
1.09969
0.557421
1.10788
0.57337
1.39536
0.781228
1.36076
0.793961
1.33248
0.728491
1.35924
0.75362
1.35228
0.737006
1.36921
0.736374
1.87969
0.744142
1.8648
0.742051
1.00275
0.877535
1.01182
0.867542
1.00296
0.540426
0.99312
0.505789
1.70699
0.652055
1.68852
0.639455
1.61839
0.734403
1.62603
0.727232
1.38083
0.882076
1.36367
0.897644
1.37325
0.901691
1.37892
0.910399
1.17042
0.637843
1.16647
0.629923
1.50281
0.55563
1.51229
0.585064
1.87939
0.804482
1.88416
0.78066
1.50591
0.858658
1.49729
0.853517
1.48381
0.838221
1.49587
0.836084
1.59761
0.925644
1.56108
0.93459
1.50097
0.728491
1.48357
0.716765
1.51593
0.690605
1.529
0.684648
1.91139
0.922476
1.91914
0.915376
0.994056
0.994099
1.00447
0.988007
1.84743
0.66709
1.86046
0.665209
1.62336
0.974582
1.62337
0.986624
1.84976
0.603762
1.83545
0.587417
1.1716
0.565975
1.16306
0.571221
1.51778
0.881186
1.53993
0.892183
1.5097
0.883344
1.50976
0.892655
1.48814
0.902286
1.50179
0.905599
1.28644
0.701816
1.28467
0.692172
1.29374
0.724653
1.30333
0.726896
1.26209
0.68057
1.24168
0.667474
1.24319
0.651141
1.25466
0.651369
1.84722
0.774014
1.83857
0.768679
1.74714
0.868
1.75309
0.875358
1.60837
0.68931
1.5867
0.686383
1.72468
0.561559
1.70071
0.569903
1.54364
0.694835
1.53896
0.685136
1.1633
0.784611
1.15182
0.762058
1.54396
0.947382
1.55553
0.94543
1.57221
0.934391
1.57933
0.926536
1.06457
0.640261
1.05092
0.64505
1.01304
0.603243
1.01996
0.609197
1.01676
0.651409
1.00845
0.661766
1.2477
0.560831
1.22097
0.55858
1.12616
0.877213
1.11769
0.869777
1.3039
0.603126
1.29977
0.59061
1.29951
0.569536
1.30456
0.558171
1.28974
0.541916
1.27897
0.549672
1.30727
0.511335
1.31731
0.507953
1.3219
0.549944
1.33269
0.549361
1.49204
0.712844
1.49977
0.718382
1.61065
0.550735
1.63145
0.545798
1.52281
0.569775
1.52259
0.555976
1.98581
0.568117
1.99398
0.573338
1.99424
0.537032
1.98881
0.526615
1.12165
0.979016
1.14854
0.960096
1.74805
0.720184
1.74543
0.712966
1.98787
0.622093
1.99481
0.631249
1.22525
0.64047
1.21655
0.622408
1.38716
0.628047
1.3797
0.642688
1.37191
0.54988
1.36407
0.555348
1.54825
0.849238
1.53875
0.83203
1.62496
0.912249
1.60727
0.908148
1.346
0.638157
1.36997
0.628547
1.63349
0.833761
1.6178
0.860504
1.84187
0.513896
1.853
0.514546
1.4
0.580301
1.38687
0.568043
1.59066
0.975306
1.59789
0.959468
1.51875
0.989338
1.52205
0.979357
1.41443
0.656673
1.42169
0.648469
1.19496
0.779192
1.20699
0.783304
1.20288
0.758669
1.19392
0.768218
1.15672
0.778726
1.17278
0.780182
1.54195
0.712073
1.56709
0.700045
1.25747
0.867141
1.2607
0.876333
1.99513
0.663502
1.91739
0.740692
1.92853
0.736214
1.93691
0.590224
1.94469
0.580586
1.97012
0.620278
1.94471
0.637693
1.92046
0.615859
1.90477
0.60628
1.58334
0.835375
1.58459
0.798101
1.3288
0.838785
1.32656
0.850364
1.37244
0.688082
1.35201
0.666189
1.49181
0.618884
1.49349
0.628782
1.2462
0.945975
1.24272
0.936094
1.69986
0.692228
1.70635
0.718149
1.10519
0.507462
1.11142
0.500812
1.36603
0.783456
1.36175
0.774623
1.60043
0.80888
1.62478
0.79153
1.61466
0.612075
1.60653
0.606424
1.41672
0.980265
1.72288
0.986534
1.69556
0.992436
1.60118
0.864984
1.60973
0.868393
1.90821
0.829185
1.91416
0.821371
1.93094
0.881659
1.91735
0.859745
1.44015
0.869607
1.44704
0.863507
1.7339
0.912585
1.73544
0.902525
1.72419
0.887219
1.70611
0.88538
1.64205
0.545213
1.64631
0.536216
1.0915
0.764195
1.09102
0.754278
1.43913
0.742081
1.43209
0.736326
1.47603
0.75303
1.48413
0.733029
1.71557
0.931216
1.71258
0.943673
1.0599
0.987945
1.05938
0.958871
1.74004
0.668525
1.73784
0.69601
1.83525
0.597125
1.83311
0.616928
1.01053
0.856978
0.999796
0.850019
1.01661
0.816133
0.998249
0.827526
1.32768
0.618988
1.33667
0.623977
1.58022
0.769535
1.58418
0.758883
1.13963
0.776715
1.12876
0.77879
1.16917
0.809631
1.17808
0.818782
1.33599
0.580818
1.32175
0.567094
1.95602
0.609194
1.96983
0.602985
1.47074
0.977923
1.47043
0.988758
1.01085
0.706385
0.991656
0.67474
1.05778
0.735409
1.0325
0.741688
1.20196
0.830426
1.18732
0.818664
1.27002
0.660659
1.25933
0.660079
1.71791
0.523469
1.71167
0.543723
1.6203
0.956387
1.61776
0.948788
1.04164
0.682157
1.03083
0.675545
1.64336
0.514045
1.63838
0.503502
1.28296
0.495925
1.5568
0.811764
1.51462
0.809421
1.67807
0.541673
1.68544
0.520438
1.79941
0.683585
1.82658
0.705857
1.00296
0.777207
1.07206
0.647795
1.0846
0.648684
1.09147
0.640622
1.08954
0.628205
1.95754
0.713015
1.95756
0.735188
1.979
0.667939
1.95853
0.646152
1.19045
0.640677
1.20262
0.637636
1.1699
0.6695
1.17257
0.657242
1.1937
0.678341
1.18815
0.700785
1.20319
0.73431
1.21378
0.72281
1.06665
0.850494
1.08088
0.862975
1.43938
0.836392
1.44772
0.803359
0.999648
0.753147
1.38572
0.489483
1.32707
0.522565
1.32662
0.513544
1.75597
0.801242
1.76489
0.809317
1.45646
0.911466
1.47271
0.918465
1.53197
0.767465
1.53786
0.776084
1.56635
0.754346
1.57729
0.751007
1.25237
0.764776
1.26026
0.781098
1.22876
0.788138
1.22081
0.79769
1.24235
0.580594
1.26685
0.574528
1.40911
0.579933
1.41682
0.584816
1.36001
0.598058
1.3639
0.589367
1.53443
0.49867
1.39221
0.549393
1.40352
0.556535
1.67777
0.517438
1.67711
0.504874
1.25048
0.829847
1.22327
0.851328
1.22246
0.807105
1.23206
0.814904
1.56874
0.867301
1.58699
0.892389
1.48812
0.766589
1.4957
0.734824
1.14947
0.692747
1.15962
0.687057
1.90587
0.561119
1.89392
0.559991
1.01372
0.592488
0.996636
0.593162
1.46652
0.634759
1.4541
0.661337
1.48145
0.601539
1.47481
0.610812
1.12237
0.809655
1.10061
0.805957
1.14209
0.802167
1.14512
0.81297
1.36196
0.532119
1.37019
0.539223
1.26231
0.832855
1.24986
0.862281
1.54981
0.491704
1.68566
0.565854
1.65743
0.580905
1.70829
0.585434
1.70767
0.576438
1.30665
0.920891
1.31652
0.920859
1.85312
0.702376
1.85712
0.710488
1.88202
0.707653
1.88826
0.697081
1.52987
0.82449
1.51857
0.828194
1.52551
0.805694
1.53318
0.813263
1.5177
0.838562
1.5008
0.842208
1.95707
0.532117
1.94159
0.523393
1.96542
0.528809
1.97945
0.52408
1.54667
0.641809
1.55811
0.641472
1.34299
0.852188
1.33368
0.856389
0.994965
0.537341
1.67356
0.624915
1.66666
0.631626
1.71662
0.621753
1.68361
0.628263
1.21151
0.576423
1.2091
0.585942
1.28011
0.754728
1.31226
0.744523
1.29745
0.7951
1.27392
0.794431
1.29204
0.764238
1.28301
0.763615
1.975
0.826321
1.96741
0.824512
1.57946
0.943739
1.57516
0.952041
1.54478
0.915571
1.55242
0.901376
1.81048
0.931524
1.83998
0.924061
1.00411
0.586372
1.00337
0.574697
1.44823
0.980525
1.46591
0.962339
1.90213
0.900262
1.89664
0.890701
1.80971
0.880924
1.82108
0.914459
1.76801
0.885126
1.76508
0.87563
1.54847
0.71446
1.5519
0.723087
1.42807
0.788919
1.46206
0.793622
1.83743
0.864749
1.83423
0.874127
1.74331
0.734703
1.73609
0.74272
1.30777
0.694086
1.31999
0.689792
1.05407
0.900747
1.04195
0.932658
1.14613
0.925371
1.14083
0.934105
1.42795
0.614861
1.44525
0.607143
1.64681
0.965004
1.63751
0.965176
1.13532
0.534894
1.13339
0.523578
1.73424
0.789868
1.7245
0.78281
1.76589
0.782082
1.7563
0.789336
1.20034
0.852332
1.18965
0.844121
1.05949
0.96685
1.05204
0.973216
1.88203
0.542433
1.87276
0.520717
1.70339
0.894915
1.68858
0.885453
1.92924
0.829065
1.92417
0.820955
1.64682
0.812852
1.63511
0.808023
1.38742
0.497458
1.399
0.500359
1.81489
0.621764
1.81313
0.611251
1.79223
0.614098
1.80087
0.605946
1.26312
0.720124
1.25968
0.736921
1.27223
0.95915
1.28282
0.957787
1.9068
0.861602
1.90157
0.871897
1.68226
0.822293
1.71761
0.817152
1.42192
0.884932
1.43043
0.892481
1.63637
0.61787
1.62159
0.594635
1.4974
0.989343
1.49853
0.978158
1.89331
0.500896
1.89692
0.491193
1.70609
0.707423
1.69796
0.704168
1.82971
0.604153
1.82036
0.601522
1.80148
0.578514
1.80911
0.587619
1.61151
0.657928
1.64002
0.668542
1.75294
0.940279
1.75397
0.952109
1.74562
0.988121
1.74563
0.976245
1.46479
0.830355
1.45921
0.83816
1.0077
0.907298
1.01941
0.923958
1.03531
0.902816
1.05276
0.912917
1.07256
0.696408
1.07641
0.686884
1.8679
0.778117
1.84114
0.758291
1.82224
0.761212
1.82116
0.739109
1.82645
0.749929
1.8356
0.749482
1.33028
0.899768
1.33515
0.894405
1.69047
0.849406
1.71415
0.854705
1.81692
0.532256
1.81507
0.521299
1.48082
0.692115
1.47372
0.696736
1.44769
0.699205
1.44013
0.708303
1.78914
0.901772
1.78548
0.919462
1.01131
0.693626
1.02058
0.691071
1.50081
0.514291
1.51042
0.516715
1.53524
0.517856
1.56709
0.529582
1.55364
0.502623
1.56332
0.504045
1.5838
0.555867
1.58453
0.531485
1.88872
0.804113
1.89152
0.795004
1.74792
0.538334
1.75475
0.528927
1.04783
0.672642
1.05561
0.671072
1.37749
0.7951
1.36783
0.800719
1.52246
0.638031
1.51271
0.632038
1.01075
0.534336
1.01994
0.537976
1.98057
0.990744
1.97786
0.982072
1.24026
0.901986
1.24559
0.912141
1.12492
0.714081
1.11606
0.709154
1.09716
0.748835
1.0958
0.738681
1.20485
0.514928
1.19424
0.517276
1.01703
0.763823
1.0438
0.767799
1.27552
0.57605
1.26593
0.560958
1.68639
0.724297
1.68706
0.711571
1.99513
0.989925
1.98992
0.995133
1.29866
0.931715
1.3021
0.940211
1.10328
0.883413
1.08865
0.869735
1.8386
0.640419
1.84057
0.659147
1.59592
0.704976
1.59076
0.715288
1.76614
0.530574
1.77684
0.516806
1.47316
0.871966
1.48406
0.867929
1.46135
0.893572
1.43846
0.909165
1.91053
0.569143
1.95256
0.540503
1.84614
0.97622
1.2245
0.536099
1.21751
0.542766
1.13644
0.732816
1.13544
0.742517
1.05637
0.626447
1.06168
0.611205
1.61665
0.805147
1.60909
0.811784
1.66987
0.862935
1.66599
0.873839
1.67
0.883005
1.68019
0.888483
1.81402
0.691912
1.80931
0.683588
1.34665
0.976879
1.34665
0.98844
1.09348
0.828154
1.10353
0.822456
1.6677
0.760131
1.66337
0.738134
1.63842
0.637002
1.66691
0.643246
1.10479
0.972754
1.116
0.972011
1.66723
0.596381
1.6573
0.591442
1.70112
0.812992
1.69326
0.808285
1.55093
0.749925
1.53655
0.757731
1.15447
0.501038
1.14511
0.507689
1.11428
0.525048
1.10414
0.515752
1.68878
0.616425
1.69824
0.618949
1.59701
0.566004
1.60321
0.591661
1.56093
0.571202
1.55352
0.562453
1.55116
0.586544
1.56013
0.579396
1.11568
0.644128
1.12588
0.614446
1.08351
0.668122
1.08963
0.659875
1.95216
0.558223
1.95687
0.547776
1.97542
0.55034
1.97782
0.540509
1.62895
0.672644
1.62488
0.664664
1.59701
0.623539
1.59533
0.612208
1.59191
0.641805
1.58061
0.643706
1.7366
0.576821
1.74436
0.5824
1.53814
0.649587
1.54179
0.657167
1.08339
0.900338
1.1108
0.890515
1.5705
0.732749
1.58024
0.738604
1.38796
0.824847
1.3975
0.819768
1.39883
0.843818
1.39097
0.867635
1.8217
0.831402
1.84812
0.822673
1.77918
0.632341
1.77233
0.640089
1.04181
0.913043
1.03716
0.920995
1.84243
0.504311
1.85397
0.488764
1.44586
0.758733
1.44389
0.768579
1.65914
0.891284
1.66118
0.899717
1.24384
0.799894
1.25273
0.799089
1.43154
0.867074
1.42325
0.874861
1.40958
0.859541
1.41092
0.869284
1.28085
0.860966
1.27752
0.843044
1.27354
0.819216
1.2656
0.811083
1.28586
0.807174
1.29821
0.803594
1.7351
0.685354
1.72652
0.68102
1.70138
0.669908
1.70011
0.659473
1.22006
0.769156
1.21216
0.759565
1.76965
0.687363
1.76068
0.683182
1.22945
0.735727
1.22057
0.742774
1.01727
0.943335
1.02431
0.935807
1.27598
0.651664
1.30127
0.638537
1.65548
0.645301
1.64959
0.636194
1.08142
0.548027
1.07237
0.560436
1.24546
0.728353
1.25595
0.729241
1.23739
0.764702
1.24375
0.758038
1.9887
0.722836
1.97738
0.722904
1.536
0.606336
1.5465
0.610559
1.925
0.720096
1.93104
0.726686
1.5236
0.956339
1.51405
0.962273
1.65338
0.781766
1.65291
0.772459
1.20561
0.688965
1.2166
0.690294
1.13008
0.963086
1.11904
0.962447
1.1136
0.942548
1.12363
0.940612
1.76851
0.566356
1.76792
0.542218
1.13876
0.875122
1.15467
0.865067
1.88242
0.616714
1.891
0.627241
1.18328
0.73417
1.16811
0.727123
1.78791
0.652765
1.77745
0.652355
1.60338
0.511939
1.59646
0.505856
1.36617
0.972569
1.37453
0.965041
1.47727
0.946711
1.49203
0.960569
1.50695
0.922022
1.50878
0.912153
1.15271
0.889369
1.15248
0.902266
1.77464
0.806809
1.77898
0.795042
1.42254
0.608647
1.426
0.598651
1.45894
0.625
1.45146
0.628083
1.23314
0.553918
1.23854
0.561565
1.76117
0.95705
1.77163
0.949944
1.54582
0.757715
1.55422
0.781844
1.95324
0.922485
1.94834
0.933339
1.92898
0.944264
1.92175
0.952783
1.39402
0.761047
1.40329
0.764209
1.39812
0.808992
1.3917
0.799848
1.44767
0.964666
1.43835
0.965468
1.83853
0.828299
1.82852
0.823364
1.85911
0.83593
1.86654
0.844264
1.86377
0.864757
1.85548
0.871327
1.84599
0.812518
1.85306
0.804622
1.35541
0.724146
1.38975
0.714944
1.33753
0.720304
1.33483
0.709477
1.34904
0.757735
1.32862
0.749833
1.66667
0.572674
1.68898
0.580328
1.93958
0.65926
1.93393
0.66888
1.93783
0.677017
1.94804
0.68152
1.7637
0.740119
1.76053
0.750044
1.73462
0.930352
1.72408
0.926716
1.71791
0.905786
1.72488
0.897076
1.69731
0.929625
1.69259
0.907454
1.21516
0.672761
1.22264
0.681033
1.80298
0.497208
1.4201
0.738486
1.42661
0.704305
1.83637
0.49915
1.80819
0.503677
1.81932
0.50432
1.12504
0.640152
1.13074
0.647538
1.5002
0.745429
1.4932
0.752044
1.29022
0.521063
1.28925
0.504814
1.3197
0.499109
1.18402
0.89085
1.18216
0.901796
1.7921
0.912435
1.80305
0.915909
1.79286
0.935639
1.78908
0.947467
1.76621
0.917942
1.77447
0.921048
1.37851
0.927503
1.37051
0.934223
1.59084
0.930534
1.59103
0.941621
1.66217
0.685162
1.65263
0.655306
1.46202
0.765287
1.4645
0.784289
1.18636
0.936466
1.19719
0.937714
1.17763
0.968508
1.1668
0.967259
1.21339
0.949322
1.2171
0.958681
1.01824
0.905634
1.00238
0.900218
1.28754
0.650897
1.2925
0.658258
1.5997
0.747338
1.61071
0.750179
1.85703
0.979417
1.86846
0.993749
1.95953
0.568333
1.96718
0.565501
1.95147
0.626901
1.94916
0.617935
1.03553
0.752178
1.04529
0.750479
1.48738
0.556441
1.46632
0.553986
1.43815
0.54346
1.44767
0.548974
1.83546
0.531569
1.8445
0.536879
1.86416
0.558406
1.85822
0.551739
1.33933
0.748675
1.34145
0.738763
1.9621
0.742083
1.97297
0.744193
1.94394
0.768656
1.95864
0.75748
1.87729
0.490388
1.42798
0.671736
1.41817
0.67008
1.90824
0.490978
1.32285
0.806409
1.33401
0.819241
1.00157
0.936739
1.00636
0.943353
1.68069
0.92372
1.69132
0.922966
1.89216
0.98655
1.89903
0.993047
1.00473
0.491517
1.03835
0.875793
1.0337
0.884454
1.18139
0.847207
1.17464
0.858038
1.36779
0.524729
1.39035
0.524124
1.37175
0.508116
1.36514
0.516749
1.4126
0.52229
1.42279
0.524588
1.4177
0.504852
1.41108
0.513485
1.76316
0.637225
1.75625
0.642419
1.18747
0.559497
1.18873
0.56961
1.17889
0.538458
1.17769
0.527663
1.3934
0.922555
1.40333
0.923411
1.81791
0.986407
1.80749
0.985495
0.993898
0.87683
1.67342
0.649095
1.68419
0.647797
1.66006
0.666372
1.65577
0.676329
1.85826
0.646549
1.8666
0.653233
1.19244
0.989228
1.16625
0.993928
1.75017
0.858945
1.738
0.846457
1.27131
0.678745
1.27569
0.687862
1.63209
0.993036
1.63932
0.98526
1.64902
0.987209
1.22397
0.657968
1.21504
0.664077
1.58935
0.576023
1.58021
0.57724
1.1271
0.838846
1.11975
0.830912
1.14392
0.864901
1.13929
0.853943
1.61769
0.501391
1.61539
0.510317
1.71771
0.688344
1.71744
0.699247
1.7396
0.516043
1.74627
0.493092
1.38273
0.801491
1.37807
0.820076
1.38043
0.842519
1.38123
0.853293
1.80373
0.863566
1.79554
0.856528
1.7684
0.854733
1.77326
0.844801
1.78167
0.823796
1.79129
0.828359
1.98138
0.857209
1.99004
0.857209
1.99437
0.849396
1.42288
0.721645
1.41551
0.728587
1.39999
0.678647
1.41028
0.680709
1.39287
0.698464
1.39019
0.688852
1.98729
0.967601
1.55914
0.830811
1.54897
0.82723
1.37188
0.724928
1.36616
0.718497
1.61243
0.933382
1.62316
0.933998
1.15878
0.767503
1.18329
0.764128
1.14895
0.794939
1.14696
0.784378
1.16613
0.745552
1.15541
0.744745
1.67345
0.915977
1.67954
0.90769
1.69423
0.951318
1.67434
0.951815
1.059
0.566627
1.05576
0.576746
1.92314
0.566051
1.92714
0.573081
1.99464
0.74464
1.99435
0.770833
1.88156
0.529455
1.88952
0.526059
1.93113
0.80237
1.92107
0.798685
1.8048
0.89359
1.79626
0.893216
1.0756
0.826547
1.0732
0.814756
1.70489
0.984913
1.71246
0.992477
1.89364
0.651431
1.87905
0.663041
1.88922
0.663458
1.89271
0.675872
1.16147
0.546725
1.15626
0.554971
1.7637
0.770358
1.75399
0.765931
1.56745
0.9891
1.53507
0.976983
1.25688
0.532276
1.28275
0.511726
1.80779
0.650692
1.80297
0.64283
1.33785
0.540589
1.33674
0.527074
1.87076
0.888815
1.88393
0.879159
1.17841
0.505463
1.16966
0.511546
1.2451
0.691411
1.23591
0.693344
1.17471
0.769943
1.1673
0.763149
0.993862
0.569097
1.80698
0.842977
1.79855
0.844494
1.41447
0.756055
1.40393
0.774064
1.58603
0.817107
1.57914
0.825212
1.57942
0.788802
1.56626
0.79612
1.27049
0.969628
1.26001
0.969834
1.40911
0.598641
1.41704
0.593045
1.45834
0.568819
1.46699
0.562685
1.86417
0.766321
1.87155
0.759216
1.26474
0.519955
1.25648
0.522561
1.61746
0.64838
1.62763
0.651364
1.27404
0.865262
1.27265
0.875769
1.39781
0.635674
1.39121
0.661999
1.85437
0.881873
1.86121
0.889942
1.9886
0.638605
1.97826
0.63564
1.95027
0.646854
1.94864
0.657928
1.83314
0.725112
1.82424
0.727436
1.90181
0.676801
1.91242
0.673363
0.997898
0.959846
1.00429
0.954767
1.01961
0.500429
1.00987
0.501752
1.08186
0.765199
1.06588
0.752064
1.04031
0.73289
1.04862
0.739427
1.76693
0.607085
1.75899
0.605299
1.11703
0.743434
1.10781
0.750939
1.7245
0.615784
1.73228
0.622673
1.53857
0.929475
1.53678
0.939327
1.87551
0.878326
1.87259
0.867356
1.93624
0.552889
1.92756
0.556496
1.02857
0.629857
1.03745
0.624196
1.92383
0.933729
1.91495
0.934077
1.49973
0.566702
1.48928
0.565565
1.10852
0.850583
1.09901
0.856601
1.96148
0.834419
1.96531
0.813947
1.60748
0.731448
1.62237
0.717388
1.16335
0.917702
1.1717
0.924709
1.93711
0.964694
1.94595
0.960632
1.97002
0.887645
1.99453
0.900856
1.23775
0.949443
1.21844
0.939988
1.25701
0.927273
1.24688
0.929938
1.98542
0.786286
1.97203
0.786286
1.31023
0.674247
1.31295
0.664946
1.38535
0.778329
1.38464
0.768003
1.98452
0.808166
1.98541
0.818582
1.09694
0.989032
1.08579
0.995376
1.99567
0.867188
1.98304
0.893044
1.46115
0.667331
1.45946
0.681623
1.11958
0.689616
1.13064
0.693221
1.62341
0.882312
1.62306
0.89275
1.56864
0.771563
1.56458
0.780522
1.35844
0.950001
1.35267
0.958703
1.45716
0.811382
1.45021
0.834269
1.33483
0.811103
1.34703
0.8079
1.94268
0.994697
1.91667
0.993559
1.32824
0.985926
1.33624
0.99422
1.41999
0.989963
1.42862
0.99465
1.82292
0.994579
1.83333
0.994579
1.47917
0.994729
1.48958
0.994729
1.99457
0.520833
1.98981
0.510891
1.3858
0.993995
1.39622
0.993995
1.28729
0.979185
1.30208
0.993981
1.17643
0.988414
1.18205
0.994486
1.99401
0.679315
1.98915
0.670943
1.98716
0.705908
1.99282
0.69631
1.35417
0.99422
1.36458
0.99422
1.94789
0.988563
1.97502
0.99561
1.76271
0.986841
1.77231
0.992778
1.72917
0.994057
1.73958
0.994057
1.01042
0.993908
1.02083
0.993908
1.02604
0.974812
1.03646
0.974812
1.04167
0.993908
1.05208
0.993908
1.79167
0.993667
1.80208
0.993667
1.9881
0.916481
1.99453
0.911273
1.92705
0.988256
1.93226
0.994697
1.25643
0.977869
1.27687
0.977709
1.55183
0.986784
1.55704
0.994543
1.9907
0.893044
1.99617
0.882812
1.6615
0.97457
1.68775
0.988336
1.989
0.739129
1.99437
0.728863
1.98899
0.760265
1.99464
0.755057
1.9933
0.802083
1.9933
0.791667
1.99419
0.833333
1.99419
0.822917
1.57292
0.994557
1.583
0.989665
1.19789
0.994742
1.2083
0.994742
1.9878
0.952808
1.99259
0.945286
1.27584
0.891864
1.27814
0.881709
1.49743
0.777426
1.48887
0.776974
1.49918
0.787084
1.50908
0.790316
1.47735
0.812759
1.46894
0.808358
1.45106
0.795446
1.44522
0.787278
1.97255
0.652051
1.96398
0.654967
1.2152
0.989549
1.21526
0.979147
1.17274
0.489441
1.45647
0.53486
1.44948
0.525712
1.97878
0.657438
1.98892
0.655233
1.95666
0.679609
1.96131
0.670333
0.995966
0.771751
1.28518
0.790085
1.28543
0.78131
1.55255
0.671695
1.54383
0.674654
1.66201
0.540397
1.65372
0.534182
1.69004
0.532328
1.68744
0.541118
1.26805
0.510446
1.26346
0.503105
1.11647
0.616857
1.11796
0.626394
1.06326
0.879829
1.07231
0.875404
1.74713
0.654853
1.75766
0.652184
1.03693
0.5978
1.0437
0.601
1.04362
0.639745
1.04684
0.629905
1.09703
0.584642
1.10545
0.58224
1.72944
0.863722
1.72091
0.863487
1.75219
0.688284
1.74924
0.698161
1.72722
0.720606
1.73205
0.711496
1.55021
0.627768
1.56542
0.613571
1.82821
0.929657
1.82016
0.924417
1.54755
0.774937
1.55093
0.766302
1.2741
0.609133
1.28336
0.611316
1.6142
0.848111
1.62013
0.84132
1.63478
0.856344
1.62889
0.864775
1.64872
0.843278
1.65892
0.844665
1.36155
0.635094
1.35999
0.645486
1.35671
0.620162
1.36686
0.61846
1.21126
0.602701
1.21508
0.594603
1.07568
0.705965
1.08416
0.707355
1.79728
0.518579
1.79477
0.528361
1.86274
0.785905
1.86674
0.795337
1.8514
0.755129
1.85567
0.764445
1.87312
0.555725
1.88832
0.56897
1.31312
0.943536
1.32746
0.973436
1.3899
0.858041
1.39865
0.853553
1.63149
0.689106
1.64067
0.686039
1.13226
0.953545
1.14123
0.952957
1.94534
0.952642
1.93693
0.94425
1.81439
0.78316
1.81092
0.794036
1.79016
0.760579
1.78304
0.767894
1.80677
0.812737
1.79962
0.805445
1.78484
0.77677
1.79232
0.783717
1.80636
0.75465
1.81384
0.761596
1.81148
0.738409
1.80472
0.746051
1.96283
0.587634
1.95673
0.580058
1.95214
0.50272
1.94191
0.498865
1.68563
0.665258
1.69013
0.65736
1.04703
0.776622
1.05536
0.778331
1.51897
0.723893
1.51374
0.731985
1.44492
0.50107
1.43321
0.511546
1.42603
0.504333
1.44127
0.526721
1.43571
0.535245
1.63122
0.601721
1.62765
0.609538
1.61364
0.915517
1.60772
0.926784
1.54219
0.986965
1.53698
0.994724
1.81122
0.909989
1.81152
0.901441
1.15695
0.709154
1.1545
0.718096
1.80305
0.706191
1.81063
0.702273
1.09952
0.901252
1.0912
0.896427
1.59228
0.869838
1.5886
0.859012
1.38201
0.748697
1.37918
0.739311
1.40067
0.743279
1.3936
0.750524
1.9947
0.552771
1.98654
0.557967
1.27304
0.722132
1.26997
0.73926
1.3578
0.871262
1.35097
0.858188
1.97848
0.882991
1.97699
0.867366
1.96135
0.873027
1.95274
0.86918
1.8
0.535321
1.80989
0.537397
1.77549
0.524742
1.78385
0.530402
1.02334
0.520519
1.02794
0.529403
1.72633
0.833512
1.71454
0.831205
1.58952
0.539876
1.59694
0.542202
1.55073
0.532458
1.55147
0.541821
1.57474
0.649578
1.57744
0.658008
1.04976
0.541013
1.03975
0.542118
1.0622
0.516833
1.06318
0.526856
1.07331
0.549993
1.06617
0.542805
1.04232
0.661403
1.0489
0.653784
1.06154
0.919283
1.06195
0.894244
1.9283
0.901638
1.91984
0.907087
1.92823
0.869566
1.93713
0.866411
1.94446
0.893982
1.95401
0.89536
1.22639
0.960414
1.23573
0.956654
1.53789
0.907814
1.54224
0.898731
1.42195
0.974466
1.41715
0.949314
1.56115
0.84726
1.56459
0.839537
1.86433
0.72396
1.85366
0.724738
1.58114
0.516074
1.58556
0.507498
1.14115
0.749867
1.15008
0.751453
1.96445
0.698131
1.96793
0.707552
1.95559
0.720679
1.96248
0.727101
1.4256
0.768866
1.43491
0.772627
1.47505
0.630758
1.47949
0.618205
1.51071
0.842877
1.51388
0.852397
1.30926
0.850778
1.31795
0.855367
1.87462
0.905657
1.88052
0.913305
1.4883
0.921984
1.49789
0.924941
1.68252
0.946261
1.68313
0.938482
1.49337
0.819743
1.50056
0.82524
1.87739
0.686188
1.88527
0.686582
1.03304
0.769404
1.02889
0.762144
1.17754
0.581034
1.16584
0.581538
1.553
0.911351
1.56041
0.917544
1.70617
0.561524
1.71721
0.56518
1.48508
0.584586
1.49467
0.5874
1.50128
0.582558
1.50377
0.572874
1.50962
0.602921
1.51007
0.612909
1.77991
0.897698
1.77126
0.901924
1.75494
0.839792
1.74722
0.838324
1.06852
0.94461
1.07022
0.953236
1.42039
0.941501
1.4153
0.932929
1.42099
0.911113
1.42848
0.904537
1.89939
0.629242
1.90426
0.619334
1.9164
0.601466
1.92368
0.608233
1.93914
0.617488
1.93021
0.621898
1.62461
0.555208
1.61526
0.557598
1.64826
0.567562
1.64009
0.561884
1.32882
0.79048
1.32181
0.797549
1.32721
0.759356
1.33139
0.768387
1.04349
0.808602
1.0206
0.807399
1.10875
0.800238
1.11375
0.808823
1.76331
0.710108
1.75955
0.719298
1.4138
0.555073
1.4183
0.547218
1.07562
0.790932
1.07913
0.781643
1.09635
0.786038
1.0924
0.77924
1.8367
0.961966
1.84594
0.965583
1.8554
0.961915
1.85861
0.952519
1.85876
0.988718
1.84967
0.994968
1.7468
0.626487
1.74771
0.636587
1.60053
0.826651
1.59453
0.81787
1.8994
0.843344
1.89408
0.83498
1.89886
0.816164
1.90796
0.812223
1.87174
0.821275
1.87127
0.812082
1.82253
0.862253
1.82999
0.857383
1.681
0.784807
1.68502
0.793037
1.47968
0.525244
1.4836
0.516147
1.48586
0.498684
1.73364
0.881769
1.73425
0.871885
1.64518
0.79441
1.63437
0.796659
1.63355
0.772174
1.62597
0.765811
1.78495
0.679281
1.79379
0.674843
1.7698
0.706619
1.77218
0.697015
1.39551
0.957658
1.40621
0.956186
1.42464
0.957181
1.41864
0.965037
1.40022
0.978626
1.40698
0.974934
1.00505
0.509591
1.00567
0.519461
1.70632
0.612453
1.70669
0.602668
1.2941
0.708055
1.29025
0.717901
1.29205
0.989054
1.28685
0.995073
1.93599
0.505593
1.91273
0.501435
1.14248
0.621531
1.1499
0.611909
1.86686
0.537309
1.85955
0.540433
1.28615
0.909222
1.29135
0.900927
1.28702
0.930863
1.28486
0.92362
1.22717
0.577948
1.23478
0.572511
1.66679
0.487433
1.62771
0.488578
1.30495
0.737409
1.29081
0.734248
1.19053
0.598272
1.18076
0.597103
1.90873
0.7706
1.91342
0.779256
1.04014
0.4953
1.04925
0.499004
1.55984
0.624378
1.56436
0.631011
1.29443
0.828678
1.29917
0.837283
1.28176
0.84976
1.29145
0.84813
1.19922
0.583445
1.2046
0.558854
1.58892
0.73365
1.59484
0.723305
1.82495
0.694779
1.83085
0.689211
1.03287
0.549228
1.0332
0.558041
1.19811
0.72284
1.20552
0.716441
1.1478
0.970084
1.13832
0.972485
1.13721
0.988595
1.13041
0.995104
1.65064
0.956002
1.67455
0.963557
1.55778
0.528318
1.54961
0.511908
1.61835
0.767188
1.61232
0.776121
1.70553
0.86643
1.71586
0.872212
1.25681
0.892413
1.24647
0.894752
1.50313
0.505109
1.52334
0.496223
1.95314
0.764417
1.9589
0.772312
1.84101
0.675569
1.84557
0.684201
1.4331
0.591915
1.43354
0.580001
1.87982
0.975966
1.89447
0.974734
1.88866
0.958398
1.89449
0.952262
1.14731
0.540332
1.15544
0.536793
1.30857
0.527325
1.31883
0.527405
1.68436
0.597585
1.68398
0.607306
1.97939
0.59068
1.98911
0.590701
1.2237
0.630541
1.23322
0.628522
1.2371
0.643019
1.24152
0.636641
1.24579
0.618769
1.25268
0.6119
1.9373
0.712255
1.93973
0.721672
1.8179
0.801488
1.82927
0.799998
1.46308
0.934311
1.46986
0.928032
1.06219
0.680159
1.07011
0.677821
1.66454
0.966421
1.65998
0.957842
1.67969
0.9959
1.67043
0.982685
1.67043
0.990885
1.66262
0.994985
0.994407
0.632716
1.33513
0.960218
1.32769
0.954864
1.85912
0.599073
1.85965
0.613447
1.84492
0.589105
1.84473
0.598813
1.13315
0.623
1.12679
0.629821
1.35158
0.774262
1.34287
0.779089
1.38302
0.611823
1.3955
0.604418
1.86512
0.628914
1.86451
0.618713
1.44535
0.900656
1.45338
0.900865
1.30029
0.688088
1.29065
0.687153
1.07608
0.755462
1.08112
0.74971
1.77518
0.60201
1.78251
0.610845
1.90247
0.514025
1.89043
0.516117
1.75393
0.620988
1.76175
0.625893
1.58332
0.902135
1.58757
0.910758
1.61519
0.684699
1.61048
0.67625
1.60725
0.706103
1.61295
0.698287
1.51238
0.524593
1.52103
0.52596
1.21148
0.524602
1.22055
0.52343
1.26661
0.938653
1.26528
0.929917
1.38837
0.602364
1.38822
0.590668
1.90357
0.919087
1.89508
0.923684
1.87996
0.932592
1.87335
0.939638
1.31326
0.648921
1.3103
0.641326
1.27042
0.591186
1.2694
0.600785
1.7769
0.559665
1.7835
0.565634
1.58031
0.960896
1.58931
0.964359
1.60553
0.988697
1.59862
0.995108
1.90871
0.941777
1.91037
0.949948
1.74088
0.558233
1.73563
0.566217
1.3443
0.609146
1.34725
0.617329
1.20329
0.569395
1.19681
0.574209
1.5172
0.740637
1.52415
0.747319
1.86881
0.731293
1.87794
0.731991
1.00189
0.677664
1.00403
0.687043
1.37033
0.678453
1.37975
0.676539
1.36311
0.664683
1.3644
0.674212
1.35344
0.706655
1.3453
0.702507
1.06928
0.899481
1.07624
0.892847
1.62762
0.573624
1.63204
0.582815
1.57522
0.884694
1.57733
0.876635
1.0054
0.817179
1.00089
0.809781
1.85401
0.499281
1.85925
0.50517
1.91139
0.735584
1.8999
0.737683
1.83682
0.94465
1.83342
0.953628
1.85816
0.929686
1.86152
0.937942
1.94785
0.734513
1.94652
0.725007
1.44878
0.823332
1.45652
0.821053
1.25332
0.708088
1.2535
0.696878
1.08004
0.976593
1.07461
0.968759
1.46515
0.67587
1.47639
0.680238
1.67081
0.807154
1.67921
0.803504
1.48182
0.956216
1.47635
0.96278
1.48896
0.695461
1.49399
0.675058
1.51487
0.679797
1.52342
0.675501
1.51391
0.707181
1.50944
0.698716
1.574
0.542805
1.57412
0.534349
1.46624
0.710486
1.47541
0.708136
1.45077
0.740024
1.45411
0.73292
1.95419
0.832157
1.94587
0.836867
1.95135
0.851704
1.94742
0.858088
1.67769
0.582165
1.67577
0.573815
1.23152
0.537519
1.23949
0.530531
1.07019
0.912349
1.0785
0.917086
1.09303
0.91648
1.1
0.909935
1.09635
0.942475
1.09079
0.934697
1.36745
0.573848
1.3601
0.582041
1.72574
0.580954
1.71984
0.588477
1.00366
0.709176
1.40538
0.896858
1.40518
0.914042
1.48989
0.796056
1.48897
0.805064
1.28466
0.6325
1.28783
0.623531
1.47698
0.550823
1.4771
0.542652
1.06992
0.578553
1.0784
0.582553
1.87598
0.796309
1.88354
0.789239
1.74722
0.891071
1.75575
0.89529
1.68522
0.558469
1.6776
0.552758
1.67042
0.554404
1.66604
0.562865
1.93969
0.54274
1.93616
0.535506
1.37286
0.593004
1.36897
0.601695
1.62884
0.539056
1.6377
0.532147
1.52261
0.534588
1.51358
0.539508
1.2982
0.610296
1.31231
0.608535
1.50789
0.867523
1.51893
0.867294
1.32294
0.881887
1.32293
0.872446
1.67332
0.745614
1.68095
0.741009
1.14132
0.71088
1.14886
0.7035
1.46047
0.57975
1.46749
0.581623
1.51541
0.503342
1.51885
0.509962
1.46352
0.719971
1.46905
0.726468
1.73193
0.518425
1.73224
0.529017
1.72623
0.550573
1.72251
0.542661
1.28951
0.603067
1.29036
0.585643
1.31118
0.955239
1.30238
0.957782
1.45393
0.880698
1.44449
0.880832
1.09702
0.694301
1.08858
0.696429
1.41759
0.856188
1.41828
0.84677
1.30672
0.887499
1.31615
0.887051
1.04078
0.717266
1.03641
0.723895
1.70619
0.915796
1.70749
0.925143
1.55188
0.793729
1.55805
0.800778
1.1285
0.895387
1.11963
0.902336
1.41636
0.819264
1.42219
0.826677
1.33913
0.681113
1.33804
0.689409
1.58081
0.806399
1.57145
0.805472
1.11996
0.563333
1.12014
0.572751
1.37999
0.5281
1.38035
0.536015
1.44132
0.641525
1.43665
0.631211
1.05684
0.863175
1.05067
0.856076
1.0751
0.844824
1.0821
0.850682
1.0445
0.828961
1.04783
0.837756
1.04249
0.854937
1.03437
0.859687
1.26969
0.693339
1.26161
0.689772
1.25428
0.667775
1.25616
0.676984
1.00828
0.919935
1.00283
0.926353
1.82341
0.843876
1.83065
0.847561
1.56392
0.51409
1.57012
0.519395
1.04088
0.580095
1.03453
0.588879
1.33724
0.500825
1.12278
0.76052
1.12242
0.769879
1.02419
0.738486
1.0156
0.742212
1.0684
0.713622
1.06892
0.721499
1.49489
0.894115
1.504
0.896274
1.46724
0.911375
1.47583
0.903113
1.4725
0.881453
1.47967
0.887473
1.2624
0.568128
1.25069
0.569193
1.53647
0.969552
1.53153
0.960193
1.87866
0.565472
1.87417
0.573666
1.70775
0.782123
1.71607
0.786387
1.5521
0.967826
1.55981
0.962537
1.85032
0.574418
1.85966
0.574761
1.87488
0.589184
1.87506
0.598524
1.7147
0.63766
1.70518
0.644261
1.10118
0.643356
1.10856
0.637654
1.6684
0.782772
1.66313
0.787575
1.56114
0.70859
1.5604
0.719274
1.69005
0.770504
1.68328
0.775476
1.00129
0.789089
0.992007
0.788362
1.12792
0.755555
1.12668
0.745838
1.25058
0.850674
1.25988
0.850411
1.23379
0.860816
1.22478
0.866086
1.43611
0.990319
1.43768
0.981146
1.46103
0.971906
1.45188
0.973569
1.38959
0.647822
1.39804
0.645138
1.53283
0.631773
1.53453
0.622631
1.75777
0.734187
1.76447
0.72518
1.36305
0.887903
1.37232
0.887308
1.3945
0.908595
1.38904
0.913892
1.82223
0.555074
1.821
0.565457
1.76133
0.582591
1.75359
0.577457
1.08
0.740043
1.07396
0.734963
1.52932
0.70621
1.53808
0.703149
1.55379
0.695863
1.56195
0.691442
1.7036
0.856778
1.69763
0.84967
1.69689
0.830757
1.70168
0.822807
1.67565
0.842823
1.68431
0.839484
1.21821
0.705814
1.22142
0.698968
1.56194
0.739415
1.56073
0.748608
1.30877
0.753767
1.29979
0.751482
1.27616
0.733587
1.28449
0.739294
1.18489
0.689422
1.1774
0.687308
1.71098
0.809073
1.7153
0.802545
1.97458
0.897697
1.96834
0.904549
1.98181
0.875179
1.99184
0.875
1.70291
0.523957
1.71191
0.526892
1.96868
0.963263
1.96919
0.953678
1.45553
0.649575
1.46403
0.647608
1.91122
0.763425
1.90653
0.755452
1.89598
0.73005
1.90312
0.72396
1.89896
0.75311
1.89037
0.756542
1.44862
0.946059
1.43951
0.947629
1.05917
0.690502
1.06325
0.697688
1.5273
0.845502
1.52159
0.858128
1.96167
0.926062
1.96988
0.921839
1.16379
0.940667
1.17016
0.94734
1.18486
0.622477
1.1839
0.634985
1.91761
0.638114
1.91827
0.630405
1.33935
0.869609
1.33241
0.866667
1.81997
0.642694
1.81948
0.65122
1.59327
0.592344
1.59415
0.583167
1.59402
0.558764
1.60081
0.552253
1.7485
0.918619
1.75346
0.910492
1.60395
0.536106
1.60551
0.527023
1.25079
0.775414
1.24183
0.777003
1.56478
0.684515
1.56067
0.676279
1.55987
0.656728
1.56249
0.6479
1.8418
0.710804
1.8434
0.701749
1.83971
0.740911
1.83893
0.731749
1.95242
0.600731
1.96059
0.595454
1.11346
0.539628
1.1045
0.541684
1.36561
0.692758
1.36522
0.701358
1.53653
0.86353
1.53343
0.872181
1.53637
0.879012
1.54454
0.883209
1.52435
0.888976
1.51971
0.896911
1.96298
0.638122
1.97236
0.641672
1.46783
0.747772
1.46968
0.74015
1.21103
0.88032
1.21106
0.867748
1.99524
0.495266
1.03006
0.824956
1.02151
0.826387
1.8467
0.566335
1.83854
0.565338
1.73941
0.640029
1.73742
0.648531
1.31698
0.968792
1.31755
0.960171
1.92144
0.969711
1.92563
0.961565
1.31916
0.939587
1.32067
0.930551
1.88863
0.763885
1.8928
0.773351
1.0277
0.607901
1.02899
0.600382
1.22884
0.940281
1.2319
0.933164
1.72786
0.772074
1.72561
0.76322
1.01479
0.617471
1.00786
0.611517
1.26126
0.987532
1.25605
0.995027
1.24367
0.963917
1.25378
0.963166
1.37616
0.811551
1.36719
0.809867
1.13748
0.493304
1.13691
0.502408
1.15218
0.491557
1.24625
0.542819
1.24768
0.534718
1.93621
0.516529
1.91146
0.51939
1.59727
0.683061
1.60089
0.674697
1.91394
0.708066
1.92174
0.703373
1.93105
0.683971
1.93444
0.697201
1.9373
0.690715
1.94649
0.69078
1.71693
0.5139
1.71039
0.506773
1.42778
0.632145
1.41962
0.639813
1.68928
0.680991
1.69274
0.689402
1.98721
0.976046
1.99513
0.979508
1.4953
0.68536
1.50238
0.686419
1.06608
0.973094
1.05863
0.979461
1.49274
0.940498
1.49955
0.93545
1.32936
0.595232
1.3272
0.604051
1.33115
0.567145
1.3311
0.576224
1.34436
0.592071
1.33535
0.590958
1.66862
0.722825
1.6612
0.726547
1.49522
0.760934
1.50296
0.766663
1.34702
0.88459
1.34458
0.89501
1.2858
0.59093
1.27659
0.586151
1.25737
0.581714
1.2491
0.57801
1.35253
0.532006
1.34847
0.539735
1.36647
0.757537
1.37597
0.755131
1.74665
0.502452
1.73918
0.505665
1.85788
0.913495
1.84716
0.909464
1.39584
0.571451
1.40354
0.566705
1.42193
0.570543
1.42622
0.578507
1.2861
0.750048
1.29379
0.755135
1.37236
0.943227
1.38015
0.950181
1.31662
0.901452
1.3211
0.89629
1.9644
0.517395
1.97308
0.514882
1.74535
0.59385
1.75555
0.596982
1.31759
0.5416
1.32389
0.536197
1.39326
0.899742
1.38675
0.895806
1.04674
0.89201
1.03892
0.893954
1.80711
0.949791
1.81129
0.941787
1.9646
0.99561
1.95939
0.989476
1.92247
0.515971
1.92799
0.521327
1.63416
0.947956
1.63126
0.956488
1.63022
0.928735
1.6314
0.919801
1.64853
0.949101
1.64036
0.945305
1.06147
0.833222
1.05637
0.840643
1.6159
0.795981
1.6085
0.790848
