0.957463
0.469607
0.798664
0.43643
0.931363
0.475106
0.86778
0.447467
0.913572
0.460948
0.857078
0.459908
0.977398
0.472761
0.76566
0.346864
0.949885
0.473297
0.949081
0.407376
0.905043
0.106433
0.876562
0.449496
0.950721
0.484965
0.914815
0.330317
0.957581
0.459161
0.884049
0.280369
0.982872
0.42762
0.995859
0.305154
0.960844
0.189349
0.997363
0.40475
0.874726
0.22215
0.955522
0.352488
0.998622
0.393137
0.94252
0.426607
1.01139
0.407306
0.996326
0.491531
0.936082
0.431933
0.989024
0.405275
0.997492
0.434872
0.98718
0.419564
0.865
0.4595
0.379065
0.366598
0.236112
0.336521
0.157395
0.161323
0.548238
0.108638
0.178312
0.309007
0.443036
0.291144
0.825794
0.236952
0.166308
0.484186
0.153123
0.495213
0.532124
0.358846
0.258815
0.226146
0.979011
0.353047
0.989346
0.345158
0.492682
0.407788
0.695917
0.256416
0.523035
0.35711
0.812535
0.475091
0.716407
0.215239
0.628995
0.103195
0.687077
0.0466815
0.649754
0.114888
0.294627
0.287759
0.161937
0.355258
0.370405
0.262946
0.331215
0.31112
0.0857901
0.0582152
0.180442
0.144007
0.571341
0.437463
0.639498
0.474293
0.499041
0.440999
0.948379
0.120748
0.757072
0.158935
0.991478
0.151142
0.391144
0.225322
0.0777716
0.41673
0.95472
0.180394
0.984801
0.0546922
0.361591
0.171781
0.351753
0.119366
0.403104
0.119093
0.231215
0.217798
0.392455
0.185593
0.693465
0.354905
0.799448
0.309318
0.640989
0.483612
0.810865
0.503653
0.455783
0.155108
0.637994
0.122058
0.943514
0.367867
0.770068
0.191772
0.522107
0.216346
0.412669
0.338965
0.649241
0.358829
0.815877
0.239632
0.221128
0.0779183
0.183937
0.176455
0.340238
0.472875
0.295056
0.431331
0.811396
0.173661
0.949224
0.0819259
0.100298
0.173444
0.858278
0.342317
0.742003
0.238401
0.807843
0.209572
0.77368
0.167733
0.455034
0.439778
0.509623
0.388753
0.136316
0.295661
0.0233116
0.303322
0.503396
0.170642
0.599692
0.0985609
0.505689
0.347397
0.583929
0.214387
0.248178
0.284941
0.185709
0.479483
0.199717
0.492984
0.250247
0.449933
0.429512
0.0791961
0.490212
0.172588
0.11493
0.20162
0.12965
0.271624
0.347429
0.433389
0.366538
0.355663
0.0848402
0.489278
0.0537784
0.427803
0.450117
0.503236
0.920064
0.400843
0.905671
0.416886
0.902404
0.291855
0.829993
0.321969
0.918604
0.152585
0.836362
0.10472
0.998581
0.0713299
1.00886
0.165053
0.245376
0.395478
0.260074
0.351967
0.394893
0.38716
0.369039
0.293271
0.6678
0.279052
0.626722
0.33001
0.298667
0.12092
0.306314
0.180094
0.56854
0.206043
0.507682
0.225289
0.277671
0.0504518
0.254219
0.0283708
0.978709
0.3659
0.0414244
0.0337891
0.0719467
0.0642823
0.667964
0.453574
0.707155
0.386389
0.709094
0.0347325
0.845398
0.0515294
0.95395
0.264112
0.96168
0.147565
0.426969
0.128025
0.429688
0.00502834
0.72462
0.200258
0.724277
0.179263
0.174375
0.428895
0.213177
0.451102
0.0747659
0.193199
0.962264
0.0226048
0.158714
0.11955
0.11248
0.111652
0.742687
0.447199
0.375451
0.393117
0.379089
0.403876
0.905736
0.368112
0.937525
0.413327
0.703388
0.29965
0.693582
0.318922
0.0956153
0.356035
0.0308393
0.33533
0.0425842
0.31861
0.99204
0.274993
0.388789
0.0174964
0.831204
0.112641
0.913577
0.102622
0.549118
0.48736
0.922885
0.370757
0.896414
0.357632
0.0136084
0.410791
0.112315
0.495854
0.534452
0.075193
0.864368
0.0377723
0.177083
0.00719417
0.923986
0.0653078
0.729682
0.0703538
0.286291
0.496542
0.0966889
0.181645
0.136316
0.250665
0.128785
0.41155
0.146374
0.340692
0.693761
0.474744
0.707226
0.428576
0.303485
0.0834186
0.273495
0.0614153
0.245848
0.10678
0.235221
0.14904
0.390161
0.119487
0.357396
0.14487
0.653557
0.139479
0.601201
0.130204
0.566869
0.407102
0.608082
0.392692
0.500499
0.14071
0.556257
0.0764187
0.43463
0.156397
0.408444
0.173091
0.68205
0.379806
0.66928
0.355046
0.845899
0.173799
0.916564
0.130752
0.514859
0.373847
0.478405
0.457308
0.262888
0.234013
0.279342
0.238819
0.127046
0.113242
0.876096
0.479111
0.866249
0.481264
0.328845
0.446513
0.410387
0.410489
0.306874
0.0704041
0.068228
0.187851
0.0406406
0.0977324
0.387976
0.470216
0.4599
0.059713
0.417002
0.0903431
0.587757
0.25866
0.516699
0.201155
0.193993
0.26978
0.301243
0.282105
0.48032
0.29844
0.468244
0.346002
0.884238
0.223185
0.867796
0.160735
0.525232
0.0663244
0.191523
0.0525912
0.652402
0.223143
0.638817
0.217031
0.718847
0.223828
0.689526
0.130171
0.810423
0.061223
0.755782
0.105952
0.0960011
0.266703
0.137835
0.270763
0.583109
0.131911
0.553979
0.135408
0.453302
0.235421
0.425478
0.231506
0.370175
0.315455
0.407859
0.331497
0.801788
0.463094
0.775111
0.433565
0.178573
0.0824376
0.180728
0.133283
0.810338
0.0469704
0.888577
0.0683364
0.387972
0.503276
0.089257
0.229464
0.0682244
0.147233
0.13131
0.180708
0.974745
0.265053
0.966022
0.260469
0.951763
0.430455
0.955943
0.419859
0.791586
0.406388
0.770767
0.329332
0.864534
0.0827794
0.863491
0.0593659
0.569759
0.224143
0.573773
0.215336
0.694405
0.143218
0.640157
0.156731
0.595876
0.111083
0.728778
0.09143
0.695282
0.0340259
0.55802
0.471611
0.553323
0.424042
0.765693
0.265916
0.811429
0.255955
0.698751
0.246545
0.762643
0.182376
0.719921
0.268812
0.67441
0.288769
0.211258
0.423255
0.277314
0.39406
0.886893
0.299303
0.909703
0.301059
0.766053
0.0753807
0.0946606
0.404015
0.226836
0.509307
0.277885
0.49117
0.557707
0.371295
0.564257
0.428189
0.575803
0.37517
0.613489
0.4307
0.977375
0.15133
0.146963
0.0654993
0.108911
0.102699
0.322669
0.395508
0.363463
0.379575
0.60642
0.441871
0.660347
0.432367
0.162626
0.241803
0.196149
0.23308
0.241086
0.292028
0.28462
0.283414
0.89308
0.428994
0.838637
0.396662
0.135827
0.232071
0.138794
0.202017
0.627954
0.0357627
0.594784
0.0769571
0.671927
0.0730243
0.613108
0.0624732
0.77974
0.409014
0.821509
0.404791
0.721572
0.417248
0.762197
0.385147
0.734347
0.0287356
0.709014
0.057504
0.631486
0.221825
0.631432
0.200822
0.607073
0.282541
0.570557
0.324034
0.524106
0.0331171
0.32457
0.23466
0.304406
0.263461
0.0672301
0.221098
0.0658855
0.16272
0.978774
0.0630867
0.966844
0.083273
0.753076
0.459955
0.16145
0.0236196
0.053551
0.452446
0.113121
0.381688
0.0750833
0.359162
0.104499
0.346192
0.15435
0.364073
0.170474
0.406239
0.474427
0.248318
0.465897
0.247403
0.446839
0.224349
0.382287
0.169865
0.491337
0.134727
0.567412
0.183887
0.977536
0.22479
0.990576
0.26343
0.354391
0.0193882
0.336796
0.0233498
0.113256
0.309866
0.0835648
0.351296
0.582686
0.285439
0.585131
0.297141
0.848958
0.0105074
0.257385
0.0555768
0.276205
0.0944911
0.228893
0.234886
0.278835
0.177271
0.375251
0.0492109
0.363056
0.0947071
0.25923
0.424365
0.288332
0.423673
0.593892
0.473773
0.509313
0.136887
0.440519
0.169057
0.238172
0.483721
0.2594
0.482105
0.375016
0.133827
0.386172
0.131524
0.39051
0.173024
0.297742
0.158982
0.773492
0.101752
0.75844
0.096912
0.186631
0.42584
0.226947
0.405444
0.261513
0.062938
0.244814
0.0114468
0.425618
0.388116
0.400253
0.357581
0.658091
0.419704
0.68986
0.372349
0.833488
0.276641
0.77297
0.251446
0.878612
0.154919
0.901861
0.0820076
0.0876423
0.441734
0.0579174
0.45876
0.0315435
0.368888
0.630231
0.474798
0.731878
0.303362
0.738049
0.328518
0.0930819
0.493418
0.0926323
0.451223
0.0400576
0.485292
0.0102223
0.48281
0.409357
0.351641
0.421036
0.359923
0.888268
0.270019
0.883558
0.252792
0.88418
0.443426
0.89142
0.420164
0.847287
0.344472
0.848117
0.362763
0.88991
0.291128
0.860564
0.260714
0.0850148
0.248704
0.0299839
0.249725
0.528641
0.507383
0.547472
0.509095
0.978952
0.0279233
0.350038
0.318931
0.328595
0.291587
0.159832
0.304446
0.162956
0.344429
0.234889
0.360643
0.172435
0.358976
0.349913
0.0997284
0.358835
0.103518
0.879205
0.236872
0.857878
0.155092
0.902905
0.310211
0.933318
0.362804
0.616017
0.231644
0.592021
0.222423
0.918173
0.199718
0.909764
0.217468
0.973574
0.168151
0.960223
0.156666
0.341973
0.417834
0.265643
0.332094
0.243647
0.302942
0.253092
0.330761
0.512449
0.482258
0.442105
0.471101
0.516469
0.492911
0.526979
0.49654
0.473621
0.108036
0.483183
0.0646672
0.236954
0.494873
0.24977
0.477674
0.515089
0.277079
0.491315
0.299204
0.0653848
0.239297
0.0279831
0.284707
0.28789
0.0933803
0.292673
0.149923
0.332677
0.230919
0.329495
0.175488
1.00573
0.386692
0.329414
0.185943
0.359623
0.224141
0.474691
0.422511
0.461078
0.361934
0.214145
0.0439526
0.156795
0.0670146
0.405021
0.274224
0.446917
0.299599
0.214067
0.229714
0.27213
0.232879
0.481906
0.488628
0.521451
0.468832
0.795721
0.164979
0.826604
0.139999
0.178568
0.457992
0.176293
0.465694
0.462574
0.299263
0.44061
0.361332
0.783305
0.426871
0.776352
0.418534
0.516553
0.0236778
0.474032
0.0958386
0.481874
0.122363
0.160523
0.0774796
0.198602
0.107962
0.643343
0.27212
0.616546
0.328502
0.690046
0.439964
0.695901
0.496765
0.723211
0.452718
0.733412
0.483468
0.657127
0.279538
0.67309
0.26689
0.608119
0.363701
0.60249
0.356476
0.4913
0.265178
0.475687
0.288347
0.464127
0.235051
0.497816
0.225312
0.89279
0.493065
0.850845
0.491034
0.328829
0.0517995
0.298299
0.0632781
0.25912
0.291353
0.231143
0.343874
0.108226
0.41863
0.126156
0.431681
0.785961
0.00486702
0.791819
0.0592096
0.783895
0.099695
0.754399
0.0746178
0.720073
0.370986
0.699736
0.404947
0.502759
0.481332
0.492594
0.498017
0.102355
0.212424
0.137578
0.213516
0.56685
0.499484
0.61525
0.499516
0.689133
0.226292
0.67123
0.193315
0.707503
0.168082
0.74248
0.170589
0.754427
0.22551
0.810695
0.247739
0.751901
0.440316
0.738755
0.467374
0.749661
0.34575
0.772577
0.31739
0.723815
0.0106673
0.957176
0.318089
0.949752
0.310635
0.444737
0.0721539
0.451321
0.0533433
0.0961053
0.413586
0.0613252
0.403523
0.0812788
0.340331
0.105048
0.303347
0.941841
0.0967791
0.938339
0.119821
0.29855
0.356925
0.308719
0.369169
0.863428
0.37944
0.844687
0.417465
0.584607
0.0672061
0.54751
0.127534
0.303948
0.49521
0.0330097
0.100707
0.0950087
0.0875799
0.12714
0.0290186
0.677532
0.150504
0.662901
0.0925768
0.916207
0.281811
0.939652
0.256027
0.709125
0.493853
0.600338
0.336608
0.617058
0.296977
0.591711
0.0892172
0.585941
0.113426
0.847026
0.287125
0.81975
0.262718
0.770807
0.461376
0.764962
0.470593
0.953894
0.0296243
0.455969
0.303945
0.426018
0.318421
0.813089
0.272497
0.786829
0.297108
0.751832
0.297721
0.720941
0.301334
0.0377119
0.463584
0.0908335
0.129353
0.149245
0.134694
0.271183
0.195065
0.231858
0.165996
0.318229
0.36007
0.33537
0.358314
0.348832
0.422195
0.29085
0.401124
0.886863
0.124057
0.856241
0.141077
0.849057
0.116137
0.817074
0.157459
0.807008
0.103583
0.802617
0.0657541
0.144716
0.294594
0.199261
0.300057
0.841472
0.356293
0.862597
0.32494
0.0201287
0.280534
0.0303448
0.29735
0.962824
0.381249
0.951753
0.387623
0.707971
0.106749
0.710546
0.0682647
0.173951
0.178962
0.251078
0.162279
0.0338937
0.0262584
0.0142498
0.0336238
0.0336238
0.0142498
0.145779
0.0128004
0.215047
0.0961103
0.223659
0.0890108
0.240136
0.0711284
0.247125
0.0771003
0.885964
0.499247
0.220703
0.186753
0.180612
0.195884
0.279875
0.130949
0.258618
0.146105
0.041927
0.181728
0.0460648
0.250013
0.935623
0.484446
0.925483
0.442832
0.899829
0.0466919
0.908832
0.20628
0.902577
0.221952
0.508535
0.436339
0.540861
0.409593
0.967133
0.346811
0.941182
0.312548
0.350217
0.177626
0.352205
0.154586
0.353634
0.263043
0.371693
0.282181
0.129508
0.365248
0.0963622
0.318014
0.192826
0.387378
0.222922
0.365445
0.697509
0.223778
0.709104
0.230077
0.437714
0.00967645
0.434358
0.0426136
0.95601
0.198316
0.239414
0.353046
0.231973
0.289578
0.768659
0.234488
0.788764
0.206396
0.753123
0.415939
0.715024
0.355697
0.618124
0.0272437
0.625708
0.0447179
0.757314
0.352048
0.738582
0.35798
0.803216
0.040549
0.0740226
0.20475
0.0568972
0.208228
0.0671232
0.131254
0.00570461
0.132636
0.0928312
0.0975748
0.0746823
0.126067
0.265064
0.509175
0.217987
0.507592
0.0845361
0.00527788
0.00523781
0.474997
0.838542
0.0105074
0.535125
0.0137513
0.21336
0.00538669
0.185213
0.0147918
0.560464
0.0150645
0.0316483
0.322161
0.0129557
0.377553
0.00623866
0.416222
0.784965
0.023432
0.636905
0.0189545
0.869941
0.0105955
0.416723
0.044506
0.366483
0.0468427
0.017059
0.0751641
0.0333901
0.11249
0.0376752
0.189527
0.020049
0.174937
0.894252
0.34146
0.892589
0.309182
0.389053
0.240479
0.39525
0.20892
0.163561
0.413256
0.115637
0.349315
0.621176
0.185887
0.628563
0.145453
0.597093
0.168986
0.555
0.186132
0.292759
0.0353295
0.319925
0.0370082
0.0642846
0.300373
0.0436906
0.283037
0.221493
0.426505
0.281854
0.445968
0.494355
0.309102
0.513613
0.341359
0.627243
0.347837
0.629472
0.375912
0.552125
0.388523
0.56033
0.383587
0.523779
0.379348
0.542759
0.341094
0.904649
0.174218
0.899569
0.200225
0.269463
0.173629
0.346708
0.217792
0.863665
0.489564
0.831199
0.477326
0.742744
0.348329
0.721996
0.360002
0.984868
0.212695
0.103882
0.0323096
0.109845
0.0424815
0.98201
0.136613
0.952303
0.061297
0.55628
0.171612
0.55512
0.162983
0.487315
0.181688
0.484206
0.16464
0.474379
0.128309
0.447553
0.123082
0.463813
0.142911
0.419422
0.132965
0.267683
0.396744
0.298573
0.394475
0.238393
0.0390842
0.845171
0.105468
0.820566
0.111983
0.184344
0.45042
0.217977
0.405826
0.883215
0.143985
0.898296
0.101908
0.598432
0.421633
0.558901
0.479532
0.455508
0.422179
0.422552
0.370154
0.508799
0.42441
0.501847
0.422248
0.304895
0.272626
0.317222
0.275111
0.428195
0.494449
0.390036
0.407625
0.352875
0.472686
0.358014
0.450266
0.413937
0.396136
0.417504
0.404523
0.603319
0.487426
0.575831
0.476332
0.613832
0.106343
0.602228
0.120048
0.513128
0.234591
0.523796
0.24925
0.554484
0.249176
0.544168
0.249468
0.374616
0.0838402
0.34502
0.0711263
0.21617
0.197839
0.206449
0.200396
0.243811
0.239446
0.205744
0.235608
0.203154
0.254555
0.216693
0.269522
0.109361
0.17384
0.0886677
0.151495
0.651982
0.0224562
0.670765
0.0544633
0.380226
0.450956
0.406463
0.477902
0.361601
0.161623
0.311926
0.0926783
0.628325
0.39507
0.630674
0.415106
0.0051946
0.164062
0.312975
0.227695
0.320898
0.190652
0.239875
0.157662
0.220816
0.166222
0.996806
0.243648
1.0072
0.207172
0.150547
0.452431
0.118284
0.410394
0.0469084
0.382681
0.0454697
0.402128
0.432172
0.335982
0.466478
0.32127
0.812605
0.389739
0.85616
0.397727
1.00243
0.0626264
0.113781
0.437417
0.146141
0.48945
0.985326
0.071831
0.969646
0.0311213
0.491943
0.0331467
0.47709
0.025422
0.589515
0.205301
0.591278
0.189296
0.612984
0.222249
0.575662
0.232258
0.529876
0.257425
0.553984
0.232267
0.0249363
0.0352157
0.0230501
0.0846957
0.0535473
0.0567479
0.0742703
0.0735641
0.372909
0.459489
0.373537
0.478596
0.512518
0.124961
0.525739
0.140033
1.01061
0.476675
0.838141
0.316561
0.793983
0.372031
0.0831883
0.477263
0.0714061
0.476863
0.363463
0.256845
0.381321
0.280009
0.630134
0.457729
0.652805
0.434906
0.425936
0.0392966
0.408211
0.0314916
0.379543
0.0593814
0.381687
0.0376224
0.181325
0.113418
0.192824
0.0932175
0.641789
0.412286
0.639723
0.395024
0.685359
0.348223
0.651192
0.320608
0.422024
0.457265
0.434518
0.469584
0.3776
0.469261
0.381725
0.494182
0.207502
0.29141
0.20341
0.282433
0.614606
0.176797
0.621908
0.151727
0.588615
0.17109
0.612293
0.14713
0.924665
0.379972
0.922666
0.4175
0.117531
0.278613
0.130265
0.288015
0.934773
0.24561
0.946908
0.226635
0.541723
0.298358
0.545764
0.266097
0.99954
0.0487631
1.00603
0.328171
1.00556
0.308663
0.357185
0.489408
0.16036
0.254938
0.161883
0.27346
0.463668
0.393512
0.471882
0.3991
0.825279
0.129246
0.816544
0.122328
0.0279947
0.193738
0.0520311
0.165967
0.8763
0.277962
0.833813
0.243347
0.112246
0.271324
0.104193
0.242511
0.523103
0.23267
0.527254
0.223697
0.944914
0.181649
0.924925
0.160934
0.332843
0.101525
0.322411
0.137187
0.684995
0.289002
0.650559
0.251772
0.484077
0.0898837
0.483955
0.0500596
0.932311
0.266052
0.95963
0.293567
0.165008
0.0391503
0.171154
0.0773228
0.667414
0.0303767
0.701892
0.43755
0.676037
0.458934
0.33229
0.464209
0.336075
0.479052
0.327943
0.492829
0.285407
0.507254
0.312617
0.479194
0.297519
0.465571
0.984806
0.481351
0.973872
0.493454
0.775662
0.260576
0.792783
0.258386
0.681324
0.178815
0.657398
0.156425
0.0268639
0.239487
0.0461286
0.273888
0.405855
0.305167
0.419455
0.25597
0.359184
0.312627
0.385122
0.329263
0.424937
0.341136
0.429266
0.354151
0.389515
0.285307
0.43193
0.308405
0.535117
0.142691
0.539089
0.131109
0.174158
0.0433306
0.16704
0.0301441
0.850753
0.0969776
0.820828
0.0694802
0.874469
0.392676
0.865893
0.39037
0.911441
0.412234
0.92607
0.425619
0.915001
0.0225686
0.878284
0.0694891
0.893954
0.0601037
0.215591
0.157053
0.194851
0.18325
0.189159
0.371035
0.19601
0.378425
0.984403
0.179718
1.00162
0.18767
0.700227
0.102228
0.744646
0.131587
0.550586
0.301409
0.524174
0.295852
0.843517
0.219903
0.839235
0.186031
0.659851
0.383617
0.642556
0.365127
0.373977
0.412711
0.366596
0.392165
0.660451
0.214479
0.67852
0.224262
0.161709
0.494396
0.16707
0.502245
0.943024
0.0771892
0.936101
0.109595
0.76058
0.139851
0.784985
0.131311
0.789597
0.305535
0.766959
0.276195
0.135284
0.0252152
0.120216
0.0435202
0.666625
0.255956
0.66903
0.242942
0.507539
0.116744
0.493399
0.0985513
0.382651
0.156746
0.418694
0.162421
0.970627
0.299402
0.124864
0.134082
0.120896
0.116254
0.173943
0.160172
0.164688
0.165239
0.572932
0.0359943
0.58219
0.0344446
0.565211
0.29318
0.571831
0.283062
0.0588594
0.290971
0.0638153
0.27073
0.43802
0.131784
0.45579
0.108593
0.906073
0.502445
0.906073
0.49409
0.973972
0.429937
0.989292
0.436749
0.976376
0.407986
0.984038
0.410974
0.926225
0.500279
0.94286
0.502117
0.0433878
0.45391
0.0696208
0.421107
0.561622
0.0286251
0.53866
0.025703
0.830353
0.362829
0.808478
0.333971
0.565044
0.0680561
0.559955
0.0573751
0.132113
0.420352
0.13273
0.437678
0.324596
0.500778
0.320912
0.481555
0.278503
0.421448
0.270473
0.428386
0.242574
0.273615
0.277056
0.247329
0.624936
0.450145
0.608915
0.458193
0.89546
0.0913931
0.862934
0.100087
0.88478
0.36026
0.903227
0.380595
0.384485
0.19417
0.363761
0.246608
0.932205
0.230165
0.915712
0.247491
0.232537
0.394453
0.210954
0.399956
0.972897
0.134438
0.552811
0.498735
0.313117
0.319756
0.302231
0.35026
0.615146
0.276803
0.615604
0.245673
0.232892
0.119904
0.244808
0.117404
0.680424
0.00539608
0.675962
0.0229199
0.0774382
0.0567948
0.0904458
0.0315092
0.86428
0.13294
0.877967
0.135222
0.867591
0.0463921
0.892436
0.0511519
0.691458
0.109377
0.660205
0.133033
0.632591
0.165552
0.609825
0.136457
0.531057
0.455909
0.533988
0.418228
0.525742
0.434871
0.517673
0.441116
0.796722
0.352446
0.798289
0.339521
0.715274
0.282476
0.747603
0.259798
0.423681
0.176404
0.451426
0.214836
0.433169
0.222462
0.412715
0.22535
0.110398
0.183396
0.102397
0.188219
0.125776
0.214845
0.106455
0.203912
0.848322
0.230015
0.843112
0.2399
0.648541
0.044548
0.676689
0.045959
0.699976
0.0725458
0.680553
0.0727388
0.278149
0.112514
0.316871
0.144885
0.484509
0.0180554
0.452849
0.0247346
0.567669
0.173963
0.575288
0.15724
0.724003
0.106416
0.71397
0.125119
0.735228
0.0817826
0.717617
0.0737388
0.807326
0.306136
0.806031
0.293828
0.51383
0.251685
0.498917
0.269471
0.541904
0.34992
0.56581
0.368729
0.521696
0.344415
0.531639
0.337324
0.17453
0.236712
0.16232
0.214133
0.0254184
0.135633
0.0513464
0.145329
0.120335
0.30522
0.113894
0.322349
0.857816
0.28257
0.867373
0.266633
0.821566
0.34159
0.820789
0.356056
1.00206
0.0144262
1.00344
0.0287481
0.700288
0.262992
0.711759
0.259614
0.669309
0.440731
0.679882
0.434321
0.713082
0.135529
0.719924
0.142244
0.532502
0.464109
0.540407
0.482271
0.578932
0.457259
0.613155
0.45051
0.689017
0.200805
0.698341
0.169691
0.214242
0.360906
0.212657
0.346946
0.76451
0.169712
0.791325
0.176224
0.587193
0.00600548
0.585157
0.025788
0.673315
0.215266
0.679053
0.20172
0.74185
0.477002
0.744831
0.458526
0.204097
0.177208
0.214062
0.177084
0.733536
0.185524
0.748369
0.160733
0.735478
0.193588
0.743849
0.211717
0.605336
0.372497
0.615569
0.346069
0.341485
0.368683
0.3371
0.347914
0.255159
0.0933708
0.24537
0.0875357
0.946359
0.199214
0.938131
0.238178
0.0677162
0.377182
0.0657901
0.386006
0.0261132
0.378167
0.0535885
0.398173
0.0349247
0.223723
0.0140396
0.21631
0.905558
0.283919
0.916458
0.271459
0.931468
0.353164
0.913492
0.365272
0.734445
0.0398238
0.770108
0.0304337
0.784287
0.0655489
0.792502
0.0482571
0.755148
0.0126594
0.0584999
0.0468928
0.0512268
0.0351069
0.0670606
0.0778266
0.0511447
0.0814425
0.0232603
0.0669904
0.0219482
0.0565737
0.76727
0.310583
0.769404
0.299346
0.410493
0.189673
0.424772
0.155203
0.447367
0.20499
0.41752
0.170727
0.324841
0.321669
0.278432
0.310861
0.267607
0.272646
0.279822
0.270988
0.324241
0.243435
0.303032
0.242908
0.194926
0.0341403
0.141794
0.239326
0.153472
0.234518
0.18558
0.241885
0.189119
0.280089
0.889198
0.161153
0.899289
0.190749
0.467147
0.1722
0.444062
0.190216
0.292484
0.440078
0.291652
0.456181
0.645527
0.29117
0.654022
0.288161
0.126656
0.483048
0.123968
0.49261
0.00613706
0.322917
0.672838
0.417526
0.690627
0.420148
0.759308
0.505465
0.717825
0.501887
0.843353
0.448899
0.850809
0.449221
0.976169
0.217763
0.971856
0.233482
0.792538
0.156156
0.797995
0.145158
0.891736
0.381003
0.882611
0.371148
0.393932
0.0247965
0.398438
0.00422001
0.351193
0.330169
0.307056
0.335107
0.793832
0.427319
0.823564
0.448813
0.82494
0.460027
0.834397
0.464529
0.288025
0.0276041
0.27125
0.0237587
0.141701
0.331043
0.156162
0.338223
0.294679
0.250328
0.283754
0.252721
0.457613
0.315165
0.448726
0.32171
0.606392
0.0733909
0.615897
0.0823835
0.00755836
0.226727
0.691766
0.505555
0.818107
0.310873
0.876645
0.299929
0.321302
0.152484
0.334367
0.150558
0.0260857
0.410791
0.0411729
0.435986
0.948323
0.0924355
0.960455
0.0937146
0.754104
0.381879
0.75348
0.406158
0.730807
0.444674
0.718359
0.429162
0.773632
0.399377
0.763254
0.398378
0.223736
0.306672
0.202256
0.309133
0.630457
0.286461
0.62491
0.27786
0.469018
0.503942
0.47113
0.492916
0.725025
0.0224714
0.732649
0.0600763
0.661483
0.32338
0.666513
0.335128
0.446424
0.460957
0.47631
0.466918
0.725918
0.0486528
0.714954
0.0480987
0.730275
0.224945
0.749655
0.235435
0.489759
0.215796
0.476091
0.199993
0.175553
0.124602
0.130207
0.10424
0.0855961
0.0844902
0.0979063
0.103451
0.978105
0.100841
1.00451
0.120937
0.951945
0.138916
0.941046
0.144366
0.506586
0.03897
0.537281
0.0528593
0.605685
0.0302463
0.71616
0.406136
0.730611
0.41517
0.609883
0.237975
0.601109
0.242382
0.431156
0.270196
0.42785
0.258658
0.41912
0.246362
0.408413
0.246955
0.0606065
0.413031
0.0873981
0.422023
0.131796
0.327493
0.138272
0.348338
0.141292
0.376538
0.134947
0.399336
0.803195
0.192218
0.813166
0.197354
0.15502
0.152062
0.139756
0.123386
0.11868
0.470828
0.139731
0.454442
0.170457
0.43899
0.163353
0.421364
0.187753
0.416214
0.196068
0.409897
0.402087
0.443645
0.414117
0.44001
0.487001
0.388419
0.488628
0.375851
0.298638
0.109689
0.311385
0.124307
0.326602
0.364024
0.354664
0.379773
0.945876
0.0239883
0.942839
0.00511235
0.752632
0.217132
0.758851
0.207046
0.828663
0.211336
0.834048
0.220357
0.526329
0.264517
0.508502
0.245361
0.411836
0.15626
0.395351
0.141135
0.732464
0.233358
0.726436
0.243134
0.116118
0.398491
0.122431
0.388327
0.244373
0.0227603
0.228418
0.0385441
0.866905
0.181093
0.871178
0.172895
0.552992
0.0931962
0.558796
0.0868098
0.811472
0.086649
0.83931
0.0818532
0.683887
0.105488
0.681038
0.0945964
0.0228299
0.432247
0.0385464
0.44635
0.744732
0.0117887
0.743494
0.0234025
0.551498
0.413318
0.520167
0.389162
0.819634
0.0429052
0.817666
0.010489
0.870389
0.0266662
0.853652
0.0375358
0.838567
0.0699844
0.847574
0.0421784
0.948159
0.237295
0.948674
0.256654
0.190907
0.352978
0.199764
0.343186
0.479387
0.072889
0.446059
0.114534
0.905561
0.0218054
0.883294
0.0430064
0.817582
0.0209898
0.786208
0.0429825
0.868809
0.409864
0.866027
0.42691
0.287769
0.0468953
0.29823
0.0539897
0.0791255
0.305077
0.0735369
0.29644
0.0903478
0.334281
0.0875029
0.324207
0.0288445
0.35944
0.0527539
0.3236
0.550498
0.354412
0.57537
0.334245
0.608977
0.31998
0.610196
0.337923
0.572553
0.509791
0.341078
0.439944
0.349602
0.456113
0.229167
0.0715988
0.213864
0.0549279
0.480852
0.150986
0.462689
0.152672
0.158378
0.201334
0.172171
0.21689
0.329251
0.0415626
0.356962
0.0287997
0.373559
0.510333
0.976941
0.290734
0.934004
0.277333
0.802325
0.454454
0.793181
0.447396
0.759787
0.292982
0.756993
0.281714
0.00647338
0.290059
0.411084
0.214887
0.389504
0.217382
0.349013
0.0508878
0.358146
0.0549813
0.366326
0.00645317
0.939906
0.404693
0.933514
0.39534
0.29881
0.216937
0.264041
0.211259
0.26074
0.191246
0.260414
0.180015
0.251595
0.197213
0.250074
0.223673
0.784648
0.372228
0.813786
0.375095
0.828869
0.395495
0.808072
0.379547
0.991751
0.38925
0.165511
0.10194
0.159166
0.110547
0.148334
0.105162
0.12628
0.0966702
0.597691
0.275886
0.596892
0.263333
0.749508
0.0930405
0.746344
0.0834812
0.767018
0.0947269
0.808283
0.126923
0.979525
0.048641
0.995201
0.054733
1.00077
0.0880148
0.994132
0.0950938
0.185928
0.316116
0.196303
0.332711
0.368718
0.224539
0.373179
0.21301
0.330563
0.403247
0.307696
0.445574
0.264246
0.388161
0.308938
0.380465
0.912579
0.442213
0.891986
0.449252
0.998493
0.36887
1.00084
0.347588
0.657769
0.456781
0.687861
0.486178
0.568589
0.482205
0.572845
0.490782
0.857936
0.310695
0.867163
0.314886
0.501547
0.461673
0.494415
0.450749
0.462302
0.449767
0.47197
0.449926
0.920994
0.0448648
0.93996
0.0451346
0.426909
0.0895793
0.439735
0.0798336
0.403735
0.0577101
0.396066
0.0507841
0.382533
0.07858
0.404082
0.0788293
0.652494
0.203057
0.693816
0.180374
0.203686
0.464935
0.202004
0.455698
0.214829
0.497756
0.20213
0.506374
0.337436
0.0649111
0.321807
0.0884724
0.868667
0.0938979
0.881471
0.114214
0.956295
0.329222
0.939107
0.330035
0.318228
0.430869
0.334183
0.436962
0.668684
0.375822
0.662473
0.363943
0.680307
0.409832
0.678837
0.399589
1.00776
0.144524
0.196023
0.435473
0.192794
0.448775
0.638989
0.174077
0.638642
0.205798
0.837038
0.179233
0.826674
0.180012
0.084986
0.459236
0.0894005
0.469056
0.328217
0.339602
0.345476
0.345968
0.449759
0.488611
0.460899
0.483254
0.670841
0.136723
0.678303
0.129172
0.268672
0.313236
0.271463
0.324708
0.49006
0.255283
0.477939
0.256802
0.896104
0.47907
0.887584
0.484603
0.256442
0.417251
0.228989
0.421892
0.665114
0.303613
0.671798
0.299297
0.113745
0.165376
0.149182
0.125357
0.558722
0.313486
0.565877
0.303694
0.601359
0.301029
0.608063
0.292483
0.421356
0.445445
0.432398
0.413853
0.460655
0.372428
0.44054
0.397111
0.426818
0.422015
0.391309
0.418569
0.766714
0.497233
0.780472
0.46059
0.881114
0.203227
0.872834
0.206871
0.775171
0.496408
0.783352
0.50387
0.728571
0.498907
0.559275
0.40622
0.574362
0.399693
0.403498
0.10099
0.407199
0.111018
0.372348
0.0923198
0.394904
0.0959123
0.976229
0.178783
0.971241
0.188541
0.948392
0.165307
0.932435
0.161364
0.912664
0.121652
0.902929
0.136907
0.913083
0.138301
0.920737
0.145118
0.414742
0.376799
0.384174
0.374433
0.108551
0.2205
0.0932042
0.250736
0.656012
0.0122145
0.647871
0.0057881
0.965215
0.370932
0.953905
0.363756
0.214836
0.48308
0.237673
0.449368
0.846489
0.163798
0.837133
0.157788
0.85339
0.438033
0.862439
0.436687
0.680162
0.307409
0.682401
0.323262
0.705735
0.34228
0.71497
0.343119
0.748696
0.326252
0.72171
0.323137
0.621288
0.0993715
0.637767
0.0991939
0.220907
0.236659
0.225415
0.255177
0.602479
0.218187
0.600535
0.206868
0.104085
0.487279
0.117116
0.477663
0.40745
0.0393539
0.389696
0.0578383
0.26669
0.217682
0.277452
0.21763
0.0426367
0.340064
0.044788
0.349855
0.021934
0.340195
0.0578408
0.348888
0.0624287
0.357417
0.594267
0.44254
0.583074
0.405604
0.48438
0.421506
0.486294
0.411823
0.054347
0.388528
0.0979155
0.36771
0.374627
0.326864
0.359921
0.351378
0.392558
0.294396
0.394692
0.315931
0.341937
0.310841
0.344505
0.26089
0.299399
0.446513
0.313379
0.452787
0.199385
0.100903
0.197464
0.0607887
0.484412
0.475512
0.496567
0.473268
0.204338
0.376121
0.224118
0.384505
0.341633
0.117002
0.325979
0.0795336
0.12456
0.16402
0.132508
0.171271
0.00498445
0.492188
0.0556412
0.473036
0.0358041
0.479785
0.358835
0.420042
0.380959
0.420202
0.758891
0.362228
0.736133
0.378278
0.676485
0.46839
0.688688
0.467197
0.676335
0.485695
0.670032
0.475454
0.463572
0.470372
0.455999
0.460604
0.968077
0.317067
0.98507
0.331593
0.564144
0.344125
0.532773
0.329133
0.817097
0.421526
0.798726
0.416355
0.933063
0.0498001
0.949466
0.0507399
0.221427
0.215184
0.194616
0.222997
0.182831
0.390783
0.173004
0.368721
0.99312
0.505789
0.81165
0.493554
0.818946
0.490497
0.091872
0.0492139
0.0859175
0.039668
0.5784
0.166178
0.593364
0.134674
0.146659
0.386573
0.161649
0.37316
0.742416
0.398553
0.744097
0.387505
0.814152
0.290343
0.816947
0.280195
0.260067
0.408628
0.282813
0.401504
0.257351
0.0726791
0.267287
0.0889171
0.93323
0.337002
0.938701
0.347417
0.489318
0.155986
0.518142
0.154891
0.513575
0.307119
0.524098
0.315244
0.12668
0.0802153
0.131296
0.0892469
0.481741
0.336621
0.487558
0.328577
0.341857
0.105292
0.368262
0.125962
0.382802
0.100319
0.380743
0.110825
0.469667
0.376872
0.479508
0.369891
0.328313
0.218659
0.337427
0.213307
0.903889
0.254661
0.887658
0.232446
0.775571
0.219978
0.793857
0.221901
0.64841
0.078709
0.625561
0.0764407
0.0758314
0.263908
0.105856
0.292816
0.0597802
0.128501
0.0518821
0.134922
0.248515
0.321436
0.21978
0.33955
0.685936
0.339962
0.677885
0.333909
0.0498524
0.481903
0.068373
0.487205
0.175692
0.102004
0.182082
0.0917339
0.296313
0.141662
0.289136
0.130576
0.320451
0.169432
0.310128
0.171906
0.733047
0.132004
0.727159
0.142218
0.165759
0.278805
0.175544
0.275576
0.152635
0.272711
0.15965
0.287103
0.166416
0.32216
0.167547
0.312138
0.771485
0.0829743
0.805754
0.0955811
0.197798
0.0426887
0.209436
0.0383317
0.515883
0.191269
0.524842
0.169754
0.339678
0.278741
0.336347
0.288751
0.229408
0.129948
0.22198
0.148205
0.613853
0.0462051
0.60366
0.0402525
0.590522
0.385971
0.600412
0.411807
0.1264
0.46489
0.101661
0.452895
0.944725
0.206861
0.941387
0.191501
0.938481
0.168162
0.934798
0.191132
0.91954
0.169114
0.923537
0.179091
0.339112
0.170326
0.341091
0.157444
0.322425
0.199865
0.311978
0.189514
0.362302
0.197564
0.350676
0.191673
0.0361966
0.233044
0.0429974
0.21702
0.0113407
0.252483
0.00494078
0.258925
0.0543511
0.254021
0.0540454
0.267316
0.0804631
0.139378
0.121256
0.144359
0.618424
0.489407
0.612534
0.485351
0.00475079
0.179817
0.00994539
0.172005
0.447491
0.417634
0.449521
0.385534
0.205311
0.433335
0.213255
0.442041
0.521467
0.477421
0.531285
0.485871
0.514101
0.364538
0.504838
0.357881
0.290037
0.360568
0.269558
0.343233
0.298324
0.341395
0.288658
0.338577
0.29968
0.308447
0.309087
0.307463
0.849881
0.500797
0.253569
0.386202
0.250402
0.373704
0.273116
0.366556
0.261832
0.363821
0.551544
0.11716
0.556443
0.102545
0.416981
0.206085
0.426303
0.207504
0.986049
0.381826
0.988485
0.372299
0.767843
0.119456
0.771272
0.130683
0.524268
0.160092
0.518884
0.14436
0.641348
0.0726724
0.633693
0.0799244
0.0724728
0.156048
0.0945466
0.166816
0.0734388
0.1098
0.0491598
0.115111
0.521567
0.0452828
0.507812
0.00569157
0.516896
0.01215
0.524708
0.00645843
0.99231
0.324136
0.987932
0.312129
0.626472
0.296404
0.657262
0.298072
0.282339
0.455188
0.270732
0.472984
0.28026
0.478104
0.292687
0.475205
0.246342
0.501584
0.411887
0.280975
0.424579
0.279695
0.0760513
0.495434
0.58357
0.358926
0.592659
0.35211
0.512253
0.0970842
0.502329
0.0938698
0.487917
0.0794035
0.499586
0.0756552
0.368459
0.367659
0.382409
0.384629
0.92035
0.43171
0.913405
0.432393
0.713719
0.0853216
0.702668
0.0911296
0.968318
0.252837
0.988373
0.228386
0.48562
0.319125
0.496642
0.360465
0.311423
0.103592
0.332551
0.12272
0.453667
0.09717
0.463327
0.0896258
0.388615
0.344104
0.392711
0.324302
0.27542
0.0304116
0.270056
0.0416934
0.496715
0.117732
0.490511
0.125114
0.515886
0.105669
0.528333
0.107842
0.145603
0.196397
0.149619
0.168612
0.951077
0.297401
0.974845
0.309081
0.383308
0.246189
0.383651
0.231306
0.348231
0.0389199
0.337814
0.0351351
0.591448
0.504403
0.589967
0.494976
0.107721
0.508081
0.0953879
0.507335
0.31381
0.0469241
0.319286
0.0549249
0.237292
0.467357
0.23163
0.458755
0.868175
0.112361
0.85988
0.119921
0.409586
0.420984
0.417762
0.426543
0.966965
0.476512
0.992889
0.481555
0.82796
0.0522327
0.829069
0.0645551
0.513078
0.0475573
0.527358
0.0552684
0.49882
0.0415631
0.500134
0.0102635
0.533193
0.0335409
0.540576
0.0432975
0.979695
0.0818393
0.985126
0.0931102
0.26067
0.265379
0.248227
0.266529
0.231756
0.270835
0.224119
0.263461
0.235577
0.242314
0.235081
0.251915
0.593562
0.404002
0.597283
0.394153
0.14713
0.0567854
0.156315
0.0436217
0.632916
0.442453
0.651572
0.446476
0.420852
0.476505
0.442006
0.482787
0.671908
0.184024
0.660683
0.181088
0.443874
0.252067
0.450367
0.246572
0.0980859
0.0688988
0.102364
0.051227
0.132229
0.0717925
0.125535
0.0616365
0.422633
0.00917301
0.418186
0.0170353
0.961963
0.401727
0.953397
0.399111
0.42244
0.0624661
0.413665
0.0552367
0.112929
0.253567
0.120015
0.222012
0.993719
0.294368
1.00224
0.287822
1.0005
0.278876
0.109417
0.234915
0.104407
0.226928
0.20054
0.078912
0.192395
0.0720462
0.17867
0.485886
0.183013
0.497508
0.146414
0.47941
0.157996
0.474962
0.280316
0.346102
0.282115
0.357572
0.291595
0.207982
0.295963
0.198734
0.954813
0.127448
0.967578
0.126138
0.642695
0.339598
0.632046
0.341199
0.649142
0.345938
0.661381
0.344
0.999358
0.473852
0.979252
0.463047
0.964532
0.0118565
0.991413
0.00755033
0.127341
0.278762
0.102605
0.273411
0.16176
0.144988
0.17339
0.149183
0.341703
0.252753
0.353783
0.230938
0.803346
0.271279
0.795385
0.288584
0.359995
0.50461
0.361712
0.480023
0.112378
0.463667
0.106199
0.478651
0.855909
0.0774622
0.847861
0.0854717
0.934078
0.442861
0.940873
0.452962
0.277118
0.292344
0.266651
0.286472
0.460483
0.430561
0.486853
0.429466
0.640091
0.00994614
0.632845
0.00415804
0.340662
0.406077
0.34905
0.398365
0.119538
0.363341
0.1107
0.371893
0.0889894
0.37593
0.0782078
0.372121
0.417697
0.298196
0.403999
0.313779
0.395566
0.278183
0.393336
0.260158
0.386385
0.300047
0.376226
0.299594
0.576506
0.104443
0.57846
0.092757
0.781932
0.178489
0.780188
0.189864
0.743005
0.0466216
0.741767
0.0582354
0.415028
0.305714
0.430772
0.326183
0.459303
0.343837
0.449275
0.356383
0.458371
0.334907
0.4495
0.33206
0.703819
0.473778
0.709717
0.465248
0.819757
0.429773
0.829557
0.437141
0.464843
0.0771564
0.456833
0.0710178
0.443073
0.272139
0.459607
0.254563
0.0663805
0.210952
0.0527845
0.18229
0.176051
0.225616
0.185568
0.220707
0.847151
0.392408
0.849446
0.3809
0.166165
0.389707
0.157955
0.383351
0.16439
0.294008
0.189775
0.296192
0.921313
0.458463
0.920571
0.449592
0.917305
0.320352
0.906913
0.31841
0.935997
0.320357
0.925106
0.316412
0.708322
0.240203
0.716959
0.246695
0.277029
0.0127614
0.305138
0.0137023
0.995523
0.106318
0.545358
0.0710361
0.546061
0.0597584
0.056469
0.49841
0.0575517
0.489001
0.106271
0.430583
0.0929365
0.433055
0.637419
0.132041
0.645513
0.139105
0.0841931
0.221182
0.074454
0.224955
0.796158
0.212747
0.790478
0.198084
0.190408
0.114292
0.194187
0.124671
0.710362
0.448337
0.705155
0.455655
0.807677
0.164899
0.802298
0.181732
0.891997
0.464666
0.898182
0.470977
0.87445
0.351849
0.867935
0.371364
0.763441
0.148714
0.779891
0.156646
0.116356
0.0218626
0.107347
0.0234635
0.114911
0.0952064
0.117625
0.075536
0.669384
0.493371
0.649501
0.490285
0.59761
0.0119061
0.59761
0.023917
0.414255
0.482722
0.39994
0.483273
0.373847
0.346155
0.391911
0.352551
0.287744
0.164293
0.250772
0.174044
0.496786
0.247136
0.491546
0.236389
0.476185
0.219479
0.455529
0.200946
0.489192
0.204948
0.499528
0.200695
0.179301
0.282669
0.193385
0.286305
0.664338
0.413928
0.665846
0.394728
0.0739996
0.0214633
0.0579181
0.00585732
0.17849
0.0526454
0.173017
0.0598038
0.508184
0.285708
0.481822
0.282282
0.0488932
0.291914
0.0423492
0.301161
0.829379
0.0901422
0.820395
0.0831984
0.658815
0.401373
0.646834
0.401583
0.833684
0.202744
0.852545
0.211247
0.655577
0.258982
0.629634
0.231159
0.872457
0.230832
0.876753
0.246604
0.896747
0.14383
0.899612
0.154187
0.575981
0.140037
0.579781
0.124523
0.503637
0.311677
0.504944
0.324937
0.731997
0.319977
0.736824
0.311214
0.430357
0.441207
0.442223
0.449972
0.914142
0.0837941
0.923356
0.076369
0.822797
0.0293254
0.833298
0.0293018
0.293824
0.301133
0.282169
0.30302
0.260772
0.305445
0.252391
0.309947
0.661432
0.0520067
0.624504
0.0646841
0.91967
0.347829
0.921128
0.336259
0.393092
0.15138
0.4038
0.183946
0.726811
0.378596
0.720018
0.388197
0.697728
0.394833
0.686209
0.392461
0.986248
0.445374
0.968937
0.456351
0.966712
0.486405
0.958046
0.491169
0.431883
0.503126
0.372853
0.189645
0.372601
0.177909
0.289023
0.1053
0.271226
0.107159
0.859892
0.361186
0.864237
0.352559
0.842178
0.374401
0.830455
0.374911
0.23975
0.175526
0.235348
0.185421
0.209255
0.135269
0.218903
0.136974
0.49222
0.509507
0.798875
0.318798
0.773451
0.350886
0.989757
0.456057
0.998617
0.461021
0.43392
0.0550525
0.44206
0.0599372
0.842294
0.278049
0.846275
0.267575
0.274748
0.123425
0.265705
0.129587
0.196161
0.315967
0.20307
0.324984
0.549104
0.364718
0.53896
0.368347
0.231878
0.44031
0.222159
0.436781
0.695853
0.305611
0.687108
0.3005
0.780959
0.336774
0.788177
0.33176
0.752338
0.0478049
0.774675
0.0481749
0.795824
0.0902966
0.786898
0.0915394
0.425582
0.113572
0.435139
0.108783
0.583536
0.425283
0.581103
0.435574
0.0408403
0.0587665
0.0337071
0.0696953
0.309657
0.0257213
0.318457
0.0273144
0.313533
0.245506
0.314236
0.255639
0.567284
0.140003
0.563398
0.156396
0.638031
0.0336696
0.640656
0.0250381
0.189526
0.150565
0.190278
0.132478
0.299243
0.386058
0.290511
0.378405
0.649832
0.240684
0.657254
0.23488
0.690154
0.161734
0.687568
0.151023
0.695953
0.189455
0.711226
0.199724
0.90712
0.4858
0.916521
0.483567
0.356256
0.127868
0.350767
0.135998
0.331328
0.133055
0.338853
0.138828
0.329028
0.378463
0.320874
0.385805
0.943751
0.381416
0.935335
0.385568
0.646956
0.378036
0.639917
0.383363
0.106137
0.324798
0.101518
0.335404
0.142504
0.220691
0.153977
0.222133
0.123015
0.205906
0.129561
0.198208
0.695996
0.0838279
0.685256
0.085498
0.632122
0.0553216
0.654714
0.0593455
0.810117
0.436718
0.812609
0.447304
0.00832861
0.101933
0.0133767
0.109319
0.264936
0.253179
0.257979
0.245802
0.508166
0.186003
0.498643
0.190072
0.129234
0.0379716
0.139427
0.0433145
0.114531
0.00490118
0.119291
0.0107342
0.796181
0.395265
0.807303
0.396237
0.951621
0.27329
0.960526
0.280571
0.919038
0.301337
0.925577
0.285163
0.775054
0.442086
0.783751
0.449611
0.390625
0.00841816
0.382812
0.00419815
0.726183
0.208375
0.735804
0.214647
0.0717123
0.333545
0.0763597
0.323044
0.709007
0.190665
0.716031
0.179976
0.712994
0.159036
0.747402
0.140279
0.744333
0.178599
0.754148
0.184556
0.741549
0.367462
0.752369
0.369616
0.917345
0.387213
0.90815
0.389092
0.614523
0.403399
0.624321
0.40445
0.110873
0.0831038
0.10147
0.0798499
0.0392972
0.148495
0.0342523
0.138204
0.042103
0.119942
0.043041
0.130133
0.991278
0.133281
0.997586
0.142842
0.130969
0.510978
0.131028
0.499524
0.349814
0.280244
0.358988
0.299739
0.769123
0.0418347
0.757468
0.0410719
0.755193
0.315177
0.749373
0.308679
0.443506
0.038181
0.452329
0.0440261
0.305109
0.503679
0.307969
0.486938
0.34434
0.505616
0.0857753
0.396501
0.0910508
0.386356
0.104615
0.397156
0.102398
0.387931
0.988984
0.238406
0.979477
0.242645
0.470017
0.354736
0.479436
0.35825
0.890961
0.216993
0.888886
0.206454
0.589521
0.323452
0.599128
0.325521
0.816616
0.147677
0.80703
0.14152
0.844755
0.136584
0.837035
0.144588
0.986884
0.396835
0.969909
0.399145
0.573477
0.047353
0.56301
0.0489059
0.411643
0.0798678
0.420583
0.0728433
0.18546
0.327817
0.176713
0.33073
0.155412
0.44045
0.14271
0.417359
0.0185961
0.270234
0.0112229
0.28393
0.763246
0.445713
0.762277
0.454024
0.158621
0.181811
0.165309
0.174873
0.0229753
0.315347
0.0117078
0.316517
0.259102
0.157813
0.267845
0.163191
0.69084
0.0124727
0.688655
0.0235702
0.537099
0.103344
0.53959
0.0923221
0.84197
0.124662
0.832926
0.121915
0.574658
0.19759
0.585477
0.197798
0.5525
0.195085
0.559177
0.206484
0.559786
0.240784
0.558876
0.224078
0.378296
0.442857
0.357173
0.440407
0.290122
0.189827
0.28023
0.187476
0.722401
0.396754
0.732806
0.402236
0.924135
0.26353
0.924574
0.250387
0.660162
0.121626
0.670676
0.1176
0.705902
0.118829
0.694853
0.12099
0.67175
0.502787
0.444448
0.0273809
0.43651
0.0201916
0.865222
0.24624
0.858202
0.252182
0.0683347
0.00585732
0.0747458
0.0111352
0.0575736
0.0258513
0.0672441
0.0295117
0.595954
0.46197
0.588041
0.454955
0.174933
0.341039
0.180125
0.351012
0.389509
0.454
0.392568
0.463489
0.720728
0.469302
0.729014
0.464091
0.800685
0.119973
0.799403
0.109446
0.777091
0.148404
0.787943
0.14017
0.238005
0.424387
0.240227
0.43253
0.616056
0.197791
0.606286
0.197766
0.855737
0.303044
0.845455
0.29859
0.236852
0.320375
0.234805
0.310051
0.0245179
0.494375
0.0343038
0.493912
0.752486
0.431975
0.744798
0.423423
0.0139583
0.23591
0.00639994
0.243558
0.0134475
0.156517
0.0368652
0.172878
0.673077
0.108316
0.670228
0.097424
0.0107527
0.124398
0.0050481
0.116761
0.227248
0.110408
0.217224
0.109132
0.944573
0.067353
0.93484
0.0614613
0.239042
0.370993
0.227075
0.375795
0.293301
0.0837971
0.289015
0.0708393
0.447603
0.282622
0.464202
0.288194
0.693686
0.280256
0.703334
0.285792
0.71337
0.306892
0.713948
0.318
0.355765
0.214612
0.363353
0.207799
0.827161
0.16298
0.823091
0.173329
0.0710685
0.0473725
0.0734658
0.0392471
0.0631103
0.110823
0.0579959
0.118882
0.079144
0.117576
0.090052
0.119545
0.308729
0.00551256
0.335743
0.00478799
0.326764
0.0200834
0.658244
0.486884
0.659183
0.475847
0.78558
0.470555
0.778699
0.479232
0.734996
0.491574
0.767747
0.478484
0.755435
0.258367
0.761611
0.249183
0.722899
0.290775
0.744728
0.279193
0.741197
0.270645
0.731421
0.265456
0.322205
0.118209
0.322272
0.108725
0.0227506
0.444096
0.00554457
0.442558
0.0500937
0.435252
0.0576304
0.444152
0.0312187
0.427748
0.0326494
0.41678
0.8937
0.506182
0.311584
0.423438
0.313388
0.402446
0.473381
0.3047
0.475641
0.315487
0.0972765
0.157505
0.107412
0.155668
0.110506
0.146171
0.104618
0.136817
0.13942
0.148882
0.128977
0.152501
0.184551
0.167299
0.206454
0.156687
0.842606
0.336228
0.831727
0.334332
0.865313
0.33317
0.881034
0.342379
0.540333
0.257822
0.528443
0.241005
0.553527
0.215712
0.537109
0.223222
0.53053
0.20334
0.523997
0.207243
0.777809
0.379841
0.780554
0.388863
0.76983
0.377123
0.768259
0.366467
0.105974
0.118681
0.0966168
0.114841
0.458665
0.280841
0.463624
0.270737
0.369638
0.144605
0.372974
0.154632
0.765865
0.226144
0.759579
0.241215
0.150894
0.423981
0.146869
0.432972
0.125899
0.342706
0.124095
0.33151
0.255229
0.441403
0.251004
0.433058
0.223467
0.0441916
0.239354
0.0595244
0.847246
0.060539
0.856037
0.0643984
0.346062
0.493797
0.338577
0.489513
0.351889
0.355553
0.349628
0.367869
0.347079
0.388139
0.33895
0.38077
0.511629
0.511954
0.151033
0.0237504
0.150987
0.00547536
0.973924
0.327573
0.966322
0.334901
0.259253
0.123972
0.251064
0.126382
0.240682
0.138945
0.250422
0.137878
0.628132
0.115964
0.611842
0.115751
0.965517
0.0433921
0.955963
0.0423035
0.820829
0.480757
0.813449
0.467158
0.0746522
0.455723
0.0755458
0.444194
0.330846
0.25167
0.323563
0.258595
1.00473
0.491517
0.962012
0.0658894
0.960482
0.076682
0.776797
0.293595
0.777146
0.28171
0.88746
0.104829
0.874597
0.0803445
0.494066
0.050978
0.468455
0.0447857
0.579948
0.013777
0.57088
0.00777155
0.0358585
0.156476
0.0432673
0.164737
0.0263981
0.169558
0.0245473
0.15908
0.058532
0.191192
0.0532019
0.199388
0.719334
0.091584
0.716027
0.101914
0.690687
0.0656655
0.694948
0.0567934
0.478768
0.0425465
0.482002
0.0350484
0.617915
0.307189
0.609759
0.310391
0.827614
0.30154
0.837645
0.304265
0.568983
0.256415
0.57058
0.24071
0.587767
0.231488
0.592485
0.241054
0.768094
0.0588064
0.773049
0.0652075
0.897283
0.272841
0.905074
0.265486
0.648922
0.500844
0.539863
0.176587
0.549151
0.177028
0.592346
0.145683
0.582113
0.148366
0.686844
0.256533
0.676013
0.237369
0.697128
0.211981
0.706283
0.20969
0.692175
0.271886
0.683273
0.265776
0.653751
0.467331
0.644318
0.46704
0.741122
0.250282
0.732736
0.252697
0.391773
0.480253
0.382384
0.485559
0.618435
0.121548
0.617446
0.132099
0.223777
0.0107734
0.223777
0.0215468
0.633201
0.323019
0.643859
0.328275
0.54287
0.215108
0.539453
0.206672
0.731636
0.337457
0.721494
0.334698
0.885625
0.177087
0.892829
0.171161
0.985385
0.288871
0.985441
0.278442
0.638758
0.147349
0.626568
0.136498
0.895897
0.237713
0.894248
0.248327
0.914267
0.236856
0.904093
0.233412
0.736224
0.287766
0.740534
0.295027
0.427764
0.241436
0.435425
0.248959
0.936563
0.212761
0.937857
0.222624
0.0536153
0.331885
0.0628829
0.337296
0.25719
0.494863
0.266146
0.498807
0.786344
0.264484
0.801578
0.261822
0.0232072
0.00758216
0.00520833
0.00520833
0.0127905
0.0127905
0.00758216
0.0232072
0.854316
0.0263114
0.864882
0.021191
0.897855
0.00712471
0.882678
0.0231954
0.887501
0.0314217
0.915205
0.0366784
0.512587
0.461408
0.519469
0.453192
0.538432
0.429939
0.534736
0.439998
0.547128
0.432028
0.552403
0.45319
0.148894
0.510474
0.204279
0.215656
0.214135
0.219845
0.191755
0.190946
0.202306
0.208428
0.105235
0.0605622
0.115373
0.0639455
0.0670266
0.088364
0.0577644
0.0918786
0.797846
0.378158
0.791257
0.387378
0.573168
0.0733745
0.570095
0.0866653
0.208149
0.0612226
0.209951
0.0732571
0.155071
0.0850814
0.15903
0.0941561
0.405251
0.138228
0.409014
0.128223
0.0113972
0.465568
0.021914
0.467411
0.205865
0.0129843
0.19563
0.00759762
0.5412
0.273744
0.554622
0.265438
0.460322
0.00786876
0.294185
0.0149997
0.287359
0.00680989
0.604007
0.161403
0.60265
0.151886
0.648448
0.160456
0.648746
0.170872
0.0760284
0.254426
0.0643179
0.247953
0.0359906
0.0475936
0.0275453
0.0481057
0.950373
0.451046
0.955872
0.441927
0.403256
0.230309
0.401399
0.24074
0.493322
0.281248
0.498181
0.288078
0.735809
0.425129
0.727338
0.43487
0.305811
0.161943
0.316134
0.159469
0.465039
0.113246
0.457303
0.136679
0.831336
0.503325
0.795781
0.0799606
0.804099
0.0774619
0.229752
0.476991
0.219161
0.47743
0.403008
0.207776
0.408906
0.198974
0.278185
0.0705836
0.267723
0.0786609
0.727392
0.16106
0.730146
0.169393
0.763889
0.428851
0.764465
0.420601
0.0225139
0.353164
0.00533834
0.349029
0.494988
0.430693
0.500887
0.412321
0.562404
0.452785
0.570881
0.446463
0.877856
0.333943
0.887009
0.326003
0.884272
0.31675
0.875272
0.311202
0.866337
0.295961
0.866844
0.286953
0.819989
0.319006
0.808635
0.32375
0.77587
0.210734
0.767465
0.20433
0.786163
0.224794
0.781462
0.234257
0.714608
0.0242303
0.713399
0.00534963
1.00377
0.179935
0.99545
0.165468
0.993231
0.173669
0.998356
0.20647
0.969464
0.210678
0.640606
0.284265
0.651369
0.270401
0.0899969
0.289762
0.0986982
0.286172
0.706627
0.3621
0.701212
0.354462
0.223699
0.204596
0.241298
0.193858
0.0432026
0.198285
0.0256733
0.215775
0.507155
0.159794
0.499083
0.153086
0.505851
0.378245
0.496897
0.37152
0.418694
0.0250218
0.427146
0.0276746
0.488301
0.353155
0.497599
0.331814
0.513511
0.32829
0.522728
0.323155
0.324872
0.301493
0.314467
0.299749
0.185893
0.261161
0.19009
0.251866
0.150461
0.305963
0.144993
0.314974
0.130412
0.308576
0.133344
0.316519
0.579544
0.417329
0.570028
0.418346
0.61239
0.380921
0.622834
0.382248
0.585555
0.370174
0.594267
0.376086
0.57877
0.384538
0.5714
0.390389
0.82775
0.28317
0.824955
0.293319
0.247271
0.339313
0.250338
0.349381
0.219784
0.327816
0.230269
0.326907
0.642914
0.447439
0.639678
0.457453
0.255317
0.0120116
0.259955
0.0230089
0.781052
0.487689
0.794017
0.500335
0.0826792
0.28085
0.0847769
0.270552
0.0651935
0.28108
0.0751119
0.284557
0.0959114
0.309046
0.0880183
0.302106
0.753632
0.333795
0.764044
0.335225
0.451066
0.376852
0.440705
0.387226
0.790803
0.030962
0.801135
0.0290861
0.80617
0.0219395
0.807249
0.0052504
0.631667
0.188857
0.639753
0.183372
0.0295248
0.205895
0.0386747
0.20717
0.363511
0.412375
0.359768
0.402588
0.38494
0.435795
0.378443
0.428234
0.398746
0.426046
0.394893
0.43524
0.910273
0.167156
0.908867
0.157133
0.943693
0.106067
0.951846
0.111201
0.444053
0.0920974
0.435255
0.0977696
0.34283
0.0809757
0.338174
0.05734
0.256025
0.458657
0.249113
0.466694
0.533833
0.395154
0.524977
0.396739
0.525773
0.420918
0.507451
0.405846
0.49385
0.395898
0.504303
0.395579
0.701696
0.324068
0.698565
0.334462
0.562558
0.132277
0.567927
0.124924
0.759631
0.0245281
0.753185
0.0299536
0.0467555
0.237814
0.0561087
0.233166
0.178951
0.407445
0.196624
0.393029
0.29535
0.260747
0.284424
0.26314
0.504676
0.0814539
0.53187
0.0852265
0.966726
0.420435
0.968429
0.410568
0.0139575
0.140716
0.00825289
0.148705
0.358547
0.0106094
0.351596
0.00415619
0.0120441
0.299284
0.00557075
0.3061
0.801046
0.0114387
0.790173
0.0110554
0.887587
0.0124816
0.880358
0.00535689
0.864583
0.00523862
0.854167
0.00523862
0.848958
0.0209847
0.838542
0.0209847
0.833333
0.00523862
0.822917
0.00523862
0.0117039
0.448754
0.00615934
0.459321
0.239583
0.00538669
0.229167
0.00538669
0.958333
0.00572399
0.948048
0.0108363
0.614583
0.0059006
0.604167
0.0059006
0.0117832
0.426488
0.00554457
0.432141
0.27092
0.00595154
0.260503
0.00595154
0.0114754
0.333404
0.00533834
0.338612
0.0527097
0.012525
0.0416667
0.00666765
0.775544
0.023432
0.760417
0.00618834
0.00648121
0.197917
0.00648121
0.208333
0.0120554
0.35679
0.00671703
0.367136
0.00623866
0.385417
0.00623866
0.395833
0.981987
0.0136828
0.974948
0.00613251
0.70819
0.0124263
0.697917
0.00707664
0.326764
0.0103006
0.319146
0.00551256
0.739583
0.00531769
0.729167
0.00531769
0.552083
0.00729291
0.541667
0.00729291
0.134968
0.013158
0.12976
0.00583301
0.931238
0.0257983
0.904794
0.0121744
0.166612
0.0126695
0.161404
0.00547536
0.00666765
0.0416667
0.00508934
0.0673516
0.00907922
0.0751641
0.00398988
0.0859375
0.492373
0.0235977
0.476562
0.0044945
0.672939
0.0118225
0.664391
0.00642641
0.452724
0.0125169
0.445527
0.00464811
0.336145
0.270114
0.32606
0.268901
1.00669
0.235307
1.00678
0.225376
0.18133
0.374336
0.178185
0.38513
0.560143
0.352236
0.566853
0.359976
0.00950801
0.5
0.0189422
0.500835
0.474004
0.228659
0.481308
0.236053
0.468663
0.0243018
0.468135
0.0123633
0.484509
0.00906644
0.492321
0.00457194
0.130759
0.388017
0.133677
0.376775
0.13798
0.356854
0.145288
0.36423
0.277555
0.158346
0.279392
0.150221
0.917054
0.187242
0.907433
0.184327
0.722031
0.479052
0.711143
0.4823
0.413503
0.0982882
0.417203
0.108317
0.51946
0.08693
0.514557
0.0793083
0.0213356
0.187958
0.011232
0.190234
0.0907042
0.0127117
0.0847497
0.0230398
0.207975
0.114839
0.204867
0.124454
0.481457
0.142103
0.473135
0.138436
0.883629
0.0890736
0.879897
0.0967877
0.396827
0.369979
0.403608
0.377671
0.800882
0.478099
0.793819
0.470546
0.792723
0.491267
0.801879
0.486822
0.12514
0.232063
0.118686
0.238538
0.53721
0.156573
0.542483
0.14888
0.538358
0.240826
0.542873
0.232017
0.567959
0.273126
0.559161
0.273785
0.745086
0.198774
0.752959
0.196668
0.0728327
0.315837
0.0468182
0.309981
0.755106
0.47009
0.749957
0.47829
0.220115
0.459149
0.215185
0.46819
0.591538
0.341933
0.583305
0.334104
0.532221
0.27256
0.514974
0.296891
0.575527
0.187347
0.586
0.182336
0.9034
0.333655
0.899334
0.326634
0.475019
0.181825
0.470947
0.191014
0.398274
0.404607
0.401582
0.3949
0.432422
0.381594
0.418382
0.387524
0.351252
0.29358
0.343346
0.298378
0.36425
0.458614
0.355838
0.46446
0.543545
0.326135
0.550641
0.333522
0.559085
0.333891
0.562644
0.32417
0.32518
0.0710459
0.316374
0.0666002
0.147864
0.322869
0.157842
0.326264
0.0803528
0.100367
0.0767284
0.0921655
0.380738
0.21143
0.386485
0.202968
0.302145
0.233872
0.293784
0.227981
0.397283
0.502349
0.0248376
0.114652
0.0222136
0.124523
0.457846
0.127567
0.465601
0.123673
0.166229
0.126446
0.159071
0.136721
0.633168
0.433593
0.625177
0.427257
0.00508934
0.0569349
0.011757
0.0517266
0.275802
0.410363
0.266677
0.405824
0.296994
0.416068
0.303718
0.423726
0.305221
0.402197
0.297498
0.408846
0.0578484
0.225047
0.0512206
0.216975
0.287406
0.17278
0.295633
0.180557
0.889302
0.186566
0.868993
0.199307
0.318905
0.284676
0.31073
0.289234
0.74156
0.15094
0.732917
0.152463
1.00644
0.455621
0.95496
0.223817
0.963782
0.234302
0.441508
0.200034
0.431231
0.199283
0.194059
0.362153
0.204501
0.366321
0.127459
0.0531653
0.138211
0.0520308
0.234006
0.225461
0.243603
0.228734
0.249514
0.248225
0.244027
0.256752
0.85088
0.325842
0.84815
0.318538
0.838439
0.437287
0.844619
0.429258
0.234181
0.201947
0.238386
0.209253
0.970871
0.505315
0.94287
0.279354
0.943222
0.290469
0.659125
0.0452578
0.66927
0.0390797
0.527714
0.286597
0.525419
0.279007
0.54164
0.469098
0.54947
0.466266
0.592912
0.303538
0.586729
0.314492
0.974003
0.199572
0.982397
0.202446
0.500185
0.0203003
0.507522
0.0272562
0.79477
0.278699
0.786563
0.27534
0.91319
0.00504966
0.919442
0.0129376
0.608035
0.0981179
0.615491
0.0911461
0.236825
0.10092
0.235412
0.0925441
1.00375
0.109579
0.993764
0.125084
0.988552
0.11649
0.980139
0.112997
0.970765
0.116622
0.457467
0.175615
0.452683
0.167359
0.680834
0.167819
0.672969
0.161919
0.664127
0.165179
0.658412
0.173445
0.287629
0.321295
0.283721
0.328322
0.559507
0.256871
0.572896
0.264323
0.610574
0.412665
0.608594
0.422491
0.584328
0.480081
0.583905
0.490078
0.245714
0.0538702
0.245002
0.0439054
0.228928
0.0275457
0.238903
0.0280858
0.261752
0.0452958
0.255358
0.0385176
0.449274
0.34702
0.442357
0.339828
0.922371
0.229498
0.919385
0.22157
0.480393
0.272146
0.473619
0.267209
0.0136084
0.400819
0.0260857
0.400819
0.316856
0.412669
0.32532
0.41326
0.541115
0.402062
0.552557
0.398858
0.214686
0.312861
0.213892
0.322787
0.898293
0.125897
0.904547
0.118191
0.930565
0.12258
0.920205
0.115757
0.928231
0.130876
0.931541
0.140267
0.515713
0.26749
0.509295
0.262833
0.668266
0.0643433
0.658917
0.0670793
0.547602
0.44558
0.538256
0.44896
0.455632
0.393692
0.450028
0.401895
0.921457
0.030317
0.938438
0.0310623
0.173722
0.190696
0.164021
0.192834
0.587789
0.276634
0.581872
0.265454
0.498243
0.341206
0.489051
0.344379
0.835906
0.485329
0.82825
0.49501
0.0279831
0.461669
0.0285129
0.449961
0.0891323
0.0685648
0.0831041
0.0764263
0.0994275
0.470734
0.104042
0.462586
0.149075
0.0964393
0.139601
0.0737205
0.440687
0.419427
0.432174
0.431245
0.510021
0.175673
0.519873
0.174877
0.517747
0.0687362
0.511384
0.0599547
0.629852
0.499412
0.862134
0.215684
0.869564
0.214615
0.241576
0.51176
0.407769
0.016227
0.401737
0.0235805
0.966284
0.100012
0.961467
0.108385
0.336046
0.0832482
0.331874
0.092187
0.35489
0.0676486
0.359603
0.0749408
0.687191
0.362516
0.679085
0.355834
0.574755
0.248646
0.584554
0.24976
0.254224
0.10424
0.261373
0.112454
0.689686
0.412819
0.679744
0.424555
0.143232
0.39813
0.147668
0.40735
0.156059
0.405865
0.162972
0.398848
0.481678
0.112517
0.491411
0.108987
0.27234
0.204387
0.28161
0.208708
0.823837
0.380556
0.823498
0.390388
0.837622
0.409302
0.826013
0.412701
0.806854
0.415177
0.810836
0.406181
0.473437
0.164116
0.471407
0.15708
0.0339087
0.396305
0.0345889
0.386503
0.0481108
0.37158
0.0574755
0.368604
0.0385226
0.356675
0.0412216
0.366123
0.926842
0.490475
0.942626
0.489808
0.615336
0.265465
0.629687
0.267158
0.0840372
0.166997
0.0800989
0.158004
0.306207
0.32673
0.297222
0.320768
0.632198
0.358788
0.626152
0.364245
0.325481
0.474152
0.322973
0.464661
0.121319
0.293229
0.115048
0.287344
0.899713
0.431308
0.906899
0.425701
0.663877
0.0822671
0.65598
0.0764527
0.931781
0.466761
0.940503
0.464766
0.0578409
0.159408
0.0582793
0.150112
0.565777
0.465002
0.5739
0.46705
0.0713691
0.176338
0.0807973
0.173749
0.608871
0.0545979
0.58448
0.0545199
0.620798
0.215841
0.62092
0.206071
0.360899
0.111445
0.37
0.114996
0.899302
0.348302
0.912127
0.351984
0.0728991
0.506323
0.169819
0.453662
0.175596
0.446089
0.180463
0.300109
0.174257
0.292802
0.594363
0.0512964
0.592618
0.0425798
0.535649
0.376438
0.540894
0.384667
0.365149
0.274356
0.355409
0.27377
0.378755
0.261145
0.385627
0.254218
0.747185
0.494894
0.747713
0.502817
0.31023
0.218801
0.317461
0.213506
0.339491
0.194829
0.334247
0.203048
0.217925
0.247349
0.208239
0.247102
0.523426
0.127718
0.530894
0.121675
0.469063
0.413715
0.474864
0.406555
0.741692
0.114555
0.731167
0.101274
0.510829
0.499464
0.501291
0.492965
0.432572
0.487395
0.428658
0.478489
0.431652
0.459714
0.435038
0.450246
0.407444
0.466454
0.417084
0.46515
0.801262
0.361001
0.810839
0.362677
0.782027
0.346689
0.787678
0.3546
0.774474
0.360309
0.782884
0.363352
0.344642
0.0177231
0.343589
0.00894418
0.082268
0.237969
0.0743485
0.235035
0.574942
0.305278
0.5757
0.314933
0.551759
0.312667
0.544219
0.31878
0.554705
0.282255
0.556883
0.291713
0.366527
0.437581
0.366786
0.42841
0.34954
0.0891138
0.356443
0.0865566
0.5658
0.108297
0.563381
0.117681
0.317468
0.341039
0.314886
0.349931
0.868835
0.505007
0.872156
0.497877
0.396723
0.0431586
0.389679
0.0365123
0.377511
0.0197296
0.374139
0.0106513
0.366081
0.0326291
0.374662
0.0281397
0.398861
0.451496
0.401919
0.460984
0.543416
0.162594
0.535287
0.170783
0.6444
0.427008
0.647523
0.417852
0.826306
0.226132
0.820921
0.21711
0.624538
0.162444
0.616279
0.167363
0.109924
0.447455
0.116496
0.454509
0.123873
0.454211
0.130456
0.447167
0.135602
0.465644
0.137421
0.476966
0.902563
0.0644255
0.897185
0.0726582
0.140847
0.138504
0.134012
0.131847
0.783741
0.243248
0.792872
0.24628
0.800933
0.2415
0.806115
0.233393
0.928258
0.0130003
0.932423
0.00511235
0.644715
0.0626823
0.640849
0.0546336
0.545602
0.281555
0.538918
0.287961
0.984934
0.0371735
0.994549
0.0372548
0.968184
0.0611983
0.969413
0.0516616
0.409675
0.262648
0.402629
0.257226
0.444548
0.148423
0.444944
0.139754
0.604268
0.178632
0.601067
0.187697
0.0587875
0.310137
0.0617469
0.316963
0.677725
0.31686
0.66818
0.315759
0.512511
0.216018
0.509867
0.206512
0.83561
0.0486524
0.837786
0.0393013
0.791684
0.122741
0.774671
0.111279
0.340941
0.234822
0.345859
0.227047
0.119199
0.126785
0.109702
0.127708
0.610846
0.256126
0.602313
0.255762
0.711284
0.150464
0.704442
0.143749
0.203531
0.265282
0.208681
0.271718
0.223464
0.297112
0.216356
0.290681
0.228247
0.279711
0.220276
0.279508
0.203194
0.146134
0.194898
0.143126
0.306122
0.0462531
0.303437
0.034744
0.150224
0.179466
0.14285
0.185551
0.990028
0.196864
0.990332
0.187997
0.551568
0.0328052
0.552411
0.0417273
0.657535
0.195439
0.651782
0.18781
0.624451
0.019067
0.622428
0.0100586
0.179703
0.207006
0.186703
0.210101
0.845425
0.483174
0.854494
0.474791
0.0480778
0.104685
0.0566331
0.101828
0.599725
0.493443
0.139968
0.107667
0.136807
0.11667
0.432996
0.374357
0.442824
0.371306
0.0516105
0.418185
0.0442103
0.412632
0.0701614
0.395649
0.0775935
0.40078
0.00474956
0.275122
0.00969034
0.268422
0.0386259
0.25548
0.0346261
0.264132
0.829346
0.263887
0.847023
0.248508
0.0233989
0.0928784
0.0123185
0.0941202
0.0345964
0.0792314
0.0425762
0.0844397
0.395922
0.0858628
0.389716
0.0786631
0.40092
0.0679745
0.393737
0.0678914
0.368485
0.0746117
0.376401
0.0693514
0.788606
0.321258
0.783198
0.314331
0.457705
0.264086
0.448216
0.263708
0.884775
0.433577
0.87397
0.401179
0.307274
0.140649
0.312814
0.132951
0.469621
0.386129
0.477835
0.391717
0.926254
0.293523
0.935033
0.296808
0.0203216
0.484163
0.025854
0.478193
0.0415929
0.470917
0.0516352
0.467557
0.0679497
0.460453
0.0663736
0.469792
0.0347848
0.279641
0.0372228
0.270492
0.687545
0.451734
0.694185
0.456637
0.20002
0.0870733
0.206582
0.0947583
0.927683
0.410534
0.923513
0.394283
0.842347
0.257693
0.834225
0.255413
0.0893379
0.213138
0.0848391
0.205989
0.266054
0.444622
0.273071
0.440296
0.602251
0.477606
0.611466
0.475532
0.732396
0.121134
0.724015
0.117542
0.74685
0.10208
0.740474
0.105821
0.812056
0.21718
0.803468
0.226289
0.625505
0.467821
0.616068
0.467921
0.635906
0.23819
0.62444
0.26042
0.633817
0.306483
0.628597
0.312982
0.416481
0.508297
0.418171
0.496438
0.927925
0.212375
0.927646
0.201712
0.961868
0.208614
0.95407
0.213905
0.637971
0.263614
0.640979
0.254685
0.770336
0.0110554
0.775544
0.00486702
0.371939
0.241335
0.37332
0.232018
0.201713
0.16598
0.193081
0.162867
0.784799
0.113936
0.789469
0.107493
0.757412
0.0591993
0.750713
0.0648375
0.818353
0.104902
0.828723
0.0992387
0.0383555
0.499356
0.917819
0.474577
0.910496
0.468717
0.400176
0.166836
0.402394
0.158312
0.427979
0.1897
0.421298
0.184495
0.412433
0.146422
0.42022
0.144199
0.143444
0.165261
0.145939
0.154391
0.925297
0.308575
0.934318
0.305652
0.146195
0.0303323
0.148245
0.0394786
0.439162
0.429941
0.44453
0.43963
0.983638
0.146099
0.969868
0.144397
0.901573
0.0374636
0.898386
0.0303389
0.363679
0.496047
0.3728
0.498135
0.989533
0.497963
0.981532
0.49215
0.231957
0.413195
0.250733
0.404704
0.848098
0.20311
0.857174
0.196762
0.383128
0.270383
0.390927
0.26954
0.988624
0.160412
0.979286
0.16081
0.605767
0.501477
0.387326
0.309344
0.377167
0.308891
0.278819
0.22496
0.286031
0.2309
0.572517
0.344615
0.574861
0.355169
0.533494
0.304703
0.534817
0.313867
0.877577
0.413489
0.887021
0.389784
0.896824
0.413663
0.895575
0.39834
0.453198
0.186156
0.458805
0.19193
0.49523
0.0602547
0.503104
0.0647282
0.228685
0.0552793
0.223705
0.0606428
0.761643
0.487767
0.753709
0.488075
0.33194
0.331062
0.344239
0.335076
0.99702
0.256399
1.00454
0.260312
0.184994
0.470201
0.1974
0.470091
0.891792
0.404857
0.882738
0.404805
0.881227
0.420043
0.876681
0.427442
0.861805
0.415885
0.854711
0.410144
0.427722
0.298232
0.431929
0.29016
0.543433
0.195878
0.536644
0.186484
0.638599
0.0900914
0.647553
0.0893462
0.190723
0.500255
0.205771
0.497144
0.780961
0.0818443
0.786767
0.0745921
0.632936
0.488913
0.626775
0.484142
0.272633
0.461633
0.265131
0.456738
1.01116
0.0522537
0.856132
0.180101
0.85127
0.187997
0.830726
0.19443
0.822162
0.190873
0.0653751
0.172058
0.0564865
0.17467
0.460975
0.032025
0.461397
0.0405164
0.670207
0.14532
0.658914
0.147982
0.301695
0.365695
0.293182
0.369338
0.162401
0.46743
0.159816
0.458544
0.0666589
0.430728
0.0682515
0.439841
0.863355
0.234833
0.858194
0.22722
0.14398
0.0828375
0.141223
0.0899412
0.272362
0.378398
0.280513
0.382739
0.180332
0.0267917
0.184319
0.0347279
0.905826
0.455794
0.896564
0.457252
0.314753
0.204972
0.307138
0.198884
0.149346
0.286172
0.146207
0.277124
0.168143
0.263044
0.177262
0.264376
0.141023
0.259027
0.150061
0.260828
0.51758
0.406598
0.517968
0.415234
0.478126
0.436587
0.470979
0.43077
0.452359
0.409048
0.460376
0.413593
0.654146
0.0973996
0.648664
0.104793
0.949462
0.3354
0.947878
0.346756
0.354466
0.241336
0.346421
0.244394
0.466462
0.330662
0.473526
0.337537
0.294802
0.492531
0.298823
0.484259
0.973155
0.447142
0.967299
0.440834
0.242905
0.411429
0.245994
0.417801
0.419141
0.315765
0.411849
0.321212
0.34241
0.452809
0.334125
0.456767
0.316086
0.438965
0.321768
0.446177
0.308303
0.466881
0.31409
0.459753
0.876486
0.0486384
0.872386
0.0616123
0.478458
0.443441
0.484892
0.450824
1.00251
0.411335
0.997308
0.42045
0.91183
0.0509262
0.913045
0.0597079
0.0818733
0.131568
0.0711374
0.140213
0.910959
0.402738
0.905214
0.398056
0.43397
0.177306
0.43718
0.185886
0.611615
0.352564
0.617243
0.35979
0.212443
0.384894
0.207914
0.392848
0.191858
0.401355
0.182801
0.400027
0.210898
0.414549
0.203874
0.408679
0.057375
0.0732727
0.0606242
0.0647152
0.0960916
0.136846
0.0891978
0.143836
0.11625
0.18922
0.12483
0.187745
0.0998659
0.012335
0.104114
0.00490118
0.708023
0.376956
0.701549
0.372376
0.106242
0.25251
0.0990619
0.258169
0.12015
0.24719
0.126773
0.253492
0.707764
0.409311
0.702042
0.419837
0.953823
0.245355
0.961395
0.24518
0.561526
0.147487
0.552924
0.145172
0.476477
0.0577567
0.467965
0.0546651
0.969696
0.280311
0.97539
0.273184
0.978327
0.251121
0.983331
0.258748
0.757778
0.11675
0.750064
0.121612
0.905574
0.44593
0.899213
0.441717
0.402052
0.29704
0.409212
0.291405
0.465124
0.205602
0.464652
0.21424
0.85177
0.467307
0.841619
0.460025
0.273771
0.142334
0.265713
0.140224
0.440018
0.308788
0.440183
0.319679
0.522551
0.185608
0.529901
0.191592
0.432228
0.398621
0.428559
0.406416
0.624342
0.249198
0.632597
0.247008
0.931809
0.180988
0.938438
0.174758
0.939963
0.154541
0.949404
0.158192
0.965857
0.165807
0.958155
0.170649
0.0220191
0.255072
0.0245249
0.263327
0.917943
0.0945576
0.926875
0.0962127
0.920623
0.108484
0.928744
0.10508
0.932379
0.091439
0.932661
0.0823588
0.247648
0.211855
0.25374
0.207904
0.957652
0.500238
0.730248
0.354386
0.73441
0.344735
0.684539
0.244776
0.691157
0.238933
0.412791
0.491677
0.403469
0.492863
0.0848072
0.189706
0.0876974
0.181769
0.0997736
0.196335
0.0911753
0.197698
0.360462
0.336886
0.369407
0.335396
0.398027
0.332434
0.390438
0.337395
0.383375
0.357114
0.380079
0.348667
0.994145
0.215033
0.996283
0.223697
0.0973637
0.24123
0.0961634
0.230692
0.147172
0.502362
0.140189
0.496599
0.87386
0.191534
0.88181
0.192815
0.59253
0.426196
0.590097
0.436487
1.0012
0.426629
0.193777
0.205162
0.197919
0.19713
0.407008
0.00836468
0.41482
0.00414466
0.329248
0.42853
0.331069
0.42169
0.860122
0.272841
0.853313
0.266921
0.874523
0.267371
0.881538
0.261697
0.655153
0.0295209
0.646426
0.037514
0.206383
0.0243966
0.213878
0.0275723
0.219782
0.492952
0.228226
0.499205
0.199046
0.483834
0.204574
0.478996
0.8798
0.462736
0.873713
0.467667
0.975432
0.393692
0.973883
0.385743
0.650036
0.307446
0.642723
0.303444
0.177147
0.0686319
0.184565
0.0737468
0.156416
0.0522122
0.163297
0.0580297
0.115699
0.262565
0.123294
0.262716
