1.09223
0.503735
1.04516
0.509052
0.995859
0.305154
1.05076
0.436575
0.998622
0.393137
1.01139
0.407306
0.996326
0.491531
1.22784
0.147169
1.0337
0.444147
1.0532
0.409082
1.00583
0.438625
1.14479
0.399789
1.06668
0.389858
1.08242
0.401353
0.997492
0.434872
1.11793
0.382211
1.06729
0.445474
1.03605
0.505348
1.27322
0.282584
1.07096
0.437489
1.09325
0.482213
1.0943
0.490502
1.11187
0.483911
1.09745
0.455639
1.08615
0.385344
1.08884
0.412386
1.61324
0.177159
1.72457
0.502329
1.70285
0.036952
1.4242
0.310504
1.47608
0.279024
1.84682
0.24624
1.3589
0.172573
1.76309
0.487464
1.8709
0.501058
0.989346
0.345158
1.40262
0.161896
1.79078
0.205229
1.32035
0.400741
1.46908
0.395683
1.67479
0.306122
1.2266
0.486337
1.13274
0.43031
1.73063
0.472494
1.4493
0.063316
1.55515
0.341424
1.44672
0.444065
1.48931
0.460721
1.39914
0.078455
1.88109
0.262252
1.68329
0.224069
1.44369
0.159624
1.08951
0.0227621
1.93035
0.138313
1.74188
0.160807
1.92191
0.0506827
1.12111
0.246252
1.02065
0.390973
1.41994
0.377743
1.41109
0.463571
1.84479
0.303884
1.74472
0.323914
1.29328
0.0964513
1.14221
0.147916
1.04475
0.163082
1.28249
0.387814
1.15527
0.269696
1.23352
0.231427
1.03368
0.487559
1.19092
0.135327
1.10744
0.0808732
1.34815
0.463896
1.45697
0.438341
1.82115
0.470696
1.7782
0.430945
1.64992
0.149373
1.77284
0.194885
1.91219
0.0888738
1.59637
0.12864
1.51108
0.35539
1.60292
0.224717
1.68199
0.175045
1.62848
0.271184
1.87007
0.43037
1.89057
0.474199
1.94422
0.110506
1.91904
0.0832124
1.27056
0.121278
1.25499
0.101926
1.62075
0.239347
1.67951
0.293106
1.50313
0.287414
1.45713
0.238462
1.50173
0.446185
1.57441
0.448588
1.50222
0.483642
1.72604
0.358026
1.66677
0.342123
1.9242
0.309201
1.34068
0.314705
1.35195
0.164997
1.34449
0.0893104
1.38642
0.0601554
1.14825
0.457648
1.12674
0.366525
1.32853
0.218221
1.31508
0.171168
1.29465
0.312412
1.33717
0.272876
1.42008
0.0683507
1.39654
0.0966811
1.59314
0.415623
1.63813
0.42436
1.38048
0.29213
1.46706
0.353128
1.21598
0.238075
1.1678
0.16079
1.28239
0.25056
1.27851
0.211173
1.27467
0.434962
1.0144
0.12398
0.998581
0.0713299
1.13681
0.245684
1.00886
0.165053
1.63791
0.0976688
1.60237
0.172965
1.91582
0.198278
1.32586
0.429476
1.40578
0.339713
1.04484
0.079956
1.00415
0.0790072
1.63521
0.121892
1.68217
0.184251
1.31806
0.237817
1.3419
0.333934
1.02126
0.316788
1.74765
0.334948
1.86043
0.332437
1.53625
0.162842
1.49905
0.246779
1.93217
0.474658
1.9415
0.465902
1.79077
0.496511
1.78432
0.502277
1.79141
0.485375
1.63318
0.031301
1.59087
0.104885
1.28381
0.308
1.15315
0.359743
1.96112
0.0537649
1.93547
0.124993
1.07296
0.323467
1.06771
0.301763
0.99204
0.274993
1.05722
0.284396
1.25952
0.465772
1.26369
0.395934
1.35025
0.453562
1.28014
0.465698
1.19871
0.130398
1.80406
0.447198
1.81002
0.470043
1.8553
0.321853
1.81445
0.326647
1.55358
0.0820805
1.30993
0.0787044
1.24141
0.00521617
1.17551
0.0364987
1.08891
0.00561809
1.79244
0.067383
1.95587
0.242893
1.92271
0.319754
1.96023
0.26504
1.9543
0.466967
1.94059
0.352492
1.95521
0.512843
1.67583
0.338945
1.63621
0.279832
1.25509
0.291855
1.28372
0.278073
1.53527
0.320503
1.5416
0.247785
1.13896
0.479829
1.16175
0.460436
1.09598
0.101867
1.16777
0.0656275
1.44834
0.0313769
1.54044
0.141016
1.92225
0.398416
1.90712
0.40547
1.77352
0.30965
1.84337
0.271285
1.52345
0.131784
1.46567
0.116171
1.56078
0.316784
1.62372
0.472972
1.1881
0.0640944
1.09597
0.0897455
1.56751
0.41521
1.4966
0.496455
1.76576
0.317138
1.71453
0.285447
1.76099
0.0481371
1.71107
0.119719
1.82319
0.136054
1.86042
0.186833
1.81135
0.20861
1.83852
0.204066
1.51747
0.183492
1.40731
0.320573
1.60749
0.494009
1.56903
0.495244
1.54
0.509754
1.65285
0.49617
1.71727
0.465481
1.71292
0.226062
1.65987
0.241322
1.12831
0.311093
1.16299
0.380638
1.24702
0.514684
1.25383
0.499655
1.36641
0.146924
1.41256
0.172755
1.22566
0.0346069
1.22517
0.0587533
1.23619
0.0899385
1.90048
0.247563
1.90147
0.268302
1.08841
0.264131
1.08052
0.209279
1.25558
0.132781
1.28759
0.218027
1.17165
0.269055
1.22054
0.229763
1.17931
0.207583
1.15439
0.24472
1.49972
0.0951878
1.54139
0.0467662
1.85995
0.454589
1.909
0.474111
1.05312
0.376407
1.05228
0.35234
1.77002
0.110846
1.7938
0.0844298
1.60158
0.103661
1.6275
0.0709824
1.82717
0.15606
1.9
0.175548
1.92709
0.325752
1.6919
0.257238
1.68163
0.251376
1.05583
0.422518
1.05431
0.449972
1.76098
0.238151
1.73683
0.232591
1.38428
0.371853
1.42951
0.407066
1.76346
0.377049
1.75368
0.409812
1.93381
0.150146
1.93726
0.133395
1.87121
0.0195333
1.89464
0.0521749
1.76416
0.0917026
1.75949
0.0358807
1.39054
0.380542
1.25689
0.326718
1.85668
0.348618
1.78762
0.319476
1.33136
0.0225009
1.03406
0.276426
1.04847
0.206549
1.80247
0.36399
1.8541
0.338223
1.17421
0.39621
1.22451
0.376918
1.69796
0.366541
1.71295
0.439254
1.54147
0.378394
1.60165
0.310332
1.5489
0.268127
1.60645
0.286654
1.55229
0.167661
1.66001
0.178052
1.3658
0.403943
1.32506
0.418932
1.40881
0.182979
1.39906
0.286367
1.35977
0.469791
1.10765
0.165447
1.09624
0.162362
1.05389
0.16995
1.82101
0.448195
1.61225
0.236814
1.53255
0.302385
1.6582
0.0751942
1.69871
0.109707
1.88495
0.185728
1.88931
0.176315
1.47364
0.248828
1.50202
0.313206
1.48972
0.364282
1.47735
0.423986
1.4186
0.261471
1.42478
0.278322
1.21137
0.477354
1.20773
0.450505
1.47159
0.139568
1.36242
0.107565
1.19359
0.143651
1.08308
0.114595
1.66847
0.500449
1.66066
0.505444
1.56818
0.457915
1.61557
0.44849
1.90881
0.300858
1.89447
0.259999
1.93869
0.448094
1.9612
0.441559
1.91758
0.389293
1.89126
0.420951
1.34827
0.0273314
1.32991
0.154144
1.27913
0.109085
1.51195
0.420224
1.54761
0.409129
1.7705
0.0628757
1.79687
0.0241594
1.60857
0.483851
1.72406
0.107544
1.70763
0.149241
1.23237
0.0261907
1.19639
0.0908014
1.988
0.346354
1.90454
0.349411
1.88914
0.372532
1.45359
0.487739
1.7929
0.395577
1.77361
0.413996
1.70861
0.0742961
1.58132
0.299078
1.59706
0.272227
1.3475
0.0990872
1.32117
0.0616484
1.10044
0.429414
1.08164
0.421136
1.18155
0.427005
1.18472
0.443602
1.66943
0.191458
1.6356
0.189944
1.92073
0.282875
1.94422
0.322587
1.41395
0.144097
1.4038
0.149398
1.41065
0.130919
1.45215
0.152207
1.3062
0.155725
1.32321
0.171503
1.94763
0.061553
1.94866
0.0317524
1.02307
0.372566
1.03486
0.38423
1.09147
0.332906
1.09893
0.354389
1.33233
0.319039
1.3043
0.377528
1.66906
0.360747
1.69185
0.274837
1.45486
0.218096
1.42462
0.218311
1.41619
0.215676
1.4395
0.255201
1.37019
0.464458
1.31241
0.494043
1.85494
0.369024
1.79562
0.349425
1.547
0.293883
1.53908
0.31267
1.22219
0.392715
1.24747
0.349396
1.40537
0.475851
1.41273
0.441771
1.71877
0.494583
1.64846
0.461273
1.68686
0.419641
1.45663
0.350032
1.44287
0.377677
1.12869
0.475423
1.12288
0.441863
1.53852
0.0907393
1.49815
0.115918
1.31982
0.331689
1.35718
0.321329
1.04473
0.154074
1.06252
0.144898
1.23514
0.492001
1.24579
0.503434
1.14855
0.117063
1.16545
0.0971664
1.74418
0.0779569
1.7213
0.0818118
1.70309
0.255664
1.75261
0.295199
1.08648
0.0839948
1.7073
0.395823
1.70289
0.425439
1.18038
0.418697
1.24569
0.453577
1.47718
0.0360826
1.4651
0.292708
1.50783
0.342333
1.79503
0.04804
1.81409
0.0333986
1.61847
0.0833277
1.6584
0.130605
1.89502
0.0416453
1.80759
0.174872
1.84372
0.156213
1.38045
0.22329
1.32593
0.258367
1.84988
0.147862
1.80335
0.126866
1.92038
0.163266
1.97082
0.138971
1.94946
0.13514
1.94849
0.160074
1.12025
0.189445
1.10185
0.186066
1.97768
0.507475
1.06898
0.49023
1.08705
0.494236
1.56144
0.06685
1.59441
0.0551104
1.21449
0.220276
1.14545
0.240678
1.22243
0.193199
1.23031
0.187804
1.26718
0.194228
1.24185
0.191221
1.64914
0.0235917
1.65956
0.023963
1.22159
0.246398
1.25917
0.258613
1.72982
0.0647899
1.71494
0.0990597
1.23261
0.28546
1.20165
0.311917
1.69402
0.495912
1.70025
0.507533
1.00573
0.386692
1.00585
0.375838
1.63679
0.218134
1.66672
0.219611
1.37432
0.158188
1.3827
0.155327
1.58044
0.0349519
1.57302
0.0256367
1.59195
0.0333109
1.60759
0.0208619
1.49303
0.43104
1.4695
0.419009
1.73521
0.307925
1.80433
0.251856
1.60777
0.31682
1.61416
0.337344
1.05229
0.145402
1.0628
0.191287
1.55231
0.359061
1.54773
0.399075
1.02725
0.0304842
1.29003
0.419672
1.29341
0.379099
1.41914
0.42845
1.39092
0.414053
1.35807
0.396695
1.36338
0.446434
1.04024
0.10521
1.01706
0.134538
1.04199
0.03206
1.03635
0.00516007
1.06785
0.0952953
1.02986
0.0686251
1.65714
0.119596
1.63859
0.165364
1.72485
0.183673
1.75483
0.211104
1.59185
0.364284
1.63973
0.393196
1.82478
0.0340584
1.81411
0.0757331
1.91433
0.121194
1.9031
0.083722
1.31119
0.0541622
1.30687
0.0363694
1.33971
0.0305466
1.3804
0.0877573
1.92399
0.490252
1.94279
0.487949
1.48681
0.036853
1.4577
0.0289559
1.62665
0.498475
1.22838
0.416615
1.20325
0.439276
1.38739
0.285663
1.3759
0.330817
1.63439
0.375563
1.66387
0.369813
1.72606
0.0256027
1.6982
0.0506815
1.02218
0.276959
1.04626
0.329649
1.36261
0.257762
1.34444
0.244183
1.76551
0.389544
1.75353
0.397553
1.52896
0.124433
1.53823
0.120529
1.96926
0.0224535
1.97271
0.00479233
1.96162
0.0790415
1.95535
0.0616822
1.50684
0.180999
1.60029
0.162292
1.49734
0.123504
1.49047
0.197348
1.46173
0.199949
1.4507
0.209743
1.09755
0.381128
1.14061
0.348596
1.97703
0.164712
1.04126
0.431824
1.02459
0.443417
1.94258
0.171038
1.91989
0.205388
1.51629
0.0606146
1.52405
0.052066
1.59827
0.496851
1.45999
0.159403
1.47344
0.150597
1.67076
0.0359376
1.20808
0.277433
1.19672
0.293172
1.13359
0.32899
1.10624
0.317231
1.90157
0.400163
1.90734
0.452003
1.8603
0.471917
1.85458
0.448576
1.82743
0.413639
1.8432
0.448172
1.27576
0.232486
1.29575
0.210388
1.12757
0.32158
1.12755
0.337435
1.30528
0.325858
1.36986
0.320482
1.7836
0.46911
1.80489
0.464023
1.83598
0.279036
1.85726
0.281815
1.5677
0.236306
1.57145
0.211988
1.35521
0.477919
1.30101
0.504468
1.0996
0.412054
1.07171
0.421241
1.2222
0.323295
1.18402
0.317548
1.46333
0.00541329
1.49036
0.0448419
1.99405
0.304184
1.97418
0.296109
1.10571
0.49335
1.12828
0.491372
1.64225
0.0330892
1.59729
0.0440636
1.07119
0.23087
1.06433
0.221037
1.03958
0.268737
1.03629
0.236473
1.1154
0.230219
1.08309
0.282418
1.47869
0.372353
1.43637
0.435628
1.58425
0.12313
1.57423
0.161847
1.78523
0.371772
1.83432
0.381738
1.12898
0.204783
1.15574
0.218936
1.26606
0.16597
1.28161
0.176405
1.93359
0.484077
1.5289
0.0764561
1.53424
0.0546708
1.4009
0.383842
1.4082
0.376098
1.41164
0.486016
1.3547
0.511645
1.47475
0.23707
1.50244
0.224814
1.8123
0.0542655
1.82402
0.107618
1.37492
0.178089
1.32799
0.181589
1.85309
0.0795834
1.9
0.0736509
1.63888
0.0679976
1.6674
0.114527
1.52669
0.206459
1.52815
0.197156
1.35855
0.0976447
1.30655
0.0919371
1.20916
0.32242
1.18338
0.376568
1.46868
0.509092
1.90522
0.333675
1.86319
0.316009
1.86369
0.353489
1.87907
0.370974
1.27027
0.0273275
1.33009
0.0587914
1.29197
0.0251595
1.24058
0.0285529
1.26292
0.10713
1.20262
0.0973083
1.9721
0.394587
1.95891
0.414654
1.82119
0.418757
1.84381
0.396005
1.76897
0.450389
1.72921
0.464055
1.41747
0.355056
1.3889
0.342214
1.95278
0.286601
1.94391
0.275206
1.26917
0.328819
1.23297
0.295754
1.3404
0.234777
1.28738
0.228311
1.77877
0.0122142
1.74219
0.00420084
1.01017
0.19724
1.50927
0.232236
1.53846
0.239869
1.87383
0.11274
1.88083
0.135493
1.72347
0.325923
1.68155
0.360272
1.08517
0.0301413
1.0739
0.0320319
1.29507
0.0352891
1.9588
0.477215
1.97753
0.416241
1.39477
0.0436784
1.37423
0.0122069
1.9519
0.102524
1.98612
0.0640032
1.99426
0.179688
1.1846
0.0294109
1.11719
0.00424412
1.23006
0.0174288
1.18822
0.0122438
1.99338
0.335938
1.89829
0.00495272
1.86209
0.111203
1.84471
0.0860482
1.87331
0.129137
1.88635
0.0886492
1.18749
0.505527
1.22579
0.505015
1.1786
0.473922
1.59959
0.369006
1.57186
0.387845
1.58852
0.199224
1.61182
0.225592
1.28749
0.123242
1.27884
0.118737
1.14237
0.359245
1.10693
0.360857
1.7334
0.318751
1.73205
0.286244
1.48265
0.0535409
1.45837
0.107003
1.83527
0.152303
1.83414
0.139581
1.87242
0.208529
1.84088
0.262489
1.11904
0.100781
1.12315
0.14217
1.14975
0.167664
1.12901
0.173046
1.21606
0.0854899
1.21244
0.0963679
1.01635
0.269502
1.60705
0.193286
1.63495
0.210161
1.30036
0.449807
1.27889
0.418212
1.93896
0.203263
1.95014
0.250556
1.90371
0.366364
1.90782
0.385098
1.94787
0.367121
1.94983
0.357843
1.98957
0.411454
1.93599
0.41626
1.4448
0.509213
1.67923
0.384343
1.65244
0.371207
1.10639
0.0704685
1.14012
0.0484923
1.57547
0.466498
1.55543
0.442955
1.59101
0.35516
1.60564
0.335534
1.52575
0.318436
1.55319
0.323304
1.81962
0.354363
1.80615
0.356139
1.77347
0.101024
1.75758
0.147084
1.74723
0.176573
1.75059
0.169112
1.57093
0.438861
1.58737
0.43595
1.87556
0.22054
1.87878
0.239932
1.82591
0.277386
1.82762
0.202272
1.84416
0.193495
1.8226
0.209813
1.71638
0.361027
1.7402
0.414124
1.12498
0.0396613
1.12608
0.0561617
1.35092
0.22721
1.3471
0.218307
1.1657
0.153944
1.19054
0.116649
1.35179
0.494578
1.37855
0.466748
1.02989
0.139255
1.04696
0.135479
1.71805
0.242655
1.79625
0.255748
1.78657
0.270442
1.77663
0.252091
1.01136
0.319675
1.06402
0.359465
1.64363
0.280644
1.67643
0.271007
1.52775
0.415156
1.5194
0.385647
1.54323
0.443558
1.51203
0.483161
1.51961
0.489318
1.04441
0.465465
1.46779
0.159134
1.48166
0.168004
1.08156
0.452554
1.08558
0.459876
1.63139
0.452968
1.63928
0.46344
1.74693
0.0305429
1.71868
0.0464688
1.57545
0.129735
1.61765
0.15851
1.55032
0.198224
1.56772
0.16836
1.21415
0.252263
1.18435
0.250193
0.996806
0.243648
1.0072
0.207172
1.26501
0.147899
1.25012
0.126379
1.10888
0.203366
1.12859
0.241873
1.50534
0.253509
1.50719
0.278952
1.4759
0.300773
1.4472
0.284889
1.12801
0.109688
1.19312
0.0821336
1.69933
0.161531
1.70918
0.130183
1.30222
0.470973
1.30376
0.496021
1.24203
0.47499
1.23648
0.499444
1.00243
0.0626264
1.03658
0.0249491
1.71319
0.371557
1.7406
0.390932
1.14506
0.233524
1.09311
0.281068
0.985326
0.071831
1.6718
0.227297
1.6672
0.201647
1.8087
0.399276
1.80746
0.374163
1.60809
0.154724
1.62697
0.141515
1.46228
0.0225835
1.27322
0.243623
1.32299
0.294398
1.01061
0.476675
1.03681
0.478237
1.19487
0.389126
1.20798
0.368008
1.54259
0.468624
1.57873
0.497216
1.03821
0.30192
1.04752
0.28798
1.45863
0.425604
1.41222
0.430705
1.80866
0.0934476
1.7922
0.0994678
1.90752
0.104289
1.87797
0.120463
1.68438
0.493637
1.71176
0.496004
1.91675
0.458892
1.93688
0.457446
1.64726
0.401472
1.6717
0.443818
1.66867
0.237469
1.63183
0.249788
1.64467
0.313542
1.62038
0.299087
1.49282
0.141157
1.49202
0.10861
1.30976
0.46531
1.32299
0.482531
1.59878
0.477061
1.61983
0.481336
1.43818
0.409622
1.46314
0.402829
0.99954
0.0487631
1.0206
0.0691621
1.14954
0.0797973
1.15653
0.068821
1.00603
0.328171
1.00556
0.308663
1.67926
0.0838039
1.61951
0.0638596
1.60143
0.446206
1.60527
0.452573
1.8899
0.0710768
1.87626
0.0451788
1.38932
0.20373
1.39088
0.213391
1.72077
0.37772
1.72045
0.343424
1.25248
0.182936
1.25079
0.174731
1.12661
0.449946
1.16421
0.4197
1.69498
0.197592
1.70347
0.226033
1.7189
0.210149
1.72996
0.215565
1.43256
0.180093
1.43435
0.198492
1.46684
0.502016
1.48251
0.448883
1.47366
0.483762
1.43016
0.470762
1.9234
0.383153
1.95257
0.372081
1.53682
0.265901
1.52345
0.256829
1.12111
0.460114
1.12794
0.466331
1.38825
0.0329893
1.36947
0.0474726
1.50632
0.172817
1.48887
0.173546
1.33771
0.508987
1.13604
0.103789
1.1041
0.088822
1.9536
0.226154
1.98575
0.215416
1.94167
0.235509
1.92307
0.219387
1.16329
0.0229266
1.13126
0.0325623
1.23912
0.126261
1.23585
0.116564
1.24313
0.168865
1.21353
0.159807
1.02221
0.48865
1.53236
0.221925
1.5515
0.207265
1.71718
0.199441
1.75972
0.169941
1.53631
0.0047181
1.19065
0.367461
1.20542
0.351638
1.11113
0.44116
1.10991
0.432705
1.31573
0.355672
1.26228
0.362285
1.17312
0.415841
1.13627
0.390744
1.87993
0.31672
1.874
0.296689
1.1474
0.276181
1.11833
0.304795
1.06022
0.202997
1.03024
0.19051
1.00162
0.18767
1.35657
0.502197
1.33961
0.485499
1.1821
0.0947442
1.15351
0.0886753
1.2425
0.277544
1.24333
0.29855
1.38663
0.051286
1.38882
0.0811227
1.85267
0.273371
1.89426
0.279307
1.07385
0.273764
1.07465
0.309145
1.82021
0.228223
1.8072
0.241644
1.69715
0.0273632
1.67401
0.322335
1.68041
0.312877
1.77007
0.498997
1.77323
0.42465
1.78928
0.428351
1.73672
0.445025
1.73892
0.456623
1.01221
0.301781
1.35589
0.150545
1.39095
0.165472
1.19496
0.16464
1.19354
0.193044
1.20364
0.234642
1.1757
0.2267
1.96341
0.0684268
1.9298
0.0866105
1.9397
0.0694663
1.90502
0.0398787
1.97168
0.0997111
1.99225
0.115713
1.7968
0.174595
1.78817
0.163911
1.62842
0.392905
1.62464
0.380827
1.77871
0.227294
1.80104
0.235118
1.89017
0.48516
1.87815
0.473746
1.35387
0.428815
1.3638
0.435839
1.04654
0.476594
1.04803
0.445135
0.989292
0.436749
1.18673
0.387907
1.18361
0.398319
1.7662
0.226013
1.7634
0.212965
1.36941
0.127317
1.39311
0.11775
1.32339
0.116033
1.35835
0.121473
1.53702
0.108518
1.56034
0.0906447
1.85341
0.238709
1.81373
0.255934
1.33113
0.328239
1.29559
0.321337
1.42852
0.299819
1.39119
0.311136
1.45349
0.360616
1.49728
0.341224
1.34088
0.361628
1.32044
0.369712
1.27282
0.338401
1.2851
0.341046
1.42754
0.388355
1.40666
0.421685
1.25358
0.425433
1.21354
0.468977
1.79592
0.320299
1.82434
0.331181
1.03262
0.166273
1.01279
0.0332025
1.91144
0.289254
1.93794
0.282102
1.98142
0.292304
1.58985
0.081153
1.57192
0.0632282
1.91419
0.144723
1.90526
0.147659
1.68262
0.0638928
1.68899
0.0524843
1.54713
0.149237
1.5578
0.144558
1.89549
0.201643
1.90655
0.215152
1.94378
0.0254604
1.92932
0.0418979
1.67654
0.454554
1.71258
0.457578
1.63398
0.441041
1.64197
0.439842
1.98033
0.171893
1.4268
0.147486
1.42746
0.192196
1.81486
0.110039
1.83803
0.119359
1.2882
0.486073
1.29916
0.0182341
1.30806
0.277756
1.30087
0.266152
1.82872
0.116909
1.78245
0.1439
1.74317
0.11057
1.75129
0.108031
1.30464
0.303107
1.32941
0.301093
1.70399
0.435193
1.72265
0.433624
1.96966
0.197214
1.97282
0.178528
1.61631
0.37689
1.61738
0.365015
1.82737
0.340149
1.83544
0.318992
1.2314
0.456036
1.24941
0.446145
1.35212
0.347342
1.34036
0.343111
1.74557
0.0880425
1.73519
0.103523
1.15836
0.182146
1.20376
0.209024
1.55523
0.26172
1.5528
0.25002
1.47921
0.475791
1.478
0.466567
1.47488
0.312614
1.49317
0.331142
1.50853
0.295463
1.52293
0.302797
1.348
0.122553
1.34102
0.110088
1.00206
0.0144262
1.00344
0.0287481
1.26869
0.487959
1.27081
0.47783
1.61479
0.0254608
1.61732
0.00475261
1.07681
0.156588
1.09028
0.16916
1.12143
0.178423
1.12713
0.194437
1.39844
0.00525732
1.69887
0.234423
1.70686
0.24585
1.62363
0.400779
1.61302
0.415258
1.78179
0.336505
1.76852
0.327491
1.77727
0.295154
1.81491
0.264971
1.73222
0.395496
1.73168
0.406429
1.48296
0.329468
1.45114
0.3125
1.06729
0.0244913
1.05656
0.0245463
1.22244
0.211012
1.24489
0.203055
1.51193
0.0308136
1.50109
0.0458202
1.20707
0.500071
1.47412
0.334546
1.43395
0.360488
1.10807
0.130744
1.11439
0.158299
1.80492
0.417963
1.81026
0.45334
1.85973
0.401184
1.87038
0.412616
1.5543
0.279676
1.54752
0.314144
1.58724
0.323792
1.574
0.353071
1.58154
0.309272
1.5909
0.314164
1.33082
0.0469015
1.37635
0.0447559
1.94017
0.0777402
1.94167
0.0547576
1.16436
0.275036
1.17757
0.310111
1.65322
0.206825
1.62762
0.224045
1.7119
0.0126503
1.35149
0.355647
1.38205
0.387428
1.40269
0.397717
1.3597
0.420572
1.04123
0.311771
1.02793
0.336415
1.73064
0.26163
1.74405
0.265451
1.26986
0.0730505
1.30244
0.0586277
1.03708
0.133315
1.02968
0.0992174
1.06211
0.0860999
1.05101
0.0894692
1.04915
0.125472
1.072
0.116861
1.67004
0.105426
1.70539
0.0992003
1.71715
0.132928
1.70135
0.117919
1.38157
0.265248
1.37053
0.26667
1.40623
0.259895
1.36525
0.247121
1.2402
0.390219
1.25323
0.411446
1.12467
0.211548
1.12597
0.231041
1.86398
0.364252
1.85417
0.395306
1.36574
0.49948
1.88968
0.451583
1.91737
0.46957
1.04409
0.216624
1.06736
0.211898
1.41929
0.12227
1.44175
0.112273
1.43823
0.0763734
1.4639
0.0583624
1.43184
0.0669195
1.44095
0.091541
1.85433
0.465776
1.83754
0.454115
1.82588
0.487372
1.82523
0.498498
1.30968
0.179574
1.31572
0.195768
1.59149
0.445245
1.58628
0.421035
1.17517
0.101575
1.15857
0.103037
1.21094
0.00487799
1.22593
0.0823024
1.19723
0.0487941
1.34502
0.288096
1.37071
0.288152
1.30968
0.220282
1.31916
0.213993
1.40631
0.294824
1.41929
0.291049
1.38383
0.33285
1.3983
0.337115
1.93827
0.193194
1.90469
0.194748
1.87659
0.16584
1.8975
0.144261
1.19718
0.285265
1.18564
0.28231
1.62731
0.0990932
1.60833
0.112985
1.73198
0.499499
1.75245
0.485648
1.88389
0.245998
1.89397
0.240764
1.77261
0.00479047
1.73208
0.0757352
1.73887
0.0554208
1.80924
0.0440013
1.79894
0.0412872
1.12195
0.49998
1.34665
0.143178
1.34419
0.132039
1.70552
0.283152
1.71047
0.309282
1.44109
0.0290164
1.42909
0.0452996
1.20089
0.494063
1.19191
0.497171
1.31783
0.412857
1.33522
0.416279
1.92914
0.287258
1.94428
0.289385
1.82686
0.454181
1.82693
0.465566
1.00451
0.120937
1.55299
0.470237
1.53631
0.477056
1.53681
0.453891
1.52357
0.439283
1.15957
0.34174
1.16695
0.33109
1.58261
0.0751399
1.5706
0.0888533
1.62813
0.0786136
1.60789
0.0645667
1.66028
0.0518045
1.66261
0.0662278
1.05161
0.0313606
1.09993
0.0248357
1.92727
0.500852
1.58785
0.268649
1.61694
0.274398
1.3619
0.369071
1.36919
0.341413
1.0503
0.399428
1.03946
0.400339
1.09235
0.321653
1.10794
0.308878
1.91728
0.404579
1.93917
0.431769
1.89346
0.439592
1.87154
0.450235
1.33731
0.18021
1.32633
0.19263
1.30054
0.177615
1.27044
0.156711
1.23259
0.354915
1.24618
0.369441
1.30626
0.356401
1.32409
0.378402
1.78498
0.281274
1.77604
0.284689
1.39322
0.0239727
1.79537
0.417253
1.79328
0.434906
1.65991
0.154218
1.67804
0.11762
1.64344
0.496283
1.26112
0.386226
1.2487
0.383011
1.98611
0.380167
1.98626
0.36975
1.96083
0.430908
1.94369
0.425611
1.40171
0.107363
1.43567
0.100061
1.97675
0.476399
1.97634
0.498403
1.95413
0.425086
1.9603
0.458742
1.1145
0.353765
1.09009
0.35414
1.03402
0.341093
1.01029
0.338059
1.21125
0.0377735
1.21723
0.031676
1.7417
0.378816
1.75258
0.372943
1.29202
0.0536972
1.25409
0.0712137
1.25953
0.0269941
1.28585
0.060574
1.28686
0.0436258
1.50606
0.0248026
1.47851
0.0211145
1.75917
0.447277
1.75361
0.466044
1.58539
0.00691049
1.16401
0.480001
1.16798
0.471244
1.18889
0.486999
1.16724
0.454075
1.43956
0.0206783
1.44219
0.0049112
1.3182
0.435157
1.33993
0.446406
1.2421
0.322449
1.20588
0.331944
1.89453
0.333185
1.90608
0.322942
1.99524
0.505682
1.56744
0.265714
1.56509
0.245839
1.62928
0.294067
1.62852
0.286647
1.07298
0.453779
1.0683
0.466287
1.58886
0.238471
1.56268
0.214484
1.74755
0.133408
1.76506
0.153777
1.75551
0.126232
1.73325
0.144253
1.70921
0.156568
1.72027
0.157004
1.0997
0.447601
1.08244
0.431801
1.42229
0.0986777
1.41499
0.10904
1.42892
0.127232
1.43313
0.139269
1.12282
0.408792
1.13301
0.411795
1.13538
0.368483
1.10799
0.396
1.94222
0.343011
1.97589
0.348284
1.95669
0.353605
1.96836
0.357192
1.30092
0.349464
1.27619
0.358234
1.07809
0.266666
1.09713
0.244984
1.22731
0.514531
1.40345
0.0860708
1.41591
0.0863907
1.16985
0.383662
1.17591
0.374433
1.06883
0.334055
1.06046
0.336755
1.98921
0.432261
1.97846
0.431925
1.37856
0.194391
1.38867
0.186575
1.87459
0.364974
1.89452
0.366403
1.93369
0.356993
1.9383
0.3719
1.92567
0.335788
1.90913
0.355175
1.82906
0.172673
1.86704
0.159289
1.06961
0.508907
1.9154
0.212798
1.89704
0.212151
1.67622
0.168333
1.66043
0.185959
1.66785
0.0855582
1.66284
0.0973578
1.09807
0.0666004
1.1075
0.0344881
1.66699
0.169839
1.65998
0.163727
1.92769
0.234486
1.94844
0.210083
1.92706
0.243468
1.95199
0.260282
1.58482
0.371099
1.55792
0.364621
1.48021
0.509294
1.46157
0.481303
1.44386
0.479658
1.43314
0.496405
1.35181
0.0722568
1.35916
0.0622512
1.42717
0.253623
1.42214
0.240597
1.4027
0.232623
1.41008
0.241017
1.81054
0.411583
1.77651
0.393667
1.46553
0.232845
1.47114
0.202957
1.01478
0.369845
1.27573
0.0785557
1.27559
0.0893488
1.22536
0.155749
1.23373
0.167267
1.39242
0.248308
1.40273
0.252467
1.15574
0.481024
1.48807
0.352279
1.47512
0.347274
1.39283
0.403622
1.38035
0.415123
1.51719
0.376442
1.52494
0.403762
1.33626
0.0691088
1.33219
0.109412
1.9635
0.24447
1.99537
0.242188
0.995201
0.054733
1.00077
0.0880148
0.994132
0.0950938
1.40414
0.445038
1.39777
0.422927
1.39334
0.358418
1.38704
0.349479
1.4235
0.366006
1.44357
0.366502
1.47487
0.270073
1.48335
0.253486
1.06108
0.244641
1.0662
0.25342
1.97778
0.237184
1.87585
0.402575
1.86051
0.385094
0.998493
0.36887
1.00084
0.347588
1.48596
0.280201
1.50019
0.302459
1.97337
0.12827
1.9864
0.125359
1.24455
0.0748623
1.24449
0.0855856
1.46675
0.2824
1.43504
0.276938
1.45182
0.383531
1.47956
0.382592
1.98899
0.311821
1.82892
0.0437753
1.7241
0.510878
1.42498
0.170833
1.43175
0.158389
1.54337
0.213286
1.55942
0.226907
1.14772
0.17707
1.13749
0.157178
1.02491
0.382315
1.01336
0.394277
1.8168
0.318783
1.82706
0.312945
1.68551
0.457532
1.68388
0.432356
1.01381
0.156922
1.00776
0.144524
1.95816
0.494608
1.95262
0.485229
1.32918
0.231449
1.30794
0.230878
1.64623
0.10499
1.64577
0.114159
1.95192
0.405377
1.93944
0.406458
1.08583
0.0739958
1.09821
0.0588356
1.41851
0.0469666
1.41157
0.0623764
1.96211
0.106921
1.96288
0.120248
1.35254
0.212573
1.36826
0.204821
1.80419
0.00544779
1.77052
0.0526975
1.59953
0.0820182
1.60622
0.0764035
1.10277
0.470002
1.10773
0.462258
1.96932
0.339616
1.97048
0.328645
1.66988
0.416833
1.66938
0.380876
1.72402
0.278145
1.72204
0.266873
1.27237
0.425826
1.28266
0.440402
1.50803
0.196148
1.48035
0.196243
1.43299
0.460122
1.42149
0.483234
1.4454
0.470247
1.42588
0.454215
1.44163
0.419608
1.45164
0.4197
1.43931
0.286205
1.43828
0.296359
1.0844
0.184387
1.08474
0.199891
1.08218
0.248962
1.08042
0.236136
1.84429
0.314658
1.85307
0.288418
1.17795
0.333392
1.18521
0.326528
1.68477
0.343884
1.71361
0.322865
1.7258
0.335793
1.72735
0.349795
1.24083
0.430789
1.22921
0.425083
1.12403
0.257124
1.13522
0.261696
1.07427
0.342628
1.08358
0.341839
1.17135
0.497207
1.23757
0.144133
1.23384
0.132189
1.15077
0.322308
1.16225
0.322378
1.40952
0.496357
1.31511
0.099969
1.31023
0.125915
1.83316
0.372443
1.83578
0.362926
1.50998
0.429889
1.53752
0.417534
1.1758
0.436012
1.14164
0.430613
1.91055
0.130966
1.89894
0.135118
1.05596
0.480155
1.06554
0.499695
1.21383
0.347566
1.20952
0.3601
1.04343
0.1993
1.02067
0.179556
1.01867
0.198025
1.02169
0.189034
1.58803
0.490407
1.58746
0.480775
1.8651
0.0427173
1.85477
0.0497319
1.51939
0.0716834
1.50458
0.0572879
1.8181
0.238448
1.84236
0.213533
1.20624
0.0551485
1.20997
0.0652523
1.78154
0.206858
1.79624
0.197712
1.82834
0.182862
1.80591
0.198871
1.70934
0.417852
1.73792
0.42259
1.86444
0.133209
1.84411
0.113425
1.55467
0.427455
1.55756
0.417518
1.91869
0.356499
1.9242
0.35161
1.43296
0.210516
1.41087
0.208007
1.12603
0.120335
1.09994
0.124271
1.33668
0.281762
1.32521
0.269137
1.59678
0.190647
1.62072
0.170272
1.43785
0.336967
1.45429
0.333786
1.44324
0.330433
1.44003
0.320343
1.89178
0.388931
1.90192
0.389974
1.47366
0.212979
1.46434
0.221317
1.77337
0.203636
1.76587
0.161535
1.46127
0.0969679
1.48543
0.0878981
1.47742
0.0828208
1.47591
0.0737062
1.50992
0.0791487
1.52917
0.0872572
1.32713
0.45187
1.31777
0.445398
1.23522
0.212214
1.24024
0.223143
1.21317
0.192395
1.19462
0.175292
1.78516
0.0632676
1.76403
0.069906
1.30733
0.4526
1.29151
0.432725
1.86329
0.237102
1.87702
0.25505
1.68332
0.397182
1.66496
0.40454
1.68821
0.377752
1.6888
0.368652
1.7218
0.406958
1.69969
0.389404
1.46284
0.329006
1.46289
0.317809
1.96122
0.158122
1.97481
0.147108
1.97118
0.0863721
1.99322
0.0881645
1.52109
0.355542
1.53616
0.367278
1.9899
0.171875
1.99564
0.164062
1.1862
0.149208
1.15699
0.149151
1.1996
0.106614
1.22773
0.113173
1.54745
0.132986
1.56288
0.108829
1.55623
0.100496
1.54293
0.100667
1.45365
0.0563612
1.44737
0.0480147
1.12391
0.482765
1.10485
0.478095
1.26808
0.353478
1.26473
0.344037
1.31731
0.507953
1.0196
0.408872
1.03468
0.413286
1.02353
0.416763
1.01847
0.428065
1.31657
0.251436
1.304
0.255608
1.33853
0.253702
1.34592
0.264688
1.7865
0.122108
1.79545
0.11692
1.2505
0.464306
1.27922
0.475515
1.08508
0.146577
1.09636
0.151845
1.70105
0.201996
1.70871
0.195982
1.95913
0.195712
1.95632
0.207306
1.75063
0.0571316
1.75368
0.0687223
1.18388
0.117048
1.17662
0.110567
1.5091
0.213468
1.53401
0.212376
1.15728
0.131113
1.13976
0.140263
1.29063
0.38673
1.31027
0.393215
1.63762
0.307367
1.65898
0.331981
1.20522
0.155883
1.18597
0.159355
1.17341
0.24963
1.15469
0.229215
1.20507
0.219093
1.19878
0.225146
1.06752
0.15632
1.0638
0.1682
1.91666
0.0217335
1.92659
0.0332221
1.89287
0.0218665
1.87532
0.0108127
1.88255
0.00643502
1.89022
0.0113877
1.88565
0.0282422
1.88681
0.0374019
1.55124
0.178068
1.53911
0.193038
1.51818
0.19164
1.52428
0.175946
1.6484
0.137591
1.63657
0.134315
1.11599
0.0673431
1.12916
0.0478922
1.6244
0.0424327
1.61369
0.0384673
1.73688
0.0458625
1.72767
0.0433914
1.60951
0.00992994
1.60156
0.00517732
1.69341
0.441451
1.69392
0.45111
1.33855
0.386919
1.3334
0.379234
1.92074
0.271932
1.91298
0.266269
1.1883
0.0535536
1.1779
0.0470427
1.15083
0.312806
1.1647
0.283628
1.67109
0.147096
1.68039
0.155098
1.11142
0.500812
1.28385
0.296826
1.30153
0.289298
1.5518
0.0510257
1.56061
0.0450225
1.09126
0.124555
1.0834
0.135021
1.95056
0.18842
1.95248
0.177695
1.63883
0.156238
1.62771
0.151656
1.39599
0.47375
1.3717
0.451435
1.30387
0.00414754
0.988485
0.372299
1.54231
0.359549
1.52511
0.366941
1.75209
0.237687
1.73838
0.211273
1.49739
0.383351
1.4879
0.38608
1.33279
0.396758
1.34043
0.40622
1.64544
0.345105
1.62329
0.328221
1.67054
0.288942
1.66238
0.321996
1.64179
0.325358
1.64973
0.333744
1.64152
0.247117
1.62956
0.232599
0.99231
0.324136
1.41042
0.0388495
1.41478
0.0303762
1.80982
0.152357
1.81833
0.146934
1.07206
0.400307
1.05689
0.388882
1.54167
0.0120816
1.55555
0.0336085
1.57075
0.0513707
1.57923
0.0480617
1.53089
0.346475
1.53072
0.33646
1.75544
0.430393
1.74484
0.429262
1.80118
0.147757
1.79023
0.15419
1.08405
0.0499758
1.07241
0.0450932
1.87612
0.271061
1.86004
0.267962
1.22844
0.267599
1.24044
0.268645
1.24824
0.259738
1.26201
0.247661
1.27732
0.261937
1.2653
0.265952
1.05517
0.328342
1.04746
0.296797
1.29158
0.287429
1.28648
0.268338
1.97737
0.324117
1.97805
0.313197
1.26441
0.184986
1.25893
0.222876
1.63838
0.503502
1.67982
0.0271422
1.68343
0.0136632
1.49243
0.45137
1.46505
0.443822
1.04862
0.0611132
1.05082
0.0704321
1.66162
0.352498
1.64954
0.353717
1.28296
0.495925
1.27186
0.495496
1.22885
0.0723437
1.23917
0.0692564
1.45029
0.139644
1.46011
0.133247
1.38381
0.0956999
1.38586
0.075281
1.47614
0.117812
1.48226
0.107819
1.98775
0.190104
1.97588
0.188927
1.73725
0.243938
1.72846
0.249357
1.58118
0.220652
1.5807
0.232548
1.82904
0.0992652
1.81609
0.0868568
1.83932
0.0648348
1.83226
0.0729788
1.15913
0.192382
1.14778
0.197676
1.16651
0.198771
1.17453
0.196013
1.18751
0.184399
1.17853
0.184125
1.37213
0.0240307
1.37742
0.0337626
1.53017
0.396534
1.5391
0.394451
1.5658
0.395536
1.57027
0.404378
1.56871
0.379295
1.55714
0.392996
1.24745
0.150445
1.25469
0.144202
1.2273
0.175519
1.2151
0.172115
1.37545
0.106257
1.37959
0.117624
1.4636
0.253923
1.4563
0.247781
1.44163
0.231271
1.42914
0.230713
1.38572
0.489483
1.37681
0.485457
1.06868
0.0681159
1.0624
0.0750903
1.08589
0.104365
1.07841
0.0943732
1.907
0.184396
1.92894
0.173776
1.71077
0.0655741
1.72121
0.0621445
1.06692
0.12541
1.07013
0.13361
1.38285
0.305947
1.37177
0.310475
0.993719
0.294368
1.00224
0.287822
1.0005
0.278876
1.00656
0.271226
1.77863
0.0691447
1.79885
0.0915454
1.77303
0.369685
1.77447
0.343044
1.41172
0.402647
1.42358
0.398935
1.39474
0.435213
1.38494
0.436925
1.68852
0.233347
1.68029
0.242652
1.68769
0.267434
1.65765
0.274006
1.7429
0.285157
1.74863
0.275008
1.84927
0.230913
1.85432
0.194561
1.53443
0.49867
1.55632
0.480468
1.68534
0.0730078
1.69765
0.0773937
0.999358
0.473852
1.01909
0.448383
1.01492
0.466908
1.68244
0.480253
1.70176
0.458777
1.66703
0.467911
1.67349
0.478474
1.67711
0.504874
0.991413
0.00755033
1.78025
0.328305
1.76108
0.354111
1.2683
0.225031
1.27084
0.214002
1.29712
0.235306
1.29467
0.246418
1.5607
0.0260897
1.55836
0.00615328
1.6454
0.430968
1.6281
0.410299
1.59296
0.430082
1.6063
0.420531
1.59257
0.406551
1.60658
0.386778
1.60136
0.208475
1.59122
0.20697
1.68728
0.0929282
1.69766
0.0895307
1.54981
0.491704
1.54021
0.489905
1.37204
0.135917
1.383
0.141522
1.39243
0.139171
1.39776
0.128075
1.89693
0.0909067
1.93157
0.0953182
1.22976
0.386161
1.21193
0.391426
1.03522
0.049324
1.03729
0.0587437
1.486
0.402256
1.48926
0.420377
1.49356
0.411962
1.50624
0.41234
1.68048
0.127348
1.6711
0.135265
1.83349
0.0250873
1.8389
0.00638098
1.82034
0.0578995
1.82217
0.0690344
1.49002
0.225962
1.48501
0.215416
1.80332
0.282231
1.79247
0.28792
1.80821
0.289435
1.80272
0.309782
1.76669
0.282486
1.76252
0.275398
1.91812
0.0709075
1.90817
0.0664978
1.65521
0.0581887
1.68613
0.0331598
1.66791
0.458948
1.64856
0.449603
1.33205
0.131558
1.32293
0.124613
1.28803
0.13175
1.28066
0.139079
1.627
0.349701
1.62769
0.358599
1.03521
0.0805185
1.02782
0.0901399
0.995523
0.106318
1.00865
0.092613
1.84368
0.360979
1.81692
0.376961
1.62662
0.0539282
1.64263
0.0595014
1.02374
0.116429
1.02034
0.106759
1.85835
0.100586
1.86643
0.0933757
1.88241
0.0788904
1.86384
0.0829089
1.84964
0.0679158
1.8577
0.0606749
1.31238
0.0445486
1.32308
0.0401448
1.34439
0.0665355
1.33934
0.0437078
1.25182
0.0106613
1.25129
0.0214009
1.22383
0.400538
1.21036
0.430274
1.78096
0.185876
1.79154
0.186155
1.56567
0.126513
1.55947
0.134101
1.51629
0.111826
1.5236
0.104107
1.54477
0.160339
1.5162
0.168577
1.75077
0.457745
1.72349
0.486456
1.11505
0.211512
1.11117
0.193368
1.60551
0.268298
1.60745
0.257376
1.67499
0.434022
1.66271
0.413257
1.79472
0.0128715
1.78741
0.00742376
1.19603
0.350767
1.19588
0.333886
1.56019
0.163652
1.59732
0.140053
1.38674
0.177038
1.37076
0.169384
1.72522
0.193404
1.7342
0.181028
1.69997
0.169539
1.70923
0.177177
1.71803
0.175496
1.7233
0.164718
1.21632
0.259167
1.2047
0.251699
1.19015
0.263216
1.18308
0.272902
1.02416
0.214914
1.01348
0.217415
1.4966
0.0670132
1.48539
0.0642445
1.50967
0.039526
1.52093
0.0424451
1.38742
0.497458
1.72809
0.299423
1.71645
0.298814
1.36239
0.293766
1.36108
0.302273
1.95061
0.0835722
1.93809
0.10655
1.69611
0.324165
1.67966
0.329142
1.5836
0.257968
1.57324
0.256018
1.74716
0.24846
1.75177
0.257701
1.10722
0.385551
1.1184
0.373281
1.12361
0.355011
1.13048
0.34632
1.56586
0.482587
1.57499
0.474927
1.60426
0.461796
1.59714
0.46606
1.56802
0.176799
1.57645
0.199743
1.89331
0.500896
1.89692
0.491193
1.51974
0.448849
1.502
0.435144
1.78523
0.388097
1.80108
0.392025
1.69931
0.305853
1.6932
0.314421
1.36099
0.339946
1.35502
0.330197
1.14516
0.306951
1.13558
0.30562
1.12076
0.289533
1.1302
0.288835
1.40301
0.362606
1.40872
0.353302
1.15563
0.0190191
1.16007
0.0506859
1.6254
0.30905
1.61973
0.316525
1.14308
0.408387
1.15769
0.426803
1.27856
0.0221049
1.27876
0.0110319
1.81207
0.310475
1.81883
0.28718
1.85496
0.29874
1.86234
0.30367
1.55364
0.502623
1.56332
0.504045
1.01973
0.341855
1.02018
0.351743
1.71289
0.036169
1.71784
0.0248835
1.98715
0.0309613
1.99438
0.0553789
1.97851
0.0475391
1.93438
0.0257684
1.95763
0.0457961
1.52017
0.0927746
1.51044
0.0894389
1.58325
0.27729
1.5732
0.276304
1.50427
0.375937
1.50218
0.366283
1.48508
0.12619
1.48308
0.134639
1.20485
0.514928
1.662
0.034023
1.63836
0.0525547
0.998617
0.461021
1.50428
0.2057
1.4926
0.206499
1.88438
0.165065
1.8598
0.145016
1.19268
0.427207
1.19463
0.436689
1.38814
0.273211
1.41737
0.2712
1.44425
0.17839
1.45261
0.202619
1.74889
0.304788
1.75409
0.31522
1.91116
0.440035
1.92237
0.437572
1.4954
0.0113848
1.52757
0.0213575
1.13857
0.27276
1.11605
0.281127
1.38969
0.0129221
1.38187
0.00766481
1.02167
0.46163
1.03015
0.466361
1.40885
0.0117003
1.40718
0.0227509
1.52342
0.140472
1.53078
0.144931
1.12602
0.390495
1.11972
0.400224
1.382
0.233417
1.39172
0.236763
1.05615
0.122201
1.04894
0.101371
1.21854
0.432611
1.22163
0.449443
1.15864
0.290952
1.13593
0.294151
1.63459
0.34352
1.63248
0.33236
1.98763
0.233645
1.99226
0.225833
1.88086
0.30411
1.90021
0.286708
1.33743
0.0057488
1.3643
0.0244635
1.25867
0.0602046
1.27531
0.0440926
1.9697
0.480937
1.96856
0.493146
1.65951
0.387824
1.65817
0.398606
1.87736
0.0566581
1.88753
0.0594108
1.88201
0.104679
1.87834
0.0959315
1.87181
0.075706
1.86913
0.0651397
1.08942
0.444042
1.09138
0.434311
1.81198
0.0122065
1.80893
0.0234943
1.15447
0.501038
1.87628
0.438344
1.88654
0.432983
1.89719
0.468228
1.89616
0.456797
1.14385
0.329335
1.14794
0.340055
1.35194
0.30578
1.34996
0.314829
1.9269
0.428587
1.90376
0.432838
1.197
0.0742262
1.2073
0.0749871
1.23986
0.25023
1.2527
0.228452
0.997586
0.142842
1.60534
0.123031
1.61511
0.12809
1.58851
0.146679
1.57876
0.141871
1.70355
0.273529
1.71058
0.264553
1.59649
0.0230198
1.5932
0.0120878
1.61839
0.219572
1.60894
0.203368
1.82707
0.052823
1.83596
0.055814
1.1577
0.436392
1.16573
0.441153
1.33618
0.147168
1.32917
0.140083
1.74432
0.357108
1.75312
0.360398
1.87801
0.456865
1.87238
0.46736
1.84243
0.504311
1.86012
0.483293
1.85397
0.488764
1.84304
0.482668
1.8384
0.419865
1.83798
0.431246
1.82057
0.430517
1.82639
0.43678
1.04722
0.253363
1.03742
0.258116
1.05244
0.268082
1.06055
0.274862
1.85317
0.37909
1.84169
0.385075
1.56639
0.283859
1.56887
0.294883
1.15528
0.368623
1.15959
0.412977
1.25384
0.240151
1.24262
0.241595
1.51247
0.403602
1.50912
0.39431
1.25369
0.360257
1.25271
0.341983
1.54738
0.284505
1.53742
0.280849
1.84738
0.0965841
1.83982
0.102622
1.04306
0.357443
1.04284
0.375714
1.32398
0.474146
1.33091
0.467908
1.59646
0.505856
1.45807
0.170374
1.44861
0.170365
1.95491
0.447698
1.9446
0.442676
1.6174
0.254854
1.6222
0.247131
1.84407
0.0314619
1.85316
0.0282348
1.10775
0.27914
1.11547
0.295211
1.08184
0.291223
1.06928
0.292103
1.58436
0.451549
1.58631
0.461345
1.94798
0.0414941
1.94119
0.0455745
1.04538
0.186515
1.053
0.182054
1.47075
0.0517596
1.46884
0.0422901
1.27197
0.175887
1.29308
0.19964
1.27375
0.313589
1.26499
0.307408
1.25253
0.320065
1.25554
0.311162
1.35953
0.387148
1.34273
0.370839
1.38509
0.364225
1.36254
0.360793
1.3325
0.358857
1.33134
0.348646
1.7922
0.463642
1.79189
0.452492
1.82051
0.481589
1.80298
0.497208
1.812
0.187591
1.82245
0.189789
1.84359
0.437027
1.85497
0.437432
1.83701
0.488025
1.83637
0.49915
1.80819
0.503677
1.81932
0.50432
1.10476
0.247571
1.11254
0.240788
1.52092
0.231481
1.53195
0.257259
1.28925
0.504814
1.3139
0.486371
1.3197
0.499109
1.94393
0.152227
1.95267
0.142139
1.28258
0.200935
1.27892
0.193773
1.28155
0.158548
1.28681
0.168325
1.29466
0.138414
1.31314
0.159257
1.19945
0.371671
1.20032
0.381997
1.16301
0.35078
1.18813
0.358559
1.60031
0.250483
1.58925
0.249652
1.06855
0.411446
1.06025
0.413559
1.06309
0.369799
1.07047
0.378065
1.77641
0.166734
1.77445
0.177139
1.23587
0.348143
1.23054
0.332455
1.22627
0.315446
1.22338
0.304788
1.22759
0.33998
1.21597
0.340344
1.82608
0.0897039
1.8342
0.0825245
1.46888
0.388183
1.46018
0.381379
1.94512
0.309931
1.97184
0.306761
1.66859
0.266771
1.66957
0.257336
1.36294
0.189238
1.35547
0.182744
1.36048
0.19889
1.33593
0.212646
1.33133
0.162275
1.34032
0.168651
1.25464
0.281143
1.26396
0.276864
1.58257
0.113297
1.57384
0.106605
1.23598
0.0996182
1.25312
0.117256
1.97797
0.464588
1.98896
0.464588
1.72523
0.424703
1.71763
0.416766
1.15254
0.0585824
1.16961
0.0540496
1.85748
0.168129
1.84653
0.167279
1.86811
0.149994
1.88027
0.144543
1.8699
0.190854
1.86194
0.176428
1.71952
0.231258
1.72951
0.226613
1.61564
0.187799
1.62493
0.19438
1.94678
0.219412
1.93806
0.221655
1.14153
0.031931
1.14622
0.0396301
1.76612
0.248845
1.76184
0.257621
1.77835
0.263497
1.768
0.265762
1.87729
0.490388
1.8713
0.484192
1.82782
0.402841
1.83865
0.40229
1.79022
0.407567
1.77927
0.40704
1.26705
0.130264
1.27182
0.138696
1.15148
0.254035
1.14054
0.254635
1.17782
0.457781
1.18295
0.466819
1.71566
0.396502
1.7213
0.388296
1.5703
0.361361
1.57565
0.370346
1.99495
0.320137
1.98832
0.327949
1.90824
0.490978
1.9142
0.485374
1.48532
0.234246
1.49131
0.244937
1.64983
0.234004
1.64069
0.237712
1.35984
0.0422996
1.35771
0.0334065
1.51843
0.159949
1.52895
0.155655
1.80905
0.486504
1.80381
0.480618
1.7642
0.34396
1.75978
0.336607
1.01255
0.484364
1.00473
0.491517
1.49835
0.167117
1.49903
0.157065
1.46898
0.366204
1.46116
0.36964
1.54129
0.182409
1.53382
0.174505
1.37175
0.508116
1.60689
0.143941
1.61572
0.137585
1.58274
0.16514
1.59029
0.158135
1.5945
0.180966
1.58487
0.177299
1.2989
0.412082
1.30779
0.417687
1.23672
0.315939
1.24418
0.308078
1.47375
0.0108533
1.47324
0.0265029
1.35491
0.286824
1.35479
0.26525
1.98497
0.0811638
1.99175
0.0711243
1.20309
0.0123217
1.19527
0.0074437
1.21431
0.0229216
1.20478
0.0219879
1.61769
0.501391
1.77615
0.119748
1.76563
0.129434
1.72231
0.0911467
1.73448
0.0951557
1.15744
0.0402891
1.16458
0.0331088
1.90273
0.0245173
1.90769
0.0186151
1.74627
0.493092
1.3525
0.0812495
1.36243
0.0855029
1.32683
0.0976616
1.33265
0.0885606
1.3297
0.0790709
1.32024
0.0738416
1.65652
0.217586
1.64787
0.222981
1.30211
0.0709767
1.29135
0.0718029
1.26974
0.0555497
1.27513
0.0619597
1.2742
0.292637
1.2654
0.297629
1.76481
0.0122272
1.75782
0.00743674
1.80863
0.104223
1.79772
0.107164
1.55154
0.302635
1.56013
0.304102
1.87391
0.321639
1.87305
0.332372
1.87819
0.33862
1.88895
0.339044
1.89219
0.298317
1.89729
0.305573
1.96132
0.311518
1.95583
0.30459
1.2865
0.0786937
1.28636
0.0894868
1.08878
0.394632
1.10094
0.400864
1.8588
0.0194793
1.84931
0.00638098
1.97115
0.410391
1.972
0.426326
1.97204
0.447345
1.9718
0.458098
1.25346
0.043037
1.25332
0.0537888
1.26975
0.0380655
1.259
0.0377321
1.19239
0.343493
1.18166
0.343974
1.24241
0.403669
1.23361
0.407433
1.05713
0.00545667
1.0837
0.0120328
1.95425
0.32821
1.96064
0.322482
1.37502
0.404282
1.38256
0.396633
1.8861
0.414561
1.87517
0.418618
1.87128
0.386049
1.87033
0.396735
1.86004
0.430671
1.84394
0.413293
1.11848
0.264361
1.1078
0.260272
1.25896
0.0934205
1.26962
0.094592
1.50642
0.12984
1.50391
0.139043
1.18759
0.21064
1.19419
0.204096
1.5607
0.192024
1.55944
0.182498
1.84572
0.351336
1.83507
0.329364
1.78131
0.0338012
1.79174
0.0313495
1.3716
0.382442
1.37258
0.374163
1.89001
0.322458
1.89604
0.317103
1.429
0.319085
1.43526
0.349743
1.40191
0.305749
1.41058
0.312659
1.44636
0.393128
1.43741
0.387274
1.97534
0.384771
1.96659
0.380275
1.84331
0.465706
1.83788
0.471432
1.99245
0.0231762
1.99479
0.00520833
1.98724
0.0127595
1.97558
0.0123435
1.63636
0.36521
1.64554
0.36336
1.07556
0.475799
1.07601
0.487152
1.70125
0.014347
1.69384
0.00666447
1.70335
0.488401
1.70372
0.478837
1.76191
0.42474
1.76228
0.414086
1.78611
0.445581
1.7757
0.443261
1.32295
0.363001
1.30557
0.341338
1.91206
0.318183
1.91354
0.30763
1.51057
0.451265
1.50934
0.461051
1.55146
0.0609957
1.54023
0.0637949
1.39067
0.323037
1.39812
0.325564
1.9738
0.210683
1.96562
0.215891
1.69768
0.135787
1.69186
0.127801
1.8735
0.348846
1.87965
0.355074
1.07438
0.256077
1.08992
0.25327
1.21596
0.298407
1.20634
0.300944
1.21731
0.103614
1.22681
0.104015
1.1294
0.422051
1.10412
0.419133
1.10714
0.0183504
1.10714
0.00986221
1.09932
0.00561809
1.07856
0.377916
1.08632
0.369998
1.92177
0.182721
1.92637
0.190599
1.80566
0.271734
1.7964
0.26659
1.7847
0.248194
1.78663
0.237775
1.14882
0.379735
1.13969
0.380093
1.35747
0.412814
1.34975
0.405566
1.22095
0.286662
1.21884
0.277699
1.76519
0.179574
1.76344
0.18978
1.7544
0.0938706
1.75758
0.115685
1.09064
0.301028
1.09951
0.300449
1.78345
0.479687
1.76968
0.479487
1.69701
0.47022
1.68865
0.469246
1.34308
0.426955
1.33822
0.434253
1.05559
0.302874
1.05311
0.312431
1.01961
0.500429
1.00987
0.501752
1.44702
0.402699
1.45523
0.407051
1.01347
0.175756
1.00377
0.179935
0.99545
0.165468
0.993231
0.173669
0.998356
0.20647
1.20645
0.178843
1.20606
0.18813
1.89956
0.100132
1.89265
0.106622
1.57666
0.182444
1.57256
0.192157
1.10828
0.052775
1.11773
0.0574144
1.13287
0.0721859
1.13814
0.081304
1.14641
0.0228413
1.13211
0.00408574
1.14007
0.00886851
1.14859
0.00478277
1.85992
0.206485
1.8536
0.214886
1.83591
0.223509
1.82706
0.221582
1.87226
0.175257
1.87569
0.183895
1.88626
0.197248
1.8763
0.200626
1.29995
0.436892
1.30736
0.429445
1.83732
0.296052
1.84109
0.287725
1.08213
0.168654
1.06938
0.186336
1.62159
0.109957
1.62501
0.119596
1.0627
0.236358
1.04423
0.236712
1.3818
0.447386
1.3857
0.457105
1.39423
0.460081
1.40346
0.455132
1.98952
0.252021
1.97967
0.250351
1.12186
0.0749571
1.11808
0.0832218
1.45756
0.462456
1.45584
0.470751
1.49261
0.0875277
1.49884
0.0778052
1.80237
0.223009
1.81063
0.219311
1.05766
0.430561
1.06524
0.431398
1.65819
0.200815
1.65302
0.192022
1.65109
0.00539984
1.67708
0.00699869
1.82416
0.267276
1.83175
0.260131
1.84934
0.254747
1.85919
0.258133
1.97766
0.400395
1.99479
0.401037
1.98908
0.0475391
1.9947
0.0390351
1.33046
0.0111883
1.32116
0.00543946
1.99415
0.145062
1.99415
0.134646
1.99415
0.27025
1.99415
0.259833
1.45713
0.0117551
1.44641
0.011253
1.48958
0.00544002
1.47917
0.00544002
1.27083
0.00544513
1.26042
0.00544513
1.98774
0.481607
1.99451
0.475055
1.99478
0.427083
1.99478
0.416667
1.99446
0.458284
1.99446
0.447867
1.99462
0.364583
1.99462
0.354167
1.98926
0.395829
1.99447
0.385417
1.51211
0.0132038
1.50581
0.00594478
1.0516
0.0119264
1.04124
0.0116298
1.43014
0.0207795
1.41667
0.00644299
1.64588
0.0120272
1.63542
0.00662737
1.07275
0.0118714
1.06754
0.00545667
1.99349
0.208333
1.99349
0.197917
1.92855
0.0144455
1.90591
0.00952928
1.02173
0.0240407
1.01065
0.00687587
1.98547
0.104919
1.99322
0.0985812
1.66672
0.0123985
1.66151
0.00539984
1.55329
0.0135168
1.53705
0.021462
1.35209
0.0138463
1.34784
0.0057488
1.29617
0.00973434
1.28917
0.0055868
1.57603
0.0130638
1.56877
0.00615328
1.96119
0.0226654
1.93275
0.00637444
1.72533
0.00496776
1.71491
0.00496776
1.18301
0.0209341
1.1564
0.00913197
1.23359
0.00905141
1.22656
0.00383524
1.83107
0.0131396
1.8203
0.00675867
1.99002
0.296372
1.99597
0.289062
1.0165
0.23666
1.00669
0.235307
1.00678
0.225376
1.02064
0.259976
1.31619
0.340473
1.32102
0.347869
1.79884
0.136643
1.78862
0.134739
1.12975
0.137497
1.13251
0.127476
1.12298
0.15451
1.1297
0.161425
1.1391
0.179692
1.13839
0.190061
1.10653
0.147703
1.11125
0.138441
1.10666
0.115826
1.1148
0.122298
1.30367
0.116237
1.31228
0.11041
1.28938
0.106666
1.2953
0.115203
1.18154
0.483915
1.17274
0.489441
1.18522
0.452448
1.20509
0.460213
1.30405
0.211564
1.31353
0.205275
1.8554
0.118004
1.85661
0.12831
1.98889
0.442628
1.97814
0.442291
1.59883
0.381127
1.58883
0.383832
1.58281
0.391629
1.5826
0.401994
1.26805
0.510446
1.26346
0.503105
1.83715
0.242535
1.83934
0.232345
1.26095
0.445936
1.26624
0.454834
1.27373
0.456402
1.28214
0.45037
1.48366
0.318733
1.49387
0.320407
1.9586
0.395306
1.95592
0.386244
1.54385
0.459299
1.56072
0.436243
1.74777
0.218389
1.74667
0.228659
1.02946
0.298921
1.02056
0.305113
1.58786
0.0574675
1.58275
0.0664294
1.77755
0.352577
1.77012
0.359292
1.11073
0.222681
1.08771
0.216944
1.60281
0.326707
1.59303
0.329847
1.57497
0.326593
1.56974
0.317759
1.1022
0.345409
1.11126
0.345408
1.3239
0.286553
1.31758
0.278438
1.77139
0.463739
1.76444
0.468927
1.38416
0.252065
1.37576
0.242845
1.36069
0.23043
1.35819
0.24058
1.46631
0.0696054
1.45652
0.0727311
1.45161
0.0797569
1.45296
0.0899478
1.438
0.0608879
1.43653
0.0507136
1.50923
0.154137
1.51239
0.145384
1.09754
0.373366
1.10769
0.368859
1.22534
0.440551
1.23883
0.439712
1.52625
0.45685
1.51943
0.464532
1.66871
0.425461
1.65527
0.432292
1.5657
0.343314
1.57315
0.336256
1.65098
0.380942
1.64211
0.383447
1.77771
0.0805315
1.76805
0.0808645
1.90785
0.421458
1.90227
0.41618
1.86366
0.0331823
1.87367
0.026484
1.2733
0.409546
1.26073
0.405746
1.02544
0.157772
1.03222
0.150092
1.59772
0.281982
1.61721
0.282999
1.10327
0.0435024
1.09135
0.0412291
1.4598
0.190093
1.46755
0.186073
1.68898
0.329428
1.69201
0.337703
1.83987
0.174585
1.83915
0.184774
1.82404
0.16578
1.81276
0.165039
1.43298
0.0822547
1.42131
0.078488
1.67843
0.191251
1.69773
0.216014
1.89156
0.404483
1.8861
0.398499
1.95214
0.50272
1.94191
0.498865
1.90847
0.373717
1.91862
0.372825
1.88755
0.382831
1.87747
0.381273
1.91977
0.41967
1.92435
0.413501
1.93312
0.387347
1.93277
0.397536
1.10111
0.204969
1.07867
0.191066
1.91387
0.00457656
1.92009
0.0126477
1.21759
0.136793
1.22187
0.128905
1.66904
0.281079
1.65899
0.282708
1.69628
0.293089
1.68819
0.286906
1.44492
0.50107
1.45539
0.498185
1.42603
0.504333
1.36119
0.0126396
1.36736
0.00454209
1.25989
0.0776497
1.25451
0.0873344
1.01103
0.291726
1.01921
0.286966
1.09778
0.214355
1.10123
0.223922
1.08663
0.229123
1.0956
0.233663
1.47456
0.436062
1.48285
0.439594
1.63767
0.179798
1.63054
0.172544
1.08427
0.470613
1.09117
0.474119
1.0564
0.25914
1.04932
0.245708
1.91119
0.0495076
1.90518
0.0566879
1.00644
0.455621
1.00897
0.445785
1.91007
0.339802
1.92016
0.340677
1.93773
0.32725
1.93631
0.337287
1.00388
0.358083
1.01377
0.358443
1.98075
0.153506
1.98979
0.152875
1.16406
0.0043492
1.17263
0.0178396
1.17263
0.0091493
1.18045
0.0048001
1.91867
0.249248
1.91071
0.242979
1.94285
0.266508
1.93446
0.260838
1.85708
0.223429
1.86654
0.227039
1.86659
0.253171
1.86839
0.243205
1.8827
0.22733
1.90563
0.224454
1.94436
0.120243
1.95281
0.125588
1.16401
0.0874947
1.17585
0.0691613
1.70674
0.353893
1.7095
0.344521
1.73486
0.36364
1.73278
0.372804
1.03359
0.121046
1.04074
0.117369
1.92118
0.228104
1.9126
0.230818
1.22692
0.0437651
1.22165
0.0657963
1.03217
0.220154
1.02927
0.229104
1.53226
0.273794
1.51728
0.279411
1.48791
0.297316
1.49131
0.2878
1.50125
0.269319
1.5074
0.261456
1.48375
0.264137
1.49185
0.270182
1.05197
0.230108
1.05281
0.222211
1.65944
0.252465
1.65023
0.254552
1.37335
0.422542
1.37525
0.430379
1.65602
0.311943
1.66203
0.305527
1.60418
0.430229
1.60853
0.437058
1.33386
0.201243
1.35122
0.202389
1.37403
0.358258
1.37525
0.350712
1.93999
0.300822
1.92993
0.301426
1.24401
0.485281
1.25339
0.488946
1.21647
0.497722
1.21863
0.486489
1.22594
0.465862
1.23175
0.474087
1.05217
0.461277
1.06047
0.469287
1.05584
0.496172
1.05928
0.486707
1.5365
0.436952
1.54265
0.427561
1.6879
0.215126
1.67243
0.209682
1.01023
0.102953
1.00375
0.109579
0.993764
0.125084
1.58556
0.507498
1.15727
0.259856
1.16778
0.258806
1.85441
0.418005
1.85965
0.411702
1.35841
0.276758
1.36695
0.277261
1.76574
0.137973
1.77322
0.144666
1.73873
0.132611
1.73734
0.122257
1.74951
0.145721
1.74213
0.152515
1.47456
0.458628
1.4654
0.457099
1.1146
0.417057
1.11832
0.425148
1.81915
0.343942
1.79454
0.340891
1.79071
0.363373
1.78594
0.354572
1.61741
0.20879
1.62481
0.20529
1.68723
0.35205
1.69757
0.356634
1.96457
0.22541
1.9694
0.234157
1.97066
0.254726
1.97001
0.263186
1.57676
0.432527
1.57531
0.422646
1.53816
0.0730581
1.54505
0.0820036
1.72692
0.442633
1.71722
0.448263
1.89724
0.229817
1.89107
0.222448
1.12285
0.0912374
1.1319
0.0920909
1.3437
0.19672
1.3455
0.186727
1.13866
0.01704
1.11668
0.0342771
1.69529
0.418982
1.70174
0.411395
1.70134
0.404134
1.69373
0.397714
1.97504
0.272973
1.95359
0.277798
1.92506
0.118789
1.92782
0.110082
1.18558
0.296709
1.17821
0.290026
1.05644
0.11026
1.06425
0.107553
1.36519
0.212697
1.36951
0.221652
1.16074
0.138397
1.17527
0.147705
1.17714
0.164698
1.17436
0.174243
1.17224
0.13897
1.1805
0.132148
1.05254
0.343085
1.04303
0.337573
1.03033
0.174203
1.03601
0.18236
1.93335
0.367123
1.92343
0.366796
1.45955
0.262676
1.46498
0.268982
1.47712
0.494028
1.48586
0.498684
1.7898
0.379315
1.80027
0.38109
1.16651
0.233014
1.16582
0.241365
1.04036
0.367574
1.03054
0.36634
1.3527
0.373136
1.35131
0.382934
1.11656
0.0232507
1.13007
0.0227756
1.779
0.0456423
1.78551
0.0499434
1.75001
0.0116376
1.7448
0.0200393
1.73314
0.0091686
1.73314
0.0175703
1.59046
0.293532
1.58915
0.284288
1.69015
0.153621
1.69604
0.145689
1.71725
0.142085
1.72589
0.146878
1.93599
0.505593
1.91273
0.501435
1.28558
0.356629
1.28963
0.34887
1.30179
0.364166
1.2924
0.364988
1.02897
0.323347
1.03829
0.320102
1.05908
0.319455
1.0685
0.317279
1.81975
0.395652
1.82302
0.386361
1.02096
0.0120359
1.02594
0.00516007
1.45235
0.343454
1.44315
0.344372
1.31492
0.0260925
1.32324
0.0289054
1.65702
0.486153
1.66679
0.487433
1.65689
0.47012
1.65359
0.479404
1.62771
0.488578
1.63749
0.48733
1.89013
0.121473
1.89129
0.130888
1.18529
0.303841
1.19175
0.311277
1.42054
0.330688
1.41246
0.330022
1.5613
0.0759887
1.57165
0.0810774
1.04014
0.4953
1.04925
0.499004
1.82176
0.246791
1.83053
0.248682
1.15484
0.396715
1.15545
0.387312
1.01257
0.253784
1.01808
0.245657
1.03002
0.255091
1.02982
0.245417
1.40463
0.275469
1.39918
0.268892
1.90639
0.114847
1.89662
0.115693
1.54709
0.12431
1.55916
0.118776
1.31284
0.323914
1.32506
0.311501
1.9718
0.0551809
1.97412
0.0638051
1.62774
0.01138
1.62712
0.0211562
1.63843
0.415315
1.64743
0.412291
1.14291
0.20613
1.14625
0.215331
1.4832
0.154936
1.4911
0.150425
1.92442
0.152893
1.91803
0.137174
1.37054
0.187771
1.37873
0.201789
1.1444
0.106524
1.14995
0.0985162
1.17362
0.0800066
1.18199
0.082847
1.38113
0.475917
1.39003
0.479943
1.41613
0.19316
1.40936
0.199583
1.51922
0.472758
1.52681
0.478916
1.50313
0.505109
1.52334
0.496223
1.70394
0.374331
1.69827
0.38228
1.95735
0.0305395
1.96241
0.0384015
1.52395
0.222994
1.51896
0.212405
1.20025
0.037418
1.19671
0.0303868
1.73935
0.476935
1.74822
0.474788
1.1626
0.120266
1.15725
0.11353
1.75243
0.200917
1.74133
0.20166
1.24327
0.039451
1.23632
0.046247
1.03466
0.393928
1.02594
0.398984
1.26209
0.114672
1.27169
0.104083
1.65788
0.449487
1.66115
0.44105
1.1457
0.287748
1.15112
0.293657
1.73853
0.487183
1.7317
0.490376
1.12225
0.275183
1.13114
0.27901
1.45013
0.276938
1.45887
0.276477
1.4543
0.294736
1.44885
0.302722
1.48974
0.021646
1.4941
0.0278048
1.29918
0.160726
1.29666
0.170053
1.46032
0.0390829
1.45097
0.0415038
1.80573
0.0726263
1.79714
0.0770364
1.14676
0.132728
1.14339
0.125414
1.28578
0.185049
1.30809
0.18909
1.24915
0.160999
1.25682
0.166864
1.29849
0.19196
1.29485
0.184531
1.7757
0.0259537
1.76695
0.0259667
1.05239
0.0420224
1.04277
0.0427218
1.02512
0.0441972
1.01552
0.0451997
1.82085
0.126423
1.81186
0.122926
1.85771
0.0107587
1.86777
0.00437772
1.51193
0.317248
1.51993
0.311015
1.52187
0.329608
1.51297
0.330558
1.51756
0.295129
1.52225
0.287539
1.10125
0.336228
1.1159
0.323636
1.16088
0.167704
1.16488
0.175229
1.95367
0.338598
1.9589
0.343841
1.18504
0.228589
1.19087
0.221621
1.01503
0.078258
1.01689
0.0873423
1.25614
0.208408
1.26317
0.204219
0.994549
0.0372548
1.86754
0.272721
1.86657
0.281313
1.08399
0.361565
1.0732
0.355264
1.91896
0.258087
1.92671
0.26375
1.77034
0.298868
1.76253
0.292138
1.85401
0.499281
1.59782
0.351429
1.60841
0.362782
1.80968
0.430876
1.80412
0.436722
1.05617
0.0509941
1.06464
0.0533386
1.20664
0.419308
1.21399
0.413177
1.21301
0.405299
1.20552
0.399345
1.54979
0.332051
1.54031
0.330724
1.82052
0.2988
1.82843
0.300779
0.990332
0.187997
1.60748
0.35433
1.61575
0.347664
1.50003
0.392519
1.49053
0.395248
1.73011
0.0338107
1.73932
0.0362819
1.80055
0.300362
1.79131
0.298052
1.92693
0.455523
1.92873
0.446171
1.82402
0.369747
1.82665
0.36023
1.21903
0.119586
1.21171
0.11434
1.98152
0.279203
1.99012
0.278062
1.8046
0.337183
1.80292
0.328856
1.44525
0.19495
1.45005
0.18695
1.61822
0.437984
1.6265
0.433317
1.62722
0.425511
1.62129
0.418075
1.19594
0.478925
1.20303
0.482579
1.07829
0.0682043
1.0859
0.0583096
1.16305
0.306414
1.16876
0.312044
1.61859
0.0928178
1.60612
0.0943583
1.54106
0.350144
1.55106
0.349656
1.03322
0.199865
1.02638
0.205457
1.47923
0.0978432
1.47122
0.0927658
1.54352
0.030416
1.53817
0.0375704
1.78304
0.0970417
1.78337
0.0873874
1.68308
0.102751
1.68679
0.109861
1.59903
0.217658
1.58889
0.216153
1.51541
0.503342
1.84294
0.336016
1.83901
0.343623
1.70247
0.211308
1.71185
0.216002
1.42661
0.438374
1.42301
0.447111
1.41153
0.41284
1.43502
0.423642
1.97563
0.0306547
1.97261
0.0387285
1.97211
0.365637
1.96321
0.371558
1.9477
0.382121
1.93825
0.382075
1.19979
0.2424
1.1891
0.239872
1.64609
0.262865
1.6494
0.271709
1.45829
0.122046
1.45099
0.112878
1.521
0.422881
1.51903
0.432546
1.29084
0.464064
1.2914
0.455608
1.43748
0.123287
1.44169
0.135324
1.3132
0.383374
1.30876
0.370148
1.31767
0.46714
1.32461
0.460902
1.9508
0.233323
1.93576
0.230583
1.42657
0.0113542
1.43178
0.0049112
1.2644
0.438684
1.2621
0.429548
1.80575
0.0622937
1.79878
0.0587822
1.55513
0.452798
1.55958
0.45967
1.94316
0.00637444
1.94837
0.0141375
1.78505
0.301872
1.78365
0.311175
1.58572
0.0947172
1.57744
0.09648
1.22035
0.0507993
1.21309
0.0477385
1.54891
0.224564
1.54176
0.23023
1.2147
0.376466
1.20969
0.384419
1.23668
0.365352
1.22792
0.368779
1.29274
0.150569
1.28497
0.150119
1.28848
0.37254
1.26718
0.374684
1.52177
0.0119771
1.5259
0.0047181
1.53646
0.295107
1.53152
0.287928
1.49921
0.102578
1.50534
0.109886
1.31985
0.15146
1.32064
0.142903
1.30308
0.140705
1.31081
0.13568
1.64672
0.290843
1.64006
0.297451
1.79332
0.215839
1.78408
0.217468
1.30164
0.334498
1.27687
0.324008
1.34424
0.4946
1.33724
0.500825
1.34248
0.477771
1.33838
0.469342
1.35988
0.485624
1.36849
0.489327
1.6442
0.0907228
1.65252
0.0980442
1.34674
0.0530244
1.35462
0.051105
1.25985
0.48486
1.26198
0.474731
1.44606
0.247348
1.44689
0.238029
1.68262
0.0445513
1.6736
0.0469949
1.67056
0.0534749
1.67323
0.0624398
1.64522
0.0428475
1.65455
0.0434099
1.95709
0.0125554
1.9623
0.00479233
1.17765
0.124019
1.17039
0.117537
1.22218
0.353974
1.21965
0.360419
1.14844
0.423767
1.15064
0.414689
1.14633
0.441337
1.14116
0.449117
1.60885
0.295321
1.60144
0.299894
1.39775
0.187315
1.39824
0.197073
1.40662
0.222826
1.4013
0.215158
1.44611
0.22245
1.44195
0.214097
1.33034
0.487632
1.32854
0.496538
1.29725
0.486514
1.30412
0.480213
1.72182
0.115253
1.72713
0.122918
1.17096
0.290531
1.16491
0.297855
1.73866
0.339655
1.73888
0.348175
1.64273
0.204246
1.64325
0.194939
1.14381
0.0570477
1.13534
0.0633191
0.99702
0.256399
1.00454
0.260312
1.8411
0.132401
1.84839
0.136772
1.17693
0.358022
1.17411
0.350711
1.94164
0.245339
1.93509
0.249395
1.64936
0.175516
1.64974
0.168008
1.49738
0.465322
1.49286
0.475211
1.21948
0.203042
1.21022
0.202237
1.47636
0.401738
1.47042
0.408883
1.89018
0.15686
1.88928
0.149081
1.63759
0.473351
1.64347
0.480467
1.31688
0.312926
1.31409
0.302933
1.62126
0.455751
1.61528
0.465844
1.01116
0.0522537
1.01357
0.0612079
1.59757
0.342954
1.59061
0.338069
1.3368
0.303914
1.34337
0.298546
1.8823
0.279812
1.87542
0.286015
1.20766
0.136727
1.20362
0.145042
1.44012
0.461109
1.44697
0.454903
1.43574
0.48116
1.4309
0.48903
1.4232
0.471904
1.41907
0.462407
1.84003
0.0415565
1.84335
0.0479518
1.11179
0.331379
1.11743
0.337768
1.2443
0.112294
1.24535
0.104506
1.43145
0.0355572
1.42523
0.0287509
1.52067
0.247536
1.52603
0.24005
1.52139
0.272745
1.51745
0.264423
1.50632
0.240453
1.51261
0.247183
1.20762
0.267065
1.19981
0.262194
1.23
0.250971
1.22638
0.259434
1.68212
0.208425
1.68589
0.200182
1.6975
0.188374
1.70658
0.186806
1.69198
0.174759
1.69216
0.183965
1.56334
0.151652
1.57203
0.150033
1.0343
0.351709
1.02866
0.35692
1.8895
0.354945
1.89411
0.349142
1.47871
0.189215
1.48834
0.183319
1.51493
0.127492
1.52044
0.120141
1.98847
0.491402
1.99524
0.495266
1.04109
0.421333
1.04877
0.418041
1.00251
0.411335
0.997308
0.42045
1.75447
0.439508
1.74387
0.438377
1.9085
0.159381
1.90164
0.163763
1.03632
0.458419
1.03781
0.449394
1.27626
0.377197
1.27946
0.369554
1.28082
0.401744
1.27599
0.395008
1.29859
0.395
1.29528
0.40282
1.94031
0.096097
1.94898
0.0932213
1.9226
0.103262
1.91398
0.100215
1.28788
0.327344
1.29246
0.3348
1.16397
0.36917
1.17199
0.36479
1.72158
0.478822
1.71317
0.475298
1.19552
0.460174
1.19295
0.468738
1.14053
0.464696
1.14593
0.474078
1.13748
0.493304
1.13691
0.502408
1.15218
0.491557
1.14339
0.489104
1.60416
0.241561
1.59786
0.234968
1.96704
0.288974
1.9592
0.292697
1.96077
0.273859
1.9678
0.278938
1.10463
0.292486
1.10163
0.284821
1.09419
0.269879
1.10327
0.269106
1.55308
0.381138
1.55859
0.375128
1.42447
0.346405
1.42617
0.338481
1.71039
0.506773
1.4729
0.171092
1.46616
0.1772
1.91734
0.030985
1.90857
0.0333926
1.73691
0.17416
1.73284
0.166027
1.73624
0.195178
1.74155
0.187688
1.75627
0.192028
1.75049
0.185282
1.93112
0.207777
1.93188
0.216841
1.52797
0.38771
1.5369
0.385628
1.63499
0.259296
1.627
0.262562
1.22043
0.0170907
1.21875
0.00871323
1.60518
0.399198
1.61246
0.402997
1.11093
0.100714
1.10512
0.107696
1.24852
0.334246
1.23999
0.331116
1.3928
0.0661124
1.40172
0.0678239
1.3703
0.0834035
1.37439
0.0752972
1.37375
0.0664328
1.36707
0.0602801
1.60607
0.0463542
1.60319
0.057401
1.0293
0.290829
1.0381
0.285011
1.13092
0.223538
1.13856
0.225974
1.58316
0.350293
1.583
0.341676
1.41128
0.0524378
1.40319
0.0443208
0.996283
0.223697
1.96343
0.174113
1.96626
0.165505
1.96605
0.150931
1.96206
0.142794
1.17324
0.216676
1.1651
0.212711
1.74665
0.502452
1.73918
0.505665
1.15027
0.152021
1.14556
0.161283
1.65955
0.426499
1.65608
0.418141
1.42365
0.419978
1.42159
0.413388
1.08502
0.30929
1.08375
0.318244
1.02531
0.434407
1.03442
0.435137
1.0012
0.426629
1.00954
0.430382
1.11008
0.173589
1.09958
0.17731
1.09371
0.189264
1.09526
0.198169
1.06948
0.175352
1.07852
0.175539
1.92841
0.0660318
1.93035
0.0573606
1.66023
0.296978
1.65383
0.29061
1.19303
0.106872
1.18996
0.0971501
1.16209
0.403601
1.17106
0.404564
1.1908
0.412865
1.19758
0.418828
1.19783
0.399466
1.19119
0.405589
1.49882
0.192074
1.49834
0.185073
1.23656
0.0552363
1.24336
0.059192
1.64705
0.0756513
1.64144
0.0827102
1.31253
0.009587
1.31032
0.0180868
1.12367
0.0188482
1.12429
0.00832986
1.7063
0.0577538
1.71674
0.0543242
1.20383
0.1164
1.19792
0.123206
1.70537
0.32918
1.7023
0.337647
1.67676
0.404226
1.67913
0.412679
1.44238
0.271155
1.44569
0.264388
1.52378
0.0285952
1.5279
0.0358542
