1.0037
0.552148
0.991872
0.528209
0.99552
0.558371
0.980089
0.591072
0.988297
0.592637
0.958451
0.550456
0.931837
0.525541
0.855237
0.516218
0.718137
0.681654
0.875406
0.560649
0.622774
0.828333
0.9649
0.565467
0.950815
0.542337
0.947725
0.568046
0.970833
0.691695
0.977489
0.51364
0.934204
0.538855
0.834483
0.519771
0.916727
0.531346
0.93803
0.567107
0.973538
0.603061
0.802388
0.505989
0.95787
0.633505
0.861741
0.721434
0.506978
0.714996
0.285458
0.524611
0.226353
0.995437
0.48636
0.7314
0.439081
0.842462
0.218974
0.899687
0.861884
0.73438
0.942577
0.704833
0.8877
0.685722
0.872203
0.596673
0.896087
0.51913
0.706393
0.632005
1.00833
0.643342
0.367048
0.956227
0.410791
0.8601
0.600004
0.657297
0.50432
0.673287
0.240216
0.64559
0.863582
0.583464
0.894031
0.560227
0.595084
0.743543
0.546405
0.545236
0.985191
0.797248
0.851793
0.842259
0.640641
0.851997
0.357044
0.646581
0.225106
0.806156
0.105571
0.713257
0.258306
0.854704
0.254338
0.887621
0.143166
0.919284
0.960695
0.597646
0.915152
0.678152
0.649348
0.814781
0.867538
0.758184
0.771741
0.622151
0.704646
0.605082
0.810865
0.503653
0.662261
0.592948
0.703963
0.644898
0.11608
0.769041
0.22619
0.561934
0.295855
0.966164
0.591507
0.706311
0.511755
0.890976
0.418052
0.736914
0.335349
0.641027
0.455527
0.613576
0.358452
0.582722
0.127595
0.631235
0.107194
0.629167
0.225136
0.784725
0.288861
0.700273
0.154836
0.883877
0.0399511
0.828002
0.534257
0.893175
0.602807
0.872861
0.551724
0.826039
0.457906
0.961919
0.342176
0.809541
0.276961
0.797919
0.184635
0.579766
0.0536732
0.565118
0.80583
0.554252
0.895607
0.570662
0.873825
0.589164
0.789268
0.544069
0.445182
0.54417
0.549573
0.604328
0.0813021
0.814603
0.103732
0.901778
0.199717
0.492984
0.298722
0.654735
0.173025
0.633309
0.761574
0.5152
0.697755
0.583381
0.0978537
0.628819
0.0677976
0.632186
0.597707
0.810043
0.636556
0.759539
0.691804
0.914351
0.691085
0.930567
0.902775
0.823836
0.971287
0.793718
0.544416
0.968888
0.388559
0.863588
0.422621
0.874624
0.637092
0.514766
0.574461
0.577436
0.470128
0.533242
0.386121
0.737325
0.752989
0.736466
0.725066
0.744467
0.913363
0.779435
0.831276
0.706503
0.450117
0.503236
0.497985
0.557328
0.382812
0.996058
0.36092
0.937088
0.963766
0.80188
0.86141
0.798343
0.723121
0.817926
0.876624
0.821138
0.945851
0.842695
0.854432
0.7563
0.874948
0.748029
0.115694
0.752923
0.183855
0.916423
0.290033
0.850341
0.888602
0.913709
0.968994
0.859633
0.766422
0.773204
0.670846
0.743608
0.332083
0.865256
0.295024
0.840444
0.0599578
0.572125
0.210056
0.554398
0.288656
0.613424
0.319111
0.606305
0.948684
0.866097
0.957774
0.856756
0.960846
0.655833
0.962629
0.623863
0.597774
0.524962
0.678733
0.543059
0.773366
0.518538
0.42187
0.666005
0.425194
0.583256
0.505454
0.850002
0.419496
0.767443
0.409523
0.732716
0.442003
0.597727
0.540753
0.55392
0.593732
0.589541
0.474353
0.656849
0.96323
0.882842
0.182689
0.715424
0.161411
0.704938
0.662776
0.96965
0.785367
0.99425
0.0140323
0.710443
0.0145431
0.722985
0.0279686
0.766148
0.0386019
0.880214
0.0421133
0.974892
0.0266333
0.899867
0.112315
0.495854
0.43379
0.918892
0.811791
0.836104
0.214279
0.925599
0.286291
0.496542
0.21977
0.569199
0.865742
0.696166
0.875181
0.665291
0.942693
0.626415
0.92321
0.605993
0.0378329
0.595367
0.383311
0.779676
0.399428
0.720389
0.799579
0.949957
0.640115
0.71627
0.613536
0.743194
0.783699
0.942832
0.678489
0.789218
0.667397
0.726806
0.512514
0.60419
0.51684
0.623261
0.828537
0.643838
0.818833
0.64371
0.670679
0.886399
0.68567
0.844216
0.786447
0.894933
0.783874
0.827308
0.513105
0.933067
0.568234
0.944415
0.240416
0.969265
0.108778
0.795763
0.133019
0.798898
0.207983
0.849435
0.242373
0.827483
0.227722
0.704854
0.21356
0.747822
0.669789
0.591434
0.621281
0.627109
0.0246681
0.535683
0.791554
0.725728
0.729786
0.795536
0.799088
0.656153
0.835242
0.712666
0.428204
0.523659
0.55766
0.599915
0.589061
0.677365
0.362433
0.727919
0.278587
0.671932
0.129657
0.89164
0.133071
0.881931
0.343935
0.880718
0.459946
0.944042
0.66716
0.522406
0.666728
0.57124
0.55323
0.712863
0.60485
0.748732
0.289777
0.623602
0.34849
0.551045
0.339837
0.704685
0.307212
0.65358
0.670916
0.841502
0.589913
0.889103
0.117212
0.716934
0.0509472
0.738827
0.243669
0.591662
0.251219
0.640405
0.534692
0.775062
0.51244
0.754501
0.166338
0.582011
0.199395
0.54035
0.934597
0.591203
0.86639
0.61534
0.504567
0.906366
0.441504
0.956428
0.154295
0.829798
0.16405
0.789304
0.152981
0.531337
0.1594
0.516286
0.404905
0.522015
0.34487
0.530376
0.387972
0.503276
0.409609
0.512943
0.569711
0.827372
0.587216
0.814328
0.606346
0.903331
0.618994
0.935394
0.663668
0.917539
0.649465
0.845664
0.0341048
0.711319
0.91512
0.505839
0.909358
0.52791
0.95765
0.560905
0.946287
0.577585
0.124616
0.705025
0.13507
0.746461
0.390127
0.944368
0.362375
0.866455
0.870535
0.902336
0.82242
0.984996
0.409126
0.697179
0.419435
0.652257
0.359567
0.7826
0.314765
0.791945
0.226836
0.509307
0.275582
0.885436
0.252968
0.847223
0.287139
0.709748
0.312654
0.782148
0.665522
0.73671
0.663816
0.78285
0.999017
0.971631
0.774851
0.827806
0.709875
0.824515
0.602807
0.704087
0.468571
0.749257
0.962651
0.668246
0.93307
0.678435
0.814933
0.620769
0.838459
0.662786
0.878393
0.529397
0.875464
0.540149
0.235423
0.635323
0.288009
0.675521
0.618931
0.687083
0.526182
0.650179
0.0815518
0.904834
0.0127827
0.885607
0.135114
0.949158
0.129632
0.958577
0.342671
0.867668
0.376335
0.652652
0.370912
0.700913
0.471571
0.724808
0.427426
0.724363
0.783308
0.600449
0.771697
0.61374
0.778656
0.528251
0.793137
0.583829
0.480925
0.535818
0.439685
0.521817
0.113421
0.516078
0.13824
0.544693
0.378876
0.788685
0.382484
0.843297
0.129605
0.937394
0.14531
0.929013
0.506925
0.945119
0.732011
0.894702
0.686302
0.904296
0.987989
0.988802
0.909481
0.92052
0.399068
0.940111
0.464901
0.935279
0.503747
0.964825
0.117102
0.593001
0.170817
0.602622
0.845335
0.817102
0.86475
0.822813
0.980582
0.819002
0.243399
0.679972
0.277354
0.655483
0.717797
0.567649
0.352312
0.917335
0.296371
0.925697
0.385357
0.562114
0.426111
0.565056
0.781785
0.609562
0.741895
0.597114
0.634609
0.594885
0.661119
0.616086
0.055189
0.658665
0.0786119
0.675059
0.0931584
0.66523
0.103628
0.684969
0.0795791
0.715288
0.0562955
0.692716
0.284947
0.728643
0.356883
0.743356
0.201599
0.703945
0.123206
0.74439
0.718683
0.882069
0.719378
0.96149
0.888707
0.892863
0.878349
0.893389
0.328633
0.950335
0.330505
0.971751
1.01038
0.730372
0.953621
0.766755
0.935776
0.711615
0.423035
0.53295
0.467946
0.564694
0.536319
0.512163
0.0352397
0.557333
0.670508
0.933062
0.492529
0.673347
0.460736
0.624015
0.544845
0.563985
0.506281
0.551873
0.719043
0.532516
0.702624
0.544789
0.560832
0.821239
0.538966
0.830992
0.480693
0.773845
0.474748
0.85444
0.721425
0.699343
0.737185
0.688369
0.941253
0.987214
0.901863
0.967105
0.216275
0.786994
0.230744
0.729506
0.817866
0.744108
0.811842
0.709972
0.85387
0.672295
0.864172
0.660912
0.795021
0.759257
0.76835
0.722401
0.665804
0.663597
0.696569
0.622886
0.696251
0.801943
0.712142
0.844428
0.655308
0.510112
0.540195
0.725707
0.498028
0.698635
0.412314
0.812596
0.4514
0.848688
0.0930819
0.493418
0.162152
0.877805
0.176902
0.770263
0.18215
0.848966
0.178654
0.897093
0.852985
0.890368
0.833523
0.882867
0.990453
0.696139
0.424433
0.512205
0.451055
0.536609
0.528641
0.507383
0.547472
0.509095
0.0421498
0.569828
0.00444525
0.569057
0.914027
0.940434
0.951399
0.899802
0.987927
0.952867
0.960546
0.969957
0.92771
0.622038
0.844424
0.671792
0.468189
0.667479
0.477885
0.707314
0.831069
0.837548
0.798428
0.84903
0.784172
0.785788
0.746416
0.7794
0.585895
0.969529
0.837941
0.974461
0.870617
0.914908
0.108554
0.840845
0.0663089
0.802568
0.0508879
0.853198
0.0285597
0.860553
0.135417
0.994685
0.167155
0.930586
0.894114
0.918953
0.902259
0.914157
0.227375
0.63312
0.27195
0.706892
0.314078
0.505717
0.335878
0.525934
0.789714
0.967319
0.790997
0.950055
0.526979
0.49654
0.981266
0.892977
0.951557
0.878524
0.429015
0.689209
0.441076
0.714831
0.254673
0.917638
0.252725
0.867213
0.488722
0.91861
0.53011
0.885021
0.572306
0.88672
0.518992
0.912257
0.795288
0.879979
0.77653
0.880829
0.935399
0.763459
0.912391
0.792073
0.880776
0.788375
0.841143
0.798829
0.361563
0.920737
0.335126
0.940187
0.633081
0.686398
0.508979
0.69406
0.302654
0.779105
0.277936
0.834537
0.850302
0.965609
0.848622
0.973849
0.979674
0.60999
1.00107
0.607552
0.356715
0.81698
0.367931
0.78867
0.327243
0.578193
0.332547
0.593498
0.243834
0.560025
0.275918
0.51225
0.227364
0.941553
0.201451
0.908308
0.0370369
0.508654
0.0660003
0.542708
0.0400153
0.839191
0.0248133
0.848517
0.0310612
0.909093
0.589872
0.686742
0.614925
0.730888
1.00718
0.633751
0.997399
0.657986
0.695901
0.496765
0.236768
0.615361
0.26981
0.631813
1.01152
0.753565
1.00088
0.727009
0.368018
0.976684
0.28532
0.97972
0.529126
0.665563
0.57962
0.672215
0.611311
0.642267
0.589311
0.644371
0.0417044
0.912725
0.0566196
0.918816
0.771416
0.835958
0.695199
0.893449
0.301161
0.762752
0.281855
0.663354
0.850845
0.491034
0.0580027
0.892579
0.124226
0.874801
0.703051
0.702532
0.688819
0.714746
0.652295
0.803491
0.614868
0.811449
0.492594
0.498017
0.673496
0.925188
0.599687
0.92468
1.00712
0.97698
0.587922
0.749997
0.595035
0.799903
0.314994
0.850555
0.378055
0.855441
0.285256
0.86943
0.258684
0.87734
0.570566
0.586623
0.614626
0.568434
0.95347
0.674788
0.56685
0.499484
0.61525
0.499516
0.867021
0.554123
0.864233
0.57488
0.162751
0.57172
0.194471
0.584283
0.651511
0.973262
0.640625
0.992169
0.69458
0.946289
0.683266
0.959036
0.778892
0.678897
0.728474
0.707599
0.124867
0.516491
0.145397
0.527882
0.366256
0.652766
0.413772
0.618044
0.533128
0.746541
0.5663
0.788842
0.128788
0.611226
0.157212
0.587541
0.059403
0.535476
0.139007
0.533265
0.863423
0.831199
0.848686
0.858865
0.330201
0.516952
0.303948
0.49521
0.923662
0.595627
0.964972
0.606102
0.700635
0.536191
0.676167
0.523983
0.321487
0.810328
0.288473
0.792736
0.15996
0.715793
0.153382
0.698724
0.71324
0.544157
0.709125
0.493853
0.73789
0.967449
0.775997
0.957318
0.932864
0.96939
0.0124435
0.845956
0.582941
0.872239
0.591811
0.918016
0.709732
0.663159
0.687858
0.657586
0.0430787
0.708345
0.0723231
0.679352
0.374966
0.952747
0.437387
0.621972
0.461131
0.59737
0.349531
0.620349
0.367944
0.626951
0.396451
0.557765
0.41195
0.535194
0.087024
0.921758
0.0868032
0.930072
0.930339
0.739248
0.886166
0.749845
0.456209
0.66754
0.486227
0.654501
0.635022
0.572316
0.582176
0.57798
0.760629
0.600563
0.769351
0.563777
0.0477617
0.944457
0.0242561
0.961971
0.746595
0.719708
0.756608
0.72492
0.117276
0.663307
0.101728
0.661074
0.141406
0.697363
0.146124
0.66113
0.458
0.805421
0.432703
0.746517
0.475928
0.805143
0.480121
0.813465
0.488256
0.817614
0.507747
0.82431
0.875818
0.768791
0.814246
0.71966
0.23479
0.768528
0.152894
0.752919
0.175338
0.562897
0.176003
0.58597
0.630608
0.851862
0.60712
0.815696
0.963886
0.979474
0.885964
0.499247
0.873262
0.521099
0.931495
0.781102
0.953382
0.784016
0.798505
0.85848
0.776617
0.928456
0.0406512
0.735352
0.519916
0.739053
0.564201
0.772508
0.923434
0.522469
0.938247
0.518364
0.612934
0.87089
0.594794
0.907225
0.196384
0.816444
0.158093
0.797118
0.47681
0.746804
0.449195
0.750723
0.769687
0.911015
0.801012
0.904229
0.553939
0.58259
0.559571
0.647911
0.670398
0.561107
0.685813
0.569248
0.963585
0.812648
0.914044
0.828723
0.0708249
0.961468
0.463542
0.994784
0.494026
0.966232
0.265064
0.509175
0.218313
0.526244
0.217987
0.507592
0.202694
0.524427
0.878923
0.9608
0.856481
0.989246
0.833127
0.939094
0.824512
0.916882
0.564868
0.971507
0.632812
0.996084
0.701283
0.968932
0.0114546
0.636109
0.463542
0.9783
0.397894
0.993993
0.151051
0.978111
0.268068
0.973055
0.0859881
0.953878
0.00734057
0.791364
0.51897
0.968465
0.374098
0.944159
0.0346778
0.565665
0.0050587
0.630706
0.222442
0.963923
0.526549
0.792865
0.56933
0.80537
0.638199
0.778348
0.604709
0.794893
0.57442
0.913934
0.542887
0.907777
0.330452
0.746496
0.36554
0.738203
0.914646
0.657543
0.948821
0.654374
0.294429
0.944892
0.284139
0.946125
0.303734
0.560283
0.299868
0.608242
0.926905
0.707642
0.911435
0.694867
0.492952
0.601233
0.48852
0.617313
0.840186
0.536933
0.821598
0.551804
0.806241
0.973786
0.0571958
0.764439
0.0679168
0.743729
0.0439131
0.659642
0.0697826
0.647273
0.0416099
0.612109
0.0363751
0.630973
0.0764112
0.606252
0.0739237
0.624129
0.185182
0.637215
0.176247
0.614239
0.668696
0.674549
0.670804
0.653415
0.436647
0.789891
0.421375
0.818394
0.317176
0.682624
0.349049
0.682831
0.362674
0.663576
0.388609
0.680195
0.366564
0.79916
0.382989
0.822999
0.842889
0.611199
0.847253
0.641561
0.827151
0.574474
0.82048
0.59097
0.810925
0.630616
0.800197
0.630464
0.269554
0.79044
0.237578
0.738428
0.313955
0.557402
0.320229
0.53225
0.204204
0.751766
0.226532
0.771337
0.202341
0.760977
0.163914
0.756785
0.733954
0.869294
0.761624
0.865719
0.566256
0.915622
0.586271
0.900785
0.568619
0.933782
0.567346
0.962723
0.611164
0.712225
0.606898
0.723651
0.274029
0.935407
0.261715
0.925116
0.721703
0.916928
0.738118
0.930807
0.293787
0.644933
0.30191
0.627962
0.734086
0.775655
0.730245
0.765047
0.514023
0.556865
0.47313
0.57982
0.428195
0.494449
0.658728
0.633307
0.648066
0.624912
0.614069
0.909388
0.633935
0.866134
0.277251
0.770954
0.276608
0.761114
0.154084
0.935128
0.144643
0.95013
0.623803
0.71025
0.658892
0.720542
0.995652
0.521603
0.178108
0.596562
0.211043
0.564784
0.247523
0.601501
0.238075
0.57652
0.907668
0.576857
0.934722
0.581695
0.221712
0.888818
0.230589
0.881602
0.212947
0.823927
0.192409
0.828515
0.744846
0.661749
0.778017
0.628939
0.578271
0.788882
0.563373
0.796803
0.251519
0.955645
0.261775
0.955906
0.254663
0.98716
0.257492
0.974639
0.579907
0.538356
0.599363
0.581061
0.041571
0.96534
0.0769774
0.950177
0.815006
0.667615
0.812492
0.655098
0.200462
0.688639
0.220056
0.639789
0.218053
0.706714
0.195352
0.699246
0.264762
0.751967
0.23567
0.716413
0.79662
0.792515
0.844133
0.783088
0.778432
0.893486
0.76738
0.877604
0.846342
0.869862
0.804983
0.876157
0.278031
0.724059
0.278965
0.714668
0.64518
0.78618
0.64351
0.796585
0.691146
0.880245
0.641991
0.890295
0.366987
0.819472
0.395185
0.813609
0.691997
0.751834
0.705405
0.748794
0.916324
0.564073
0.875251
0.569984
0.0385358
0.54895
0.046414
0.509984
0.0123747
0.533226
0.699792
0.861489
0.716535
0.827007
0.312464
0.621947
0.361169
0.610211
0.308093
0.679164
0.290228
0.682503
0.789456
0.985777
0.904613
0.700945
0.869956
0.716805
0.496945
0.866918
0.505908
0.817452
0.787692
0.746359
0.770898
0.780871
0.819063
0.780871
0.799116
0.776664
0.829128
0.749232
0.797546
0.74224
0.602412
0.553735
0.618322
0.542609
0.584485
0.613673
0.573754
0.596872
0.0975501
0.881735
0.0911494
0.832542
0.136291
0.831698
0.140818
0.813793
0.126609
0.864795
0.124614
0.848269
0.0756831
0.896519
0.113071
0.874837
0.381725
0.494182
0.479897
0.940533
0.491164
0.899125
0.4346
0.833628
0.446189
0.841444
0.794292
0.785697
0.805292
0.795962
0.204169
0.665144
0.168433
0.661379
0.81671
0.811423
0.819529
0.841372
0.773111
0.555167
0.755981
0.579934
0.480603
0.90308
0.427361
0.86662
0.609393
0.686764
0.646668
0.679158
0.361896
0.525533
0.43541
0.927173
0.409495
0.918723
0.350744
0.935999
0.374107
0.888441
0.413715
0.873374
0.390654
0.917363
0.642608
0.861139
0.666973
0.847054
0.690549
0.522959
0.727738
0.519521
0.108532
0.619621
0.137113
0.6329
0.880958
0.9461
0.846604
0.948725
0.369236
0.616139
0.352948
0.598126
0.311164
0.581555
0.322955
0.564756
0.46077
0.870994
0.43868
0.86824
0.453632
0.878076
0.448899
0.907609
0.53652
0.873711
0.560944
0.850655
0.549496
0.912858
0.528751
0.902075
0.619112
0.958475
0.630925
0.940984
0.662748
0.945868
0.63112
0.952885
0.755348
0.629662
0.747737
0.636358
0.540758
0.662762
0.497177
0.623225
0.564563
0.639112
0.57522
0.636934
0.534073
0.79802
0.544116
0.792247
0.493052
0.742269
0.489628
0.721539
0.180976
0.652883
0.133404
0.653985
0.713761
0.610268
0.721926
0.601128
0.0368254
0.762144
0.0141527
0.783907
0.886062
0.650293
0.881662
0.629117
0.65945
0.601744
0.627928
0.57943
0.327943
0.492829
0.285407
0.507254
0.980412
0.710763
0.994461
0.689227
0.93524
0.506559
0.973872
0.493454
0.988321
0.512557
0.0933772
0.573128
0.123023
0.550347
0.433047
0.667653
0.39564
0.657544
0.0244945
0.884293
0.0215853
0.868599
0.122186
0.76378
0.133468
0.769403
0.0714712
0.789655
0.0873472
0.757854
0.17044
0.650139
0.142905
0.678966
0.78295
0.51212
0.78948
0.553001
0.917825
0.753732
0.923345
0.762158
0.383361
0.894829
0.408484
0.881995
0.851639
0.777943
0.848284
0.764564
0.183161
0.887629
0.196183
0.883481
0.173373
0.552408
0.176013
0.503657
0.210331
0.511409
0.193541
0.509108
0.161709
0.494396
0.16707
0.502245
0.210065
0.767333
0.218108
0.762995
0.743764
0.835477
0.790226
0.845011
0.0288338
0.783907
0.0472896
0.811557
0.973275
0.627591
0.997643
0.648366
0.664993
0.609903
0.667178
0.627135
0.446885
0.590318
0.430333
0.576156
0.906073
0.502445
0.906073
0.49409
0.977162
0.581497
0.966334
0.585031
0.926225
0.500279
0.94286
0.502117
0.0104843
0.574768
0.212743
0.960517
0.176836
0.939244
0.458901
0.775676
0.489416
0.780193
0.324596
0.500778
0.142049
0.738654
0.123768
0.724965
0.978885
0.69913
0.966448
0.746686
0.97837
0.75133
0.979168
0.84918
0.704037
0.982044
0.542952
0.715239
0.567543
0.676425
0.302001
0.933647
0.317948
0.948782
0.313166
0.967187
0.613485
0.835305
0.596804
0.835177
0.552811
0.498735
0.523864
0.550688
0.0980468
0.717243
0.0560833
0.719581
0.716379
0.551757
0.711097
0.562442
0.910303
0.847197
0.913374
0.883566
0.988285
0.809531
0.989532
0.941174
0.993012
0.905375
0.506998
0.641381
0.509644
0.661723
0.71343
0.912236
0.7034
0.917183
0.714815
0.889273
0.706272
0.895218
0.42061
0.914062
0.412639
0.891069
0.446296
0.892628
0.442402
0.87585
0.387434
0.873453
0.396572
0.880627
0.245053
0.869737
0.213982
0.882451
0.239993
0.816094
0.247999
0.805694
0.527847
0.694694
0.517106
0.699982
0.0964981
0.751525
0.0949654
0.736455
0.107575
0.70181
0.119358
0.696525
0.603036
0.692184
0.564767
0.65593
0.425347
0.735555
0.416948
0.746395
0.177207
0.807199
0.157114
0.780469
0.786015
0.959376
0.770399
0.963824
0.785409
0.934421
0.812351
0.917341
0.825908
0.925294
0.843514
0.940518
0.141895
0.765038
0.141508
0.755951
0.155448
0.869727
0.147654
0.912072
0.742254
0.651149
0.719679
0.669897
0.627255
0.590059
0.59968
0.599675
0.251881
0.721157
0.268057
0.726082
0.883002
0.660522
0.90781
0.68585
0.685139
0.793284
0.67406
0.763914
0.794274
0.668523
0.790534
0.6477
0.840989
0.633222
0.862032
0.652185
0.236246
0.566196
0.268904
0.536392
0.0931324
0.949119
0.11551
0.947625
0.0859509
0.993676
0.409678
0.599359
0.417524
0.605398
0.442502
0.631264
0.453122
0.633352
0.388336
0.667745
0.410654
0.649388
0.0816219
0.888947
0.0661841
0.900027
0.638671
0.915706
0.650229
0.951974
0.257651
0.690068
0.263596
0.708763
0.047154
0.84432
0.0833326
0.8609
0.543217
0.822076
0.561188
0.811031
0.0342714
0.960846
0.0140789
0.966614
0.837181
0.548244
0.832589
0.529017
0.324102
0.79822
0.293147
0.822548
0.317908
0.761971
0.347535
0.766823
0.277023
0.810355
0.255508
0.783438
0.748085
0.792277
0.756269
0.827619
0.719491
0.798529
0.727672
0.783671
0.741347
0.538078
0.736236
0.515578
0.832143
0.567574
0.794585
0.568901
0.531602
0.574852
0.517515
0.577103
0.0393678
0.693869
0.0399582
0.725188
0.280314
0.847272
0.271211
0.855447
0.769021
0.693436
0.772901
0.711115
0.164878
0.899325
0.188029
0.906644
0.942699
0.545735
0.921903
0.552358
0.792999
0.714707
0.7787
0.687692
0.459444
0.744172
0.464059
0.727841
0.0350532
0.985457
0.220929
0.823284
0.200097
0.835863
0.902522
0.814106
0.919884
0.824139
0.873576
0.800313
0.880461
0.811179
0.917779
0.83943
0.888924
0.856309
0.106816
0.554359
0.0909019
0.528114
0.0891021
0.515489
0.0786412
0.532315
0.650352
0.745741
0.623013
0.748444
0.678137
0.86263
0.711524
0.874699
0.633182
0.649278
0.654978
0.660531
0.58179
0.662493
0.575227
0.655027
0.972213
0.71679
0.957901
0.714636
0.890162
0.527623
0.897726
0.53323
0.759308
0.505465
0.717825
0.501887
0.523729
0.975245
0.536773
0.929931
0.263901
0.596197
0.275099
0.600357
0.219462
0.618824
0.23842
0.60759
0.393684
0.711904
0.396078
0.682768
0.986028
0.829599
0.969205
0.820253
0.935414
0.845979
0.94972
0.832633
0.94376
0.758557
0.960957
0.763708
0.85104
0.61532
0.856081
0.569814
0.378863
0.696337
0.378579
0.68646
0.357565
0.685462
0.368406
0.679713
0.449786
0.720692
0.458382
0.736851
0.382341
0.645594
0.393737
0.648079
0.946777
0.917167
0.990759
0.924641
0.950507
0.967731
0.942557
0.975558
0.964514
0.945768
0.951068
0.944906
0.995185
0.74405
0.974995
0.728212
0.753651
0.559184
0.760019
0.566414
0.24853
0.687615
0.221466
0.655043
0.366611
0.560973
0.392122
0.594406
0.546236
0.924546
0.526988
0.959057
0.55518
0.974965
0.557639
0.988635
0.508745
0.992688
0.437985
0.679541
0.468988
0.688285
0.911926
0.894992
0.946499
0.935162
0.691803
0.533821
0.691766
0.505555
0.353902
0.809659
0.367919
0.857227
0.856432
0.87313
0.858322
0.899452
0.363738
0.758595
0.374032
0.743082
0.87742
0.51304
0.867844
0.542625
0.860042
0.881675
0.87744
0.874713
0.459144
0.508905
0.48598
0.527321
0.580909
0.921945
0.578091
0.93187
0.690336
0.667633
0.680576
0.677393
0.469018
0.503942
0.47113
0.492916
0.511346
0.745544
0.487377
0.792705
0.921677
0.916712
0.92422
0.903586
0.32762
0.7576
0.320943
0.774815
0.667258
0.792409
0.642024
0.767802
0.183667
0.987268
0.175222
0.951716
0.165409
0.957898
0.643268
0.57353
0.614766
0.551599
0.34482
0.67304
0.333929
0.677744
0.464762
0.539623
0.48543
0.546642
0.485565
0.566341
0.511368
0.57049
0.241311
0.900372
0.22277
0.918891
0.350545
0.832018
0.36109
0.836688
0.286182
0.88067
0.297831
0.883943
0.329635
0.857592
0.317989
0.859815
0.30167
0.914475
0.332047
0.894948
0.505791
0.784101
0.516292
0.777911
0.560605
0.842814
0.569113
0.837849
0.775335
0.659294
0.755193
0.664434
0.843763
0.923516
0.834547
0.92753
0.399471
0.603381
0.400021
0.566868
0.378037
0.557048
0.39566
0.519734
0.354535
0.572709
0.343998
0.570628
0.340693
0.801338
0.359052
0.800715
0.173871
0.834009
0.182425
0.835478
0.524958
0.723574
0.516333
0.711171
0.108354
0.805075
0.101193
0.811355
0.438608
0.824448
0.449396
0.811456
0.912534
0.860671
0.921357
0.862908
0.410225
0.927736
0.382047
0.956864
0.38631
0.981532
0.273391
0.897821
0.282297
0.907698
0.946574
0.593496
0.958947
0.615634
0.699943
0.691641
0.6859
0.689903
0.258867
0.837215
0.269786
0.830589
0.0955981
0.554987
0.0923609
0.584484
0.110698
0.635129
0.111588
0.60203
0.0700861
0.599252
0.0864017
0.602044
0.0865628
0.783071
0.0891159
0.806712
0.0667653
0.710105
0.0659335
0.697085
0.0770908
0.754733
0.0592526
0.730834
0.488918
0.975311
0.507384
0.972088
0.430915
0.956986
0.446928
0.961894
0.473102
0.934103
0.464256
0.955282
0.0755684
0.745901
0.0689973
0.732243
0.112298
0.900965
0.119817
0.935534
0.784373
0.708622
0.801552
0.706543
0.256925
0.529658
0.237773
0.536836
0.0258409
0.809385
0.846104
0.727095
0.871526
0.739073
0.055733
0.974504
0.0709042
0.995463
0.0915943
0.548062
0.112945
0.546651
0.119816
0.958904
0.149669
0.958732
0.176721
0.669235
0.194762
0.682112
0.578278
0.840926
0.606629
0.828521
0.725007
0.583784
0.727135
0.54844
0.334379
0.885695
0.325868
0.876495
0.67941
0.876285
0.660114
0.884298
0.0214926
0.662385
0.0868818
0.6573
0.0849084
0.645641
0.442698
0.988689
0.432282
0.988927
0.143827
0.564092
0.158377
0.538837
0.130208
0.989355
0.119791
0.989444
0.767696
0.743976
0.772032
0.761885
0.345215
0.941127
0.350714
0.950193
0.0215882
0.631109
0.0510815
0.629473
0.0274943
0.667427
0.0382194
0.665844
0.0709846
0.813571
0.0678077
0.826114
0.897899
0.844899
0.894105
0.832245
0.903736
0.867938
0.89253
0.865873
0.468122
0.760318
0.44316
0.769171
0.975176
0.680159
0.987236
0.680682
0.0107657
0.583675
0.415461
0.687226
0.413254
0.67591
0.0400251
0.754681
0.00462562
0.757812
0.0107671
0.869982
0.59082
0.541382
0.572553
0.509791
0.274903
0.98109
0.468455
0.874288
0.488968
0.84946
0.510469
0.842071
0.53159
0.831974
0.683029
0.70795
0.680021
0.697714
0.366268
0.513685
0.373559
0.510333
0.927351
0.64358
0.917647
0.63473
0.824695
0.617528
0.848275
0.625597
0.337644
0.979071
0.322917
0.994658
0.769948
0.900875
0.738211
0.910628
0.678891
0.651884
0.675807
0.611449
0.136154
0.684994
0.102191
0.695214
0.152145
0.637139
0.142629
0.64083
0.536708
0.523637
0.552573
0.521002
0.979376
0.770625
0.982357
0.760687
0.748845
0.910589
0.76662
0.932504
0.368448
0.533748
0.358941
0.550012
0.465921
0.83773
0.475618
0.831855
0.321229
0.974282
0.304681
0.972961
0.409784
0.546934
0.404463
0.531068
0.911282
0.587763
0.890901
0.60428
0.00523758
0.661949
0.00523758
0.651532
0.29849
0.769608
0.310215
0.757698
0.322109
0.708907
0.346839
0.710356
0.900581
0.956317
0.913004
0.967129
0.51147
0.680097
0.54432
0.681686
0.0540116
0.581753
0.0699988
0.615015
0.0586152
0.587247
0.0434913
0.585921
0.810197
0.57598
0.823697
0.600472
0.393963
0.746764
0.390178
0.759339
0.63565
0.532636
0.629092
0.522691
0.554992
0.545473
0.561562
0.526357
0.0674155
0.86945
0.070594
0.878536
0.900473
0.717691
0.921009
0.724765
0.103364
0.642917
0.0743336
0.641459
0.279973
0.633068
0.284254
0.645021
0.189187
0.807816
0.193198
0.795851
0.719609
0.941704
0.748022
0.931461
0.721844
0.926853
0.716354
0.933036
0.728047
0.975484
0.742162
0.993106
0.751427
0.96909
0.833
0.696926
0.856096
0.682055
0.169371
0.860832
0.190425
0.852481
0.214829
0.497756
0.20213
0.506374
0.264834
0.759413
0.266031
0.734128
0.533806
0.593647
0.525525
0.622433
0.497873
0.633854
0.469686
0.64602
0.701691
0.844917
0.699366
0.872315
0.615653
0.592752
0.611648
0.600584
0.571838
0.567814
0.561809
0.538129
0.918735
0.798405
0.949751
0.776951
0.786994
0.753902
0.758111
0.742864
0.0533221
0.936388
0.0716661
0.93981
0.504353
0.800193
0.518557
0.80818
0.161579
0.81395
0.161029
0.825169
0.449759
0.488611
0.0297904
0.514846
0.0326496
0.526884
0.0208622
0.511218
0.803834
0.686115
0.803207
0.675268
0.495818
0.906995
0.493996
0.92742
0.727514
0.664218
0.754472
0.681104
0.899581
0.795899
0.894518
0.80777
0.730283
0.821845
0.733776
0.833258
0.194083
0.992946
0.201781
0.973495
0.21974
0.752695
0.183389
0.751974
0.794597
0.927153
0.779096
0.917585
0.766714
0.497233
0.139046
0.613775
0.144112
0.602544
0.775171
0.496408
0.783352
0.50387
0.728571
0.498907
0.737023
0.506312
0.501717
0.516945
0.524427
0.540614
0.0212888
0.762442
0.431876
0.798194
0.427613
0.783157
0.448745
0.778193
0.446099
0.788381
0.68537
0.802808
0.679325
0.811172
0.190271
0.936512
0.197462
0.94818
0.714912
0.628581
0.716389
0.61934
0.935283
0.887385
0.944471
0.887532
0.984363
0.900672
0.972459
0.90764
0.989468
0.855212
0.986181
0.884458
0.172644
0.720682
0.172582
0.750268
0.974351
0.916262
0.9542
0.924366
0.83625
0.777954
0.805971
0.775366
0.851907
0.717215
0.837146
0.742193
0.887865
0.988236
0.868771
0.963884
0.14044
0.651199
0.107883
0.669127
0.968848
0.95823
0.98029
0.961123
0.209258
0.950252
0.216285
0.939544
0.115982
0.892521
0.108243
0.882848
0.425537
0.962863
0.414604
0.961867
0.402182
0.622756
0.382658
0.60816
0.792078
0.614515
0.792784
0.637596
0.945461
0.645181
0.950295
0.634992
0.722466
0.715837
0.724984
0.689669
0.661381
0.681496
0.673663
0.712733
0.170608
0.918231
0.161005
0.910684
0.528137
0.613067
0.535662
0.611386
0.217687
0.730091
0.212944
0.718858
0.46483
0.91562
0.476162
0.897418
0.392306
0.841974
0.39023
0.821854
0.931234
0.876459
0.922784
0.876202
0.00452356
0.507812
0.00498445
0.492188
0.696255
0.609582
0.677792
0.601776
0.547703
0.67021
0.559252
0.667605
0.562673
0.686336
0.550999
0.688993
0.624414
0.692514
0.627286
0.702124
0.573352
0.700403
0.584044
0.695921
0.808303
0.727261
0.79958
0.731083
0.881615
0.993264
0.889846
0.927381
0.88317
0.954995
0.0941885
0.790454
0.104117
0.78987
1.00275
0.877535
0.829694
0.554444
0.816657
0.511969
1.00296
0.540426
0.99312
0.505789
0.81165
0.493554
0.400559
0.846915
0.401241
0.856384
0.965754
0.924291
0.971499
0.93595
0.0217551
0.587674
0.00472666
0.58838
0.0250415
0.917601
0.0295097
0.933891
0.652276
0.6754
0.648764
0.665388
0.734336
0.57872
0.743653
0.585338
0.994056
0.994099
1.00447
0.988007
0.823426
0.879322
0.818495
0.851475
0.84807
0.908064
0.810296
0.909045
0.753854
0.77086
0.749879
0.75843
0.18773
0.957604
0.189709
0.968088
0.919634
0.714427
0.90855
0.711197
0.0388071
0.863626
0.0425091
0.874185
0.756042
0.530725
0.74607
0.530575
0.207766
0.607845
0.202331
0.614111
0.477589
0.695608
0.473544
0.677409
1.00845
0.661766
0.770656
0.673763
0.780049
0.650811
0.478295
0.616479
0.473107
0.625588
0.630697
0.972783
0.619159
0.968979
0.595919
0.967167
0.609781
0.953951
0.599059
0.956481
0.911809
0.99253
0.921495
0.973576
0.294988
0.555651
0.27194
0.571288
0.0472094
0.547851
0.0568947
0.555811
0.26152
0.792997
0.227465
0.814466
0.527643
0.863313
0.531186
0.851086
0.860222
0.783406
0.872402
0.778344
0.885906
0.767472
0.888844
0.758682
0.991222
0.624611
0.98024
0.62221
0.296585
0.803121
0.288477
0.813478
0.0717085
0.524729
0.0621516
0.525389
0.178057
0.521747
0.17283
0.532959
0.935575
0.823981
0.945958
0.825331
0.90587
0.6039
0.919124
0.62493
0.888693
0.635812
0.885453
0.62222
0.411346
0.768878
0.413056
0.801962
0.355169
0.753145
0.377154
0.770248
0.450044
0.654977
0.457358
0.644087
0.457448
0.690348
0.450025
0.679533
0.337665
0.902515
0.34917
0.904914
0.363194
0.876111
0.35381
0.884605
0.746361
0.71113
0.737478
0.706341
0.70343
0.942949
0.705344
0.932842
0.657951
0.84905
0.647992
0.835856
0.407598
0.898575
0.392587
0.892669
0.812985
0.825815
0.790515
0.83502
0.835866
0.812749
0.820164
0.81965
0.820378
0.797146
0.811582
0.793322
0.26386
0.654856
0.260598
0.643139
0.779399
0.794863
0.772569
0.809678
0.74221
0.811041
0.737868
0.800397
0.284564
0.54087
0.295063
0.543343
0.334358
0.959178
0.34635
0.958095
0.735244
0.745781
0.7386
0.756362
0.491052
0.955675
0.47967
0.972328
0.560628
0.589519
0.560362
0.553521
0.623664
0.817302
0.633022
0.801714
0.618424
0.489407
0.256315
0.562489
0.261391
0.571444
0.28862
0.83053
0.303034
0.840002
0.427483
0.602026
0.431271
0.593148
0.695312
0.996225
0.0553575
0.802432
0.0499636
0.790709
0.198388
0.846341
0.216395
0.87294
0.561205
0.721708
0.5492
0.742459
0.859381
0.506456
0.849881
0.500797
0.526784
0.781307
0.560057
0.781408
0.196338
0.670289
0.201229
0.653049
0.281467
0.93618
0.286127
0.926997
0.313051
0.909578
0.320873
0.917392
0.907195
0.933029
0.895705
0.935094
0.609662
0.65173
0.631907
0.65765
0.189953
0.865162
0.198663
0.86999
0.911819
0.668296
0.925047
0.655883
0.669757
0.827614
0.699852
0.810165
0.216518
0.683185
0.213394
0.671704
0.232287
0.694374
0.242582
0.695529
0.422042
0.841624
0.427805
0.834236
0.157337
0.548532
0.145812
0.553028
0.587887
0.716023
0.594921
0.725226
0.999796
0.850019
0.998249
0.827526
0.275918
0.520409
0.246342
0.501584
0.0760513
0.495434
0.0775594
0.514441
0.0751732
0.979886
0.0787301
0.989139
0.112704
0.974727
0.0963676
0.988451
0.564766
0.739697
0.562769
0.754443
1.01085
0.706385
0.991656
0.67474
0.546729
0.872546
0.554249
0.881576
0.506521
0.858785
0.516818
0.86627
0.179681
0.975241
0.167889
0.970939
0.441842
0.704529
0.453867
0.700428
0.407454
0.72278
0.418061
0.715788
0.143636
0.824661
0.119025
0.840235
0.266704
0.618032
0.275745
0.609109
0.294395
0.904906
0.300823
0.893766
0.813983
0.860053
0.806343
0.86418
0.764578
0.855762
0.777256
0.855377
0.78015
0.845449
0.761216
0.835481
0.892724
0.78737
0.899103
0.761006
0.540193
0.602265
0.539634
0.584914
0.664714
0.819275
0.655075
0.820664
0.6288
0.77816
0.595137
0.76522
0.88938
0.713581
0.872795
0.703271
0.591448
0.504403
0.589967
0.494976
0.107721
0.508081
0.0953879
0.507335
0.702037
0.729631
0.709988
0.735962
1.00296
0.777207
0.994226
0.762447
0.980241
0.87513
0.971576
0.873293
0.68933
0.732952
0.683873
0.742323
0.945415
0.728941
0.941151
0.740759
0.206437
0.900744
0.20386
0.888453
0.205395
0.921134
0.193837
0.926047
0.237399
0.918431
0.244682
0.948723
0.590931
0.854594
0.593058
0.865488
0.934831
0.667273
0.94518
0.66554
0.00519308
0.979182
0.0140582
0.975525
0.246727
0.668658
0.258046
0.665935
0.235577
0.529507
0.226799
0.52499
0.227119
0.620941
0.205151
0.598368
0.985777
0.743993
0.999648
0.753147
0.0111541
0.686318
0.0222183
0.686887
0.812606
0.587021
0.800743
0.590959
0.52237
0.593211
0.514111
0.586729
0.048014
0.896312
0.0488308
0.908673
0.0132264
0.918792
0.00624541
0.912474
0.02363
0.951108
0.0330858
0.926386
0.260636
0.718563
0.245095
0.713797
0.340836
0.562018
0.33115
0.560731
0.429921
0.645541
0.438922
0.655083
0.0484577
0.822958
0.0588354
0.829808
0.0310101
0.839243
0.00619469
0.818315
0.0345552
0.80474
0.0369306
0.792534
0.0134527
0.945334
0.959312
0.694862
0.953753
0.705968
0.17867
0.485886
0.183013
0.497508
0.634147
0.731743
0.625318
0.727323
0.765582
0.595115
0.777003
0.594692
0.311543
0.612405
0.315242
0.597391
0.319302
0.64407
0.324795
0.637196
0.341601
0.635
0.322327
0.626796
0.515386
0.876618
0.519801
0.884971
0.426529
0.978477
0.408311
0.988737
0.390082
0.990052
0.381131
0.965454
0.1933
0.526949
0.189909
0.536618
0.359995
0.50461
0.464831
0.785194
0.456673
0.794457
0.996636
0.593162
0.606688
0.975141
0.598957
0.993464
0.153913
0.604217
0.159584
0.59756
0.133423
0.565992
0.125087
0.560054
0.267167
0.685124
0.268272
0.675139
0.562386
0.563748
0.554836
0.569798
0.311956
0.573604
0.303554
0.569829
0.264951
0.588287
0.286915
0.563633
0.657969
0.953824
0.664374
0.960857
0.355595
0.706904
0.359787
0.696785
0.254884
0.748992
0.247538
0.755779
0.662862
0.993419
0.672476
0.976053
0.691524
0.97331
0.68307
0.969979
0.673519
0.901206
0.663784
0.90863
0.636886
0.89821
0.643757
0.906631
0.640326
0.935182
0.643522
0.923364
0.582704
0.882835
0.619168
0.890604
0.994965
0.537341
0.986299
0.542105
0.829249
0.820258
0.835053
0.828796
0.384209
0.800251
0.393767
0.803334
0.819501
0.531715
0.816526
0.541561
0.235119
0.978575
0.24956
0.966169
0.448547
0.939562
0.445385
0.91587
0.367242
0.542128
0.378674
0.546363
0.33155
0.620749
0.34027
0.625122
0.923953
0.544491
0.914879
0.540054
1.00411
0.586372
1.00337
0.574697
0.680049
0.559772
0.682446
0.534702
0.500963
0.573161
0.495322
0.56499
0.667006
0.756571
0.656374
0.758705
0.585144
0.510732
0.587747
0.521976
0.056469
0.49841
0.0575517
0.489001
0.143221
0.900786
0.154395
0.892919
0.904938
0.648666
0.905635
0.638157
0.938582
0.775089
0.921046
0.77451
0.477821
0.636858
0.488352
0.641509
0.572574
0.722103
0.576063
0.713443
0.986823
0.917855
0.984033
0.934707
0.759609
0.689955
0.760012
0.673136
0.101322
0.956044
0.107342
0.946874
0.232828
0.544369
0.241707
0.550197
0.844105
0.556522
0.850285
0.538674
0.886376
0.57575
0.8856
0.586347
0.178141
0.678064
0.170996
0.684644
0.155545
0.679731
0.160771
0.68712
0.175925
0.699495
0.184519
0.705092
0.698012
0.774104
0.709613
0.770843
0.522713
0.932281
0.528261
0.924267
0.706105
0.68224
0.701821
0.670741
0.145602
0.969383
0.135094
0.9702
0.29944
0.953471
0.3113
0.955547
0.8299
0.769174
0.834428
0.760928
0.253848
0.828945
0.257894
0.805284
0.471003
0.590638
0.462117
0.605979
0.351468
0.589131
0.321134
0.571412
0.669384
0.493371
0.649501
0.490285
0.913184
0.608507
0.898511
0.609716
0.173157
0.793082
0.193497
0.776128
0.618972
0.924244
0.610393
0.919946
0.53221
0.684575
0.52396
0.675899
0.574585
0.771508
0.582413
0.780448
0.604042
0.783981
0.593596
0.777091
0.624705
0.796578
0.615129
0.800786
0.542814
0.638454
0.551686
0.631796
0.231874
0.796329
0.242238
0.794239
0.454842
0.590541
0.458003
0.57931
0.632161
0.541641
0.638182
0.551955
0.653398
0.558239
0.664531
0.553916
0.700199
0.563462
0.696024
0.570849
0.650809
0.600721
0.645057
0.592112
0.44567
0.563299
0.434166
0.558225
0.742842
0.863273
0.7424
0.852907
0.718354
0.837284
0.728433
0.839617
0.322665
0.727465
0.320551
0.737431
0.648071
0.518199
0.647509
0.528696
0.693735
0.822507
0.68409
0.822649
0.417687
0.942523
0.418334
0.932896
0.0548516
0.78185
0.050147
0.772517
0.599795
0.534979
0.611336
0.53481
0.64169
0.64501
0.637163
0.635984
0.603793
0.63425
0.610531
0.626361
0.421065
0.851271
0.42873
0.856542
0.576798
0.903565
0.570043
0.895768
0.323126
0.662627
0.326545
0.673987
0.33135
0.712023
0.304493
0.701284
0.32498
0.840696
0.335222
0.846106
0.87603
0.679045
0.867248
0.684426
0.091297
0.866856
0.120207
0.85713
0.0723185
0.862277
0.0574677
0.839983
0.978198
0.838473
0.961845
0.831299
0.901676
0.727786
0.89201
0.732996
0.627365
0.89851
0.621386
0.880845
0.981545
0.973832
0.990301
0.97736
0.963999
0.733932
0.953439
0.725562
0.43098
0.699919
0.418293
0.705976
0.492467
0.66107
0.503717
0.655605
0.847674
0.710156
0.853904
0.700183
0.157525
0.736253
0.151524
0.743711
0.504781
0.534358
0.497582
0.526921
0.485977
0.679248
0.488073
0.69083
0.663103
0.801114
0.669793
0.811015
0.331319
0.933677
0.331472
0.913554
0.63972
0.627148
0.608455
0.618107
0.859758
0.949997
0.860872
0.960547
0.966829
0.546485
0.986117
0.551412
0.958046
0.491169
0.431883
0.503126
0.441044
0.50829
0.731167
0.987036
0.723381
0.993931
0.995375
0.704409
0.990341
0.712607
0.482193
0.515585
0.49222
0.509507
0.907533
0.734992
0.905668
0.754088
0.863274
0.599114
0.843294
0.60212
0.875094
0.938335
0.866041
0.939763
0.947865
0.523775
0.95257
0.532536
0.965969
0.524794
0.979643
0.536146
0.0194816
0.569983
0.0379141
0.581003
0.510077
0.91476
0.506602
0.924199
0.730206
0.645309
0.725223
0.620098
0.74194
0.679386
0.737133
0.668733
0.652373
0.768683
0.655403
0.779959
0.305794
0.850285
0.304656
0.87309
0.266697
0.875568
0.273643
0.866184
0.378469
0.615538
0.38511
0.622544
0.0275651
0.636334
0.0278987
0.646464
0.859565
0.930098
0.850191
0.932125
0.0104014
0.994807
0.00519308
0.989599
0.535817
0.976743
0.535817
0.988371
0.760619
0.53985
0.740391
0.554617
0.399458
0.901544
0.374195
0.879107
0.278702
0.953529
0.287906
0.969581
0.511521
0.809135
0.525347
0.815971
0.971687
0.670742
0.980587
0.644433
0.642214
0.957752
0.641744
0.967145
0.533327
0.537457
0.530514
0.52899
0.517888
0.730329
0.501628
0.739463
0.569383
0.52138
0.578855
0.528967
0.817777
0.973483
0.817212
0.993772
0.051904
0.75535
0.0570443
0.747645
0.351726
0.861899
0.344768
0.842058
0.46642
0.57532
0.467225
0.548611
0.617109
0.576873
0.609316
0.583364
0.756435
0.797478
0.7536
0.809579
0.715335
0.852903
0.732383
0.849816
0.838661
0.853383
0.840575
0.844675
0.883144
0.830977
0.873577
0.837316
0.756701
0.926964
0.75729
0.916346
0.836975
0.680512
0.82554
0.669627
0.398419
0.912731
0.367717
0.909156
0.497183
0.778302
0.48672
0.751526
0.534779
0.764147
0.515189
0.770259
0.903052
0.554613
0.911413
0.557313
0.130969
0.510978
0.131028
0.499524
0.185471
0.735284
0.188935
0.744828
0.167563
0.738944
0.174906
0.731106
0.711501
0.651848
0.723179
0.651394
0.134258
0.848303
0.140298
0.856143
0.305109
0.503679
0.34434
0.505616
0.333508
0.509281
0.32951
0.533635
0.303403
0.52593
0.763679
0.60929
0.740263
0.629372
0.395352
0.639167
0.417578
0.626772
0.380426
0.665339
0.370526
0.671042
0.158355
0.861731
0.137056
0.863774
0.118866
0.573404
0.104319
0.598887
0.088167
0.566148
0.0767698
0.566445
0.117384
0.564871
0.109191
0.562871
0.255366
0.602972
0.257522
0.616056
0.236225
0.988
0.244246
0.992563
0.651224
0.649079
0.660727
0.644325
0.260161
0.898233
0.253974
0.906262
0.494885
0.802317
0.495598
0.813371
0.482277
0.845689
0.482853
0.834551
0.578551
0.806346
0.584565
0.797819
0.242822
0.624772
0.251249
0.627103
0.0748684
0.589531
0.0861553
0.590509
0.403473
0.659928
0.403638
0.672702
0.57857
0.628975
0.596831
0.607227
0.741957
0.736657
0.737335
0.726835
0.94749
0.612209
0.949623
0.601136
0.735363
0.568753
0.72692
0.563742
0.648548
0.550851
0.654387
0.536596
0.663889
0.510842
0.67175
0.502787
0.278716
0.561571
0.276289
0.551118
0.761584
0.895277
0.760917
0.884664
0.902434
0.987502
0.896875
0.994971
0.328708
0.820985
0.322796
0.830556
0.312091
0.812359
0.306781
0.801959
0.549598
0.76427
0.558638
0.763064
0.987496
0.604642
0.994809
0.612915
0.426139
0.543596
0.434402
0.547402
0.141976
0.797003
0.136055
0.77941
0.314604
0.695078
0.322873
0.698647
0.0245179
0.494375
0.0343038
0.493912
0.116571
0.733606
0.102491
0.729561
0.757827
0.995052
0.767152
0.979391
0.749989
0.988158
0.755197
0.978247
0.759171
0.96033
0.756483
0.949462
0.0901165
0.775685
0.101395
0.774242
0.59305
0.944508
0.583381
0.942175
0.672852
0.580133
0.682287
0.579476
0.934383
0.957029
0.945363
0.955141
0.620027
0.659904
0.617538
0.669429
0.894683
0.541833
0.904468
0.545221
0.925439
0.939823
0.927301
0.950807
0.897576
0.68069
0.899051
0.669648
0.0927403
0.88952
0.0937309
0.914449
0.185423
0.663573
0.18895
0.647503
0.605024
0.76023
0.612665
0.767258
0.128566
0.544043
0.113021
0.527175
0.872335
0.845474
0.878996
0.854819
0.607809
0.893668
0.5999
0.88588
0.350459
0.66449
0.346065
0.655226
0.607809
0.986776
0.618227
0.993312
0.72109
0.592463
0.704714
0.589881
0.68654
0.599657
0.687973
0.588658
0.210228
0.519382
0.188682
0.519339
0.044429
0.676848
0.0551685
0.680399
0.920771
0.986023
0.930836
0.993493
0.734996
0.491574
0.616474
0.86119
0.598803
0.847606
0.638325
0.829631
0.629893
0.834502
0.625918
0.861273
0.626022
0.846134
0.722811
0.896917
0.714268
0.902862
0.797682
0.530616
0.789566
0.526419
0.858043
0.533603
0.860533
0.522829
0.8937
0.506182
0.888477
0.512845
0.178268
0.869378
0.173956
0.878354
0.139908
0.84128
0.15748
0.841222
1.00238
0.900218
0.105523
0.76621
0.105059
0.75586
0.351856
0.523169
0.35178
0.509791
0.113073
0.966333
0.102747
0.964223
0.59913
0.936356
0.609858
0.942771
0.41194
0.579977
0.409058
0.569345
0.58824
0.988823
0.583034
0.995359
0.363286
0.601865
0.375543
0.600416
0.936563
0.721537
0.929066
0.727901
0.246465
0.582763
0.256041
0.581428
0.346062
0.493797
0.395685
0.58648
0.407214
0.587816
0.379423
0.593122
0.364503
0.569951
0.51893
0.516244
0.511629
0.511954
0.115604
0.92294
0.133685
0.899929
0.102073
0.913775
0.106919
0.924047
0.373736
0.714524
0.364285
0.718482
0.951649
0.68556
0.941598
0.687474
0.937359
0.55813
0.926814
0.559118
1.00157
0.936739
0.475445
0.960324
0.481718
0.95275
0.511638
0.954145
0.523294
0.951999
0.119645
0.822398
0.125052
0.830687
0.101701
0.849225
0.0915818
0.845068
0.100944
0.83096
0.106008
0.822061
0.148846
0.581156
0.151795
0.571356
0.21334
0.593483
0.229668
0.599753
0.186833
0.618218
0.191985
0.610708
0.205847
0.638672
0.200496
0.63116
0.450964
0.858082
0.459246
0.862436
0.716674
0.76362
0.714851
0.753621
0.849261
0.993887
0.87321
0.988623
0.866595
0.995359
0.826539
0.679306
0.816632
0.688141
0.910428
0.950911
0.917291
0.956721
0.6806
0.620292
0.675846
0.629795
0.574916
0.740975
0.558717
0.74565
0.590992
0.733418
0.580469
0.732875
0.637325
0.504671
0.648922
0.500844
0.987958
0.867503
0.993898
0.87683
0.799356
0.575241
0.79785
0.558271
0.686024
0.760463
0.689653
0.770681
0.0389803
0.683694
0.0280913
0.67849
0.720835
0.733091
0.726392
0.724581
0.709741
0.85952
0.71672
0.867447
0.0667643
0.769502
0.0654078
0.78066
0.183239
0.568593
0.192502
0.563296
0.196422
0.594594
0.188691
0.600668
0.124923
0.646638
0.121667
0.636621
0.106713
0.649924
0.117304
0.652153
0.124808
0.679098
0.123855
0.668317
0.31366
0.935461
0.320539
0.930504
0.553822
0.929551
0.563273
0.925545
0.0883752
0.709549
0.0905149
0.698967
0.109037
0.680035
0.119382
0.684995
0.488885
0.759529
0.478526
0.765868
0.479072
0.79495
0.473491
0.783741
0.450532
0.7598
0.460332
0.76431
0.789851
0.915393
0.791876
0.90563
0.803583
0.927184
0.805951
0.938758
0.314237
0.524042
0.317841
0.516445
0.946126
0.793335
0.935408
0.792282
0.935684
0.813758
0.951944
0.800505
0.970427
0.772913
0.966721
0.783025
0.34766
0.824207
0.337554
0.819266
0.351759
0.850873
0.360645
0.847906
0.41809
0.561524
0.417881
0.550887
0.973057
0.637423
0.964063
0.640718
0.81825
0.900175
0.838814
0.905095
0.833827
0.891033
0.841016
0.89458
0.347731
0.738405
0.349372
0.72976
0.365895
0.767983
0.357578
0.77393
0.373944
0.753686
0.382247
0.760503
0.16653
0.766492
0.155898
0.771712
0.317952
0.98683
0.307535
0.985398
0.458174
0.972654
0.431176
0.972718
0.917122
0.572348
0.928284
0.576369
0.0943312
0.937165
0.102964
0.935891
0.266146
0.498807
0.295079
0.511712
0.29513
0.52091
0.880789
0.721915
0.882215
0.731237
0.836995
0.730902
0.830366
0.723533
0.853511
0.736095
0.848595
0.745625
0.711629
0.788483
0.71677
0.780288
0.0841237
0.768449
0.0738673
0.765328
0.097937
0.535902
0.10807
0.53512
0.141853
0.516165
0.148894
0.510474
0.135305
0.705385
0.136449
0.71999
0.01522
0.934506
0.00698099
0.928193
0.0861446
0.692635
0.07553
0.690662
0.77655
0.740402
0.778377
0.730928
0.896153
0.653311
0.893093
0.663541
0.340553
0.692871
0.33283
0.689949
0.884191
0.546978
0.884955
0.55598
0.946552
0.748275
0.958676
0.751567
0.338507
0.768423
0.334046
0.77792
0.993862
0.569097
0.983331
0.570673
0.0262414
0.739877
0.0348694
0.743501
0.860888
0.609196
0.858009
0.638605
0.157668
0.643197
0.166259
0.640854
0.0114377
0.765981
0.00681212
0.773793
0.125281
0.793699
0.126114
0.783082
0.688158
0.626228
0.693788
0.64826
0.614755
0.516028
0.618617
0.523897
0.222238
0.544547
0.22004
0.552609
0.335732
0.603263
0.329255
0.6098
0.0279255
0.877702
0.00539543
0.880399
0.641767
0.692405
0.640038
0.701494
0.431766
0.636347
0.426651
0.627056
0.844543
0.516006
0.842201
0.506326
0.825552
0.51183
0.831336
0.503325
0.427872
0.932284
0.442066
0.945464
0.552316
0.864212
0.571987
0.866108
0.671627
0.987496
0.68064
0.994077
0.73751
0.900075
0.752877
0.899661
0.169964
0.622253
0.158862
0.617293
0.800468
0.985299
0.806795
0.993772
0.210954
0.797484
0.201524
0.792701
0.207423
0.813996
0.213048
0.805043
0.489633
0.936411
0.496059
0.945242
0.139007
0.593482
0.140999
0.5835
0.997898
0.959846
1.00429
0.954767
0.787267
0.694773
0.79729
0.694142
0.822948
0.804356
0.83302
0.805074
0.664925
0.706461
0.666851
0.696811
0.794017
0.500335
0.641346
0.880568
0.632943
0.876005
0.773754
0.947109
0.765467
0.942746
0.469502
0.883557
0.460094
0.924457
0.365214
0.897781
0.355918
0.896942
0.510734
0.614575
0.521231
0.60351
0.457548
0.718227
0.478199
0.734514
0.201745
0.715898
0.193669
0.721531
0.595443
0.570084
0.602914
0.563948
0.180458
0.548216
0.180064
0.54022
0.549132
0.783304
0.544236
0.77561
0.929484
0.829364
0.928259
0.839763
0.929578
0.798245
0.929731
0.808716
0.0116335
0.646518
0.0221008
0.651648
0.0105027
0.747826
0.0203538
0.749496
0.613223
0.779137
0.623467
0.785841
0.20217
0.986326
0.211212
0.99338
0.365874
0.929044
0.374916
0.92634
0.883956
0.703101
0.891112
0.69696
0.473817
0.513211
0.448653
0.527354
0.583041
0.822658
0.587563
0.832062
0.539936
0.705251
0.564869
0.695986
0.231675
0.748668
0.238302
0.756158
0.185093
0.762262
0.193626
0.765976
0.412975
0.978286
0.406689
0.971532
0.255299
0.518504
0.230799
0.515151
0.161468
0.977747
0.161468
0.994781
0.785552
0.87391
0.787409
0.864388
0.814409
0.882154
0.812568
0.89167
0.441978
0.972307
0.447747
0.977828
0.1197
0.978906
0.130117
0.978816
0.34806
0.979154
0.348958
0.994772
0.00521372
0.949437
0.00521372
0.959854
0.0114281
0.515592
0.00690451
0.523404
0.00547021
0.541072
0.00547021
0.551488
0.354166
0.989513
0.364583
0.994741
0.260417
0.994597
0.285705
0.995514
0.00536632
0.696221
0.00536632
0.706638
0.00587712
0.729597
0.00587712
0.740014
0.0215812
0.601585
0.0050587
0.62029
0.104167
0.994775
0.114583
0.994775
0.416667
0.994744
0.427083
0.994744
0.0110253
0.667671
0.00578777
0.677597
0.0132665
0.825729
0.00707182
0.835539
0.447917
0.994505
0.458333
0.98929
0.473958
0.9783
0.473958
0.994784
0.479167
0.98929
0.489583
0.994505
0.166676
0.989103
0.177083
0.994322
0.51852
0.986874
0.5254
0.994186
0.541667
0.994186
0.552083
0.994186
0.947917
0.993721
0.972518
0.989886
0.290914
0.98874
0.302083
0.993226
0.705151
0.990156
0.712964
0.993931
0.0135353
0.802388
0.00619469
0.807899
0.00537166
0.854167
0.00537166
0.864583
0.0136327
0.896849
0.00624541
0.902057
0.640625
0.984338
0.648438
0.996084
0.833636
0.985111
0.838844
0.993887
0.041813
0.994323
0.0522297
0.994323
0.145843
0.989466
0.151051
0.994781
0.333333
0.98943
0.338541
0.994772
0.767152
0.989302
0.77495
0.99425
0.00950801
0.5
0.0189422
0.500835
0.485334
0.594263
0.483129
0.574703
0.622782
0.76686
0.626714
0.758786
0.498819
0.765615
0.506325
0.763762
0.867058
0.643681
0.883001
0.642894
0.848483
0.649974
0.83741
0.653695
0.833346
0.631778
0.832481
0.620032
0.995966
0.771751
0.988494
0.777337
0.873194
0.881812
0.903149
0.877539
0.291809
0.78386
0.287646
0.774363
0.285168
0.738384
0.284473
0.754949
0.301535
0.739745
0.310026
0.744261
0.0833254
0.82657
0.0756163
0.832873
0.731569
0.603554
0.732239
0.613453
0.693722
0.955262
0.703286
0.961828
0.978307
0.994703
0.973443
0.980456
0.33199
0.795735
0.338431
0.785731
0.374615
0.577699
0.370868
0.58491
0.933143
0.933623
0.932665
0.9234
0.792723
0.491267
0.81855
0.95499
0.825202
0.962728
0.460863
0.708266
0.470591
0.711732
0.488769
0.582833
0.496847
0.582642
0.528303
0.631775
0.521959
0.658197
0.560065
0.90794
0.561473
0.898454
0.633233
0.740559
0.640884
0.747457
0.662696
0.534388
0.66799
0.54432
0.577711
0.951448
0.578305
0.96173
0.572617
0.995359
0.567756
0.989808
0.405037
0.76171
0.396349
0.767234
0.288803
0.575035
0.284812
0.594133
0.282341
0.583898
0.273677
0.582212
0.107764
0.857475
0.103012
0.865175
0.71297
0.957826
0.712256
0.947921
0.796911
0.59905
0.802229
0.607855
0.81076
0.61022
0.820523
0.606979
0.78502
0.629526
0.792433
0.622394
0.812501
0.522609
0.79145
0.517056
0.659596
0.93146
0.654209
0.922699
0.807892
0.749058
0.806064
0.758533
0.23132
0.961236
0.233627
0.951218
0.218815
0.988817
0.222917
0.979392
0.213151
0.634819
0.192706
0.630138
0.243168
0.88958
0.239843
0.881824
0.239121
0.859991
0.229932
0.862334
0.226611
0.871859
0.241454
0.849987
0.244011
0.922941
0.229924
0.92416
0.561888
0.9503
0.552822
0.943673
0.539702
0.646922
0.547112
0.652139
0.312568
0.540311
0.302952
0.536723
0.343252
0.542154
0.333041
0.543187
0.33677
0.652392
0.326854
0.654999
0.358838
0.62868
0.354001
0.63772
0.858715
0.558392
0.851779
0.551964
0.38894
0.727104
0.383196
0.718619
0.399359
0.695929
0.392174
0.703234
0.301638
0.63734
0.309824
0.643492
0.0839944
0.849395
0.075853
0.843172
0.400077
0.550188
0.394965
0.54043
0.440489
0.74536
0.448998
0.731364
0.544521
0.948649
0.540346
0.957982
0.94683
0.809736
0.952464
0.816392
0.397283
0.502349
0.400364
0.510662
0.893303
0.593223
0.903515
0.593522
0.0751439
0.931377
0.0639842
0.913902
0.40271
0.797094
0.410787
0.782299
0.402706
0.785722
0.394575
0.777826
0.434991
0.768913
0.4276
0.775952
0.142544
0.62328
0.152559
0.625126
0.0502536
0.516486
0.0592414
0.51628
0.711758
0.704318
0.712156
0.714298
0.31443
0.718079
0.297772
0.710228
0.342468
0.723775
0.332307
0.723027
0.209627
0.777944
0.201773
0.781741
0.552065
0.613568
0.544217
0.61836
0.672542
0.774795
0.680405
0.778554
0.545257
0.895521
0.553274
0.891116
0.853831
0.596159
0.852517
0.588017
0.203155
0.579233
0.202582
0.569418
0.221448
0.579258
0.213294
0.584658
0.0615997
0.673458
0.0613641
0.663319
0.0781431
0.663216
0.0716187
0.65737
0.0418856
0.635862
0.0571475
0.633736
0.965393
0.838923
0.955143
0.846752
0.741235
0.618437
0.750434
0.617531
0.225263
0.907094
0.235398
0.907239
0.0111022
0.614254
0.0212358
0.619671
0.0361506
0.618449
0.0510304
0.618243
0.541088
0.812416
0.533208
0.81033
0.970871
0.505315
0.950561
0.506342
0.0581937
0.612636
0.059035
0.602549
0.0526984
0.59691
0.0424365
0.600862
0.07064
0.573085
0.0697342
0.583165
0.463389
0.890239
0.455204
0.888052
0.654022
0.865511
0.653752
0.875069
0.579646
0.851028
0.570819
0.855792
0.61694
0.610299
0.630353
0.621169
0.628089
0.612613
0.635759
0.606148
0.74263
0.696786
0.766115
0.70301
0.750218
0.868036
0.746983
0.894145
0.209595
0.833724
0.213942
0.841846
0.222929
0.840134
0.223446
0.854991
0.0327059
0.943763
0.0396959
0.948262
0.521305
0.760998
0.52897
0.757804
0.591759
0.549241
0.580447
0.553832
0.43275
0.814959
0.437357
0.806801
0.748956
0.943717
0.730952
0.957686
0.441355
0.733321
0.435648
0.723288
0.622277
0.560572
0.631854
0.561896
0.257187
0.700953
0.247442
0.703393
0.275058
0.694138
0.283796
0.692439
0.302599
0.718531
0.296113
0.727286
0.980957
0.661094
0.988867
0.664568
0.37502
0.806891
0.375307
0.815724
0.481471
0.870367
0.492323
0.888334
0.564155
0.869851
0.56471
0.879866
0.347283
0.755426
0.341087
0.745922
0.816492
0.569892
0.813387
0.560352
0.843779
0.584408
0.833509
0.59878
0.835307
0.58921
0.828731
0.584511
0.550273
0.855332
0.542206
0.849371
0.3821
0.530602
0.387335
0.539141
0.96203
0.577086
0.953342
0.582062
0.822375
0.945139
0.816115
0.937327
0.755609
0.704485
0.752521
0.696653
0.246121
0.784269
0.242439
0.77497
0.171564
0.814439
0.171015
0.825658
0.0742061
0.555388
0.0662576
0.552267
0.531876
0.703831
0.524109
0.713412
0.931481
0.856263
0.937548
0.864179
0.208753
0.86545
0.212482
0.857027
0.511201
0.898924
0.519765
0.903887
0.233469
0.591542
0.229699
0.582318
0.749312
0.646455
0.764339
0.658282
0.13423
0.929498
0.132085
0.919769
0.172781
0.853102
0.16707
0.844944
0.580688
0.64483
0.591118
0.655181
0.477097
0.553055
0.477093
0.560832
0.493576
0.54837
0.501872
0.542915
0.736868
0.947839
0.730635
0.940511
0.73244
0.915892
0.732581
0.925817
0.82825
0.49501
0.0756815
0.540207
0.0815995
0.548165
0.850344
0.916098
0.860678
0.920058
0.549951
0.806171
0.552114
0.798312
0.0606339
0.989786
0.0622853
0.980532
0.684925
0.55132
0.694866
0.55341
0.0250563
0.726386
0.0329913
0.719846
0.409265
0.945744
0.40731
0.9551
0.555268
0.703466
0.547956
0.698314
1.00505
0.509591
1.00567
0.519461
0.381453
0.939979
0.381899
0.931341
0.629852
0.499412
0.620517
0.504751
0.350663
0.7948
0.349812
0.787176
0.62993
0.718111
0.643532
0.72374
0.241576
0.51176
0.245069
0.51986
0.65566
0.736709
0.652691
0.72593
0.210746
0.688264
0.211104
0.698104
0.683113
0.724919
0.673602
0.722397
0.646741
0.707779
0.656359
0.709861
0.187323
0.785504
0.179262
0.783352
0.145699
0.783801
0.148064
0.792223
0.623729
0.907632
0.628164
0.916406
0.0928738
0.683459
0.0885479
0.677193
0.926842
0.490475
0.942626
0.489808
0.247422
0.938946
0.25696
0.9366
0.267866
0.950193
0.265865
0.942016
0.271279
0.924196
0.279328
0.918567
0.730977
0.555219
0.74382
0.562469
0.578277
0.747971
0.572179
0.755487
0.587801
0.760176
0.578432
0.763108
0.0519677
0.928651
0.0429934
0.924716
0.0707598
0.920405
0.0788284
0.914845
0.703594
0.719817
0.696593
0.712965
0.744366
0.520932
0.754339
0.521082
0.296671
0.597703
0.304477
0.592952
0.391374
0.576164
0.384043
0.573787
0.507569
0.728985
0.502262
0.721931
0.0728991
0.506323
0.0641381
0.507502
0.300294
0.862148
0.292544
0.861761
0.739615
0.818988
0.747652
0.828045
0.194189
0.730968
0.211859
0.738216
0.456624
0.55937
0.455899
0.551064
0.747185
0.494894
0.747713
0.502817
0.536058
0.939911
0.528188
0.942187
0.0860101
0.968098
0.0772448
0.971492
0.632242
0.811775
0.639784
0.817936
0.510829
0.499464
0.913929
0.808567
0.920021
0.813714
0.494009
0.609276
0.502666
0.615187
0.848162
0.692443
0.838487
0.691403
0.819858
0.704448
0.821582
0.694871
0.202168
0.737187
0.198627
0.745293
0.312962
0.661786
0.307298
0.669686
0.29953
0.685899
0.298503
0.695565
0.927949
0.697978
0.938085
0.69564
0.0416555
0.770891
0.0327987
0.774895
0.923157
0.68195
0.92155
0.693327
0.234176
0.653531
0.237122
0.662787
0.219766
0.6659
0.228053
0.670893
0.227172
0.686273
0.232335
0.679784
0.98974
0.642722
0.994407
0.632716
0.873959
0.640242
0.873177
0.631032
0.761051
0.650904
0.77013
0.644898
0.776833
0.666072
0.785069
0.671206
0.794281
0.888344
0.802135
0.894038
0.701228
0.926636
0.685062
0.92404
0.682027
0.516282
0.68088
0.50665
0.123438
0.532402
0.129361
0.52706
0.828122
0.85636
0.82164
0.869198
0.0499749
0.537075
0.0437357
0.527195
0.868835
0.505007
0.872156
0.497877
0.548217
0.732825
0.55895
0.731202
0.142801
0.725914
0.152184
0.723526
0.570681
0.542541
0.570283
0.550158
0.579979
0.56126
0.586663
0.568254
0.261362
0.817145
0.269697
0.81857
0.279813
0.962743
0.270391
0.964847
0.445755
0.609636
0.437845
0.613309
0.4325
0.941256
0.426851
0.947563
0.766541
0.753933
0.756957
0.752822
0.822185
0.725866
0.816243
0.733468
0.936745
0.641046
0.935628
0.629304
0.696483
0.839608
0.700635
0.830669
0.709206
0.811765
0.717817
0.807418
0.861199
0.847563
0.860005
0.855461
0.975838
0.522758
0.98289
0.52828
0.259243
0.774799
0.268597
0.777096
0.0666765
0.846587
0.0638039
0.854187
0.585324
0.58829
0.580797
0.597995
0.586356
0.606798
0.558779
0.631933
0.200779
0.549144
0.191686
0.553408
0.059444
0.882503
0.0477997
0.860416
0.781668
0.778794
0.793231
0.768265
1.00189
0.677664
1.00403
0.687043
0.216965
0.649022
0.207411
0.647905
0.8928
0.880805
0.886688
0.874233
0.403385
0.818003
0.40739
0.838128
0.377778
0.833821
0.368477
0.83137
0.852551
0.804454
0.853897
0.815053
0.852775
0.834053
0.845541
0.827717
0.0786419
0.726173
0.0842921
0.733952
0.687806
0.638709
0.680552
0.640216
0.460945
0.829517
0.474832
0.821419
0.336445
0.578385
0.339998
0.586874
1.00089
0.809781
0.227934
0.845689
0.236754
0.843027
0.102343
0.588934
0.103184
0.57048
0.846693
0.574788
0.841653
0.567923
0.811723
0.783431
0.825091
0.788563
0.0244749
0.985942
0.0208181
0.994807
0.294446
0.745689
0.293883
0.755261
0.279955
0.745533
0.272018
0.744252
0.48714
0.712283
0.4968
0.708382
0.421215
0.79636
0.418951
0.788069
0.0549452
0.957857
0.0622009
0.963833
0.459039
0.519497
0.466808
0.522371
0.652649
0.893587
0.653479
0.903112
0.399381
0.931731
0.390885
0.927351
1.00366
0.709176
0.998621
0.717373
0.798192
0.538476
0.806383
0.543389
0.7699
0.543335
0.777849
0.53804
0.0269881
0.612372
0.026527
0.595995
0.0558127
0.868578
0.0520737
0.875874
0.499382
0.830878
0.490201
0.828264
0.408083
0.7506
0.40318
0.743549
0.599725
0.493443
0.605452
0.516924
0.318032
0.898174
0.313079
0.89193
0.22078
0.600415
0.217052
0.609169
0.911116
0.618512
0.901585
0.618662
0.695414
0.786042
0.701875
0.790977
0.56317
0.612875
0.567133
0.604097
0.409451
0.637774
0.401057
0.634371
0.712994
0.586402
0.716911
0.577723
0.622951
0.642069
0.626182
0.634799
0.503389
0.596759
0.503847
0.589598
0.143153
0.878818
0.144755
0.870668
0.461361
0.906802
0.46619
0.899032
0.785903
0.770305
0.780743
0.761063
0.0538489
0.64415
0.0599481
0.648415
0.764645
0.586014
0.781272
0.558804
0.467333
0.81998
0.467459
0.80941
0.96296
0.995183
0.957752
0.988904
0.545793
0.52807
0.542743
0.537028
0.731208
0.87904
0.73654
0.884029
0.152811
0.945357
0.157837
0.953959
0.650636
0.567179
0.658099
0.572989
0.648133
0.583584
0.656696
0.583397
0.0459435
0.69934
0.0470849
0.717409
0.441293
0.578639
0.448576
0.572613
0.0835329
0.625146
0.0945837
0.605971
0.113636
0.613566
0.122767
0.619067
0.0916288
0.641079
0.0896228
0.632943
0.501089
0.884751
0.502956
0.876422
0.0612718
0.941489
0.0557114
0.949557
0.609698
0.851401
0.614554
0.845755
0.515886
0.533535
0.520414
0.526378
0.856746
0.979859
0.868267
0.979236
0.901781
0.744566
0.892538
0.742649
0.726773
0.530507
0.731726
0.538831
0.746171
0.547086
0.75547
0.548708
0.337113
0.923172
0.346448
0.924553
0.364794
0.943007
0.360117
0.950984
0.416481
0.508297
0.418171
0.496438
0.185266
0.684225
0.178121
0.690805
0.600116
0.669758
0.607285
0.673716
0.98485
0.733629
0.994258
0.733686
0.805919
0.958376
0.801035
0.966417
0.783908
0.975166
0.77461
0.973728
0.839953
0.791744
0.832071
0.786611
0.811131
0.766243
0.819693
0.770139
0.649842
0.981672
0.65505
0.989503
0.62604
0.989396
0.631248
0.981565
0.830475
0.908732
0.826268
0.900321
0.461771
0.846121
0.466855
0.853941
1.00283
0.926353
0.784446
0.567985
0.777755
0.572196
0.0383555
0.499356
0.0477327
0.500685
0.11742
0.778335
0.107769
0.781043
0.887865
0.975764
0.897226
0.97503
0.713034
0.521334
0.717779
0.513235
0.150438
0.845667
0.150904
0.855041
0.829484
0.866433
0.83768
0.874453
0.542867
0.747859
0.543622
0.757213
0.552096
0.837137
0.544367
0.839017
0.525971
0.841714
0.517146
0.838525
0.524864
0.824547
0.516817
0.827201
0.49676
0.845245
0.501775
0.837315
0.665098
0.833269
0.655178
0.830044
0.90728
0.519817
0.915281
0.514921
0.219336
0.972769
0.209637
0.969364
0.44144
0.900647
0.423469
0.89257
0.373207
0.968924
0.366206
0.963813
0.396322
0.968975
0.388419
0.972466
0.389853
0.952665
0.396839
0.957764
0.921859
0.74324
0.915453
0.734021
0.448485
0.822503
0.451585
0.830664
0.659858
0.69074
0.650044
0.689218
0.281091
0.532895
0.266689
0.528489
0.803507
0.820112
0.806214
0.811151
0.800224
0.51446
0.804543
0.522764
0.377673
0.907779
0.38056
0.916656
0.025659
0.705317
0.0280573
0.696872
0.730987
0.629082
0.725335
0.63513
0.363679
0.496047
0.3728
0.498135
0.385478
0.522917
0.380871
0.514772
0.989533
0.497963
0.746166
0.883767
0.751394
0.87867
0.0897227
0.904259
0.0949724
0.896518
0.60173
0.507609
0.605767
0.501477
0.414676
0.835878
0.420438
0.82849
0.945602
0.907122
0.934033
0.900229
0.535916
0.566714
0.531824
0.556649
0.355268
0.974844
0.354911
0.966472
0.786122
0.803319
0.782857
0.812061
0.771759
0.798451
0.765764
0.791452
0.488086
0.86235
0.474824
0.866229
0.117626
0.79806
0.117202
0.807372
0.372396
0.990799
0.373833
0.98228
1.00129
0.789089
0.992007
0.788362
0.402061
0.829547
0.394842
0.831353
0.436682
0.884354
0.428219
0.884747
0.572236
0.980535
0.582304
0.97955
0.190723
0.500255
0.205771
0.497144
0.129613
0.598081
0.124751
0.590694
0.106941
0.580773
0.114431
0.581697
0.133544
0.5756
0.12669
0.578195
0.757272
0.845358
0.748437
0.844927
0.759623
0.817099
0.768005
0.81681
0.632936
0.488913
0.672058
0.947478
0.67427
0.956316
0.865498
0.863416
0.873354
0.864863
0.787315
0.818694
0.796546
0.822359
0.9765
0.554054
0.975372
0.562588
0.902268
0.771911
0.894439
0.77602
0.962236
0.901151
0.96698
0.893199
0.881577
0.604912
0.878151
0.613497
0.0436125
0.645568
0.0384357
0.65081
0.623712
0.675841
0.632855
0.677258
0.638165
0.673205
0.63927
0.664019
0.160419
0.665716
0.153836
0.65682
0.769443
0.636867
0.763167
0.630079
0.753643
0.610347
0.750593
0.60162
0.694935
0.855361
0.685699
0.855067
0.669563
0.85776
0.66054
0.859756
0.679601
0.830831
0.680459
0.840032
0.535907
0.632322
0.544779
0.625664
0.881081
0.969776
0.870929
0.97286
0.508628
0.792016
0.518894
0.797384
0.318582
0.879504
0.313151
0.870487
0.204968
0.622644
0.212813
0.626033
0.565875
0.620861
0.57501
0.620081
0.127037
0.911699
0.119324
0.911854
0.0920647
0.616097
0.0991917
0.619273
0.35057
0.612691
0.344663
0.605634
0.0871561
0.796387
0.0795304
0.789003
0.430512
0.757551
0.422053
0.756069
0.801896
0.804508
0.793223
0.801062
0.897023
0.623939
0.897775
0.633104
0.725497
0.855958
0.726625
0.86507
0.293691
0.662694
0.296516
0.669439
0.306566
0.822591
0.31005
0.830131
0.226565
0.831369
0.235481
0.83394
0.256123
0.766956
0.248705
0.766297
0.600313
0.615943
0.591992
0.619792
0.589527
0.626959
0.5948
0.634459
0.891195
0.943555
0.893407
0.952449
0.879472
0.928076
0.879187
0.918916
0.266677
0.547558
0.259576
0.551674
0.929728
0.613105
0.940025
0.616106
0.0804032
0.880809
0.0906642
0.875405
0.777088
0.580914
0.783
0.586163
0.4741
0.913511
0.477564
0.921171
0.453111
0.9239
0.446519
0.930243
0.534169
0.910371
0.527484
0.916616
0.697151
0.517034
0.705241
0.524376
0.156595
0.807263
0.147455
0.807298
0.131839
0.809875
0.123678
0.813989
0.443959
0.860608
0.437286
0.852233
0.325147
0.587564
0.318247
0.588733
0.302151
0.583931
0.296696
0.576599
0.797273
0.832844
0.803041
0.840885
0.25602
0.738146
0.249291
0.732694
0.3174
0.549301
0.328593
0.550792
1.00786
0.611517
0.159942
0.525432
0.165338
0.532933
0.648537
0.941305
0.65712
0.938248
0.686351
0.940113
0.677341
0.941459
0.502368
0.984682
0.493623
0.986499
0.477566
0.596951
0.472514
0.60731
0.83415
0.963591
0.841341
0.958013
0.532041
0.729286
0.529267
0.740061
0.65076
0.615133
0.645993
0.607926
0.977133
0.652352
0.966058
0.649587
0.717951
0.972077
0.709541
0.975518
0.688453
0.990302
0.692547
0.98219
0.0107702
0.603178
0.00472666
0.598797
0.166412
0.564569
0.164447
0.55408
0.483457
0.882861
0.477858
0.887991
0.957652
0.500238
0.963317
0.507335
0.96979
0.537884
0.963167
0.532055
0.95256
0.516196
0.960067
0.517696
0.403469
0.492863
0.0997875
0.978942
0.0945791
0.971519
0.214739
0.535172
0.20592
0.533962
0.893101
0.901995
0.902162
0.901756
0.521691
0.641163
0.514854
0.635215
0.378327
0.635117
0.38626
0.631312
0.393887
0.609841
0.395327
0.618783
0.1745
0.513241
0.165558
0.511829
0.147172
0.502362
0.140066
0.669262
0.132364
0.66451
0.427077
0.900197
0.417674
0.9051
0.0407843
0.889824
0.0320998
0.892329
0.275289
0.995514
0.27008
0.990111
0.856941
0.630112
0.865208
0.625978
0.228226
0.499205
0.248891
0.538344
0.250277
0.54591
0.0254849
0.553497
0.0287809
0.545115
0.00991546
0.558045
0.0189128
0.558468
0.0274838
0.582129
0.0254918
0.573345
0.024835
0.826872
0.0300688
0.821247
0.241515
0.932765
0.232513
0.932877
