1314 4119 4120 
4984 294 6948 
1865 3188 5723 
8 7 1979 
1313 4117 4118 
3339 3924 6976 
4 5 2734 
870 2410 5461 
3834 1865 6245 
3864 1994 6589 
14 15 6589 
1663 4887 5658 
1313 4118 6045 
5903 3489 6615 
5 6 2905 
1276 2066 4130 
2734 5 2905 
4117 1313 5009 
18 19 3758 
17 18 3758 
4130 172 5216 
2282 4154 6750 
1999 1315 3863 
1299 2446 5046 
1994 1313 6045 
2961 1200 3930 
956 2669 6012 
1681 3922 4990 
1292 4598 6117 
1998 5819 6750 
770 6621 6792 
2282 1315 4154 
1443 3278 6914 
22 2282 5819 
2348 1109 2730 
1867 3619 3834 
3863 1315 4715 
2446 1471 5047 
3863 26 6590 
2765 1018 4239 
6046 1993 6588 
3075 865 7102 
32 33 6588 
3075 1075 6965 
1866 4119 4142 
584 4637 5155 
1314 4120 6046 
38 37 3687 
22 23 2282 
3025 193 5872 
6 7 2905 
865 2853 7102 
4120 579 6046 
1142 2245 5529 
4119 1314 5010 
2239 5089 7093 
5233 1997 6845 
1080 3517 3694 
5232 1995 6874 
3018 324 3405 
41 42 6875 
2985 5969 6774 
385 3053 3244 
42 41 3484 
36 37 3759 
42 43 3299 
3289 886 6111 
4733 202 6633 
963 1858 5618 
1995 3731 7068 
46 45 4587 
1111 3732 7069 
266 2674 4404 
35 36 3759 
1193 4587 4588 
40 41 6875 
3525 1193 4874 
3732 1997 7069 
1103 4215 5524 
49 2652 5232 
1997 5233 6875 
1204 4283 6946 
2669 1677 6012 
4660 1676 4851 
48 49 5232 
4091 1132 5783 
52 53 5642 
171 3380 3626 
53 4 5642 
19 18 3334 
1075 3075 7102 
675 5454 5507 
53 3274 3450 
51 50 2959 
858 3548 3963 
3110 1158 4881 
1286 4094 4923 
2675 1193 5036 
2668 3525 4874 
851 6068 6327 
3149 632 4754 
4922 103 6617 
1334 5137 5138 
4386 1417 5521 
6195 840 6971 
1461 3944 6925 
964 2304 3391 
3747 1967 6599 
4033 1871 5613 
2404 235 6009 
633 2305 4241 
4131 1276 5117 
5192 2384 6528 
541 4417 6178 
5711 2869 5899 
3225 1529 5444 
3503 6611 6918 
2497 999 3616 
1923 3985 6334 
3857 1236 4378 
187 4544 6707 
2120 826 2616 
2627 1286 4923 
3713 161 6141 
1252 1965 4645 
1001 3716 3717 
3717 1940 7053 
592 1960 2420 
1991 123 4360 
3761 718 5828 
967 1901 3431 
622 2154 4151 
3098 1575 7005 
2167 634 3595 
5653 543 6766 
7 6 6853 
2095 886 3287 
28 27 4614 
2150 2770 3050 
984 3053 3180 
2860 984 3180 
436 4107 5751 
979 3279 6153 
992 2087 2712 
3908 3090 6595 
767 6600 6601 
2099 854 4029 
3352 166 3505 
2893 849 6718 
2343 642 4542 
455 2106 4092 
1180 2907 4821 
1959 4032 5725 
3122 451 5207 
2406 245 4400 
3867 4839 7025 
1114 3923 5653 
4314 1681 4543 
1627 5744 5745 
1882 4076 6657 
3509 507 4780 
2325 3516 6219 
1901 967 3349 
12 2246 5458 
2700 940 3154 
3843 72 5880 
1049 2911 5818 
1631 4603 5381 
3242 1813 4193 
3921 1962 6938 
718 2229 3210 
2154 622 3445 
2796 133 3777 
5515 1441 5517 
4719 1470 5453 
327 4276 4823 
677 3080 4714 
2124 693 2125 
2775 5403 5627 
2285 460 3539 
2088 599 3080 
2292 668 4078 
3853 2408 4462 
2352 4438 4963 
1815 3012 6969 
1297 3502 4188 
2029 278 2358 
490 3195 5714 
2383 602 4718 
3592 1689 6098 
1324 2395 3449 
170 5878 6406 
2207 954 4238 
4581 346 5926 
1911 2579 6331 
1691 5069 7055 
2072 1679 5753 
2590 1205 4833 
1534 2096 4169 
1690 3948 6733 
3183 378 4738 
4286 1152 6241 
585 2994 2995 
1801 5001 6710 
4599 572 5149 
1703 2382 4576 
2872 937 5078 
279 3629 7017 
1517 3988 5084 
707 2434 3568 
499 3709 5600 
2909 108 4459 
723 2487 5193 
2223 118 3931 
2156 5033 5568 
4315 2045 6647 
2843 1425 5011 
1048 3236 6065 
737 2656 6984 
3455 1015 5914 
2110 4488 4841 
3370 596 3832 
2566 2269 5528 
176 4392 5526 
649 2278 5861 
837 2550 6391 
3870 2072 5753 
5076 248 5667 
4547 527 4919 
43 2921 6169 
1829 3018 3405 
6282 2830 6283 
3276 351 3567 
519 4907 6146 
734 4037 4787 
5878 3483 6406 
3410 1323 3412 
4211 1594 6080 
1508 3007 3013 
20 19 4431 
4549 3485 6143 
2795 453 5681 
1958 2780 4125 
3076 1474 5982 
3749 5096 6433 
1654 3582 4106 
1915 2627 3329 
294 3280 6948 
6 4283 6853 
2837 2037 4053 
839 2993 5190 
1830 3106 6782 
1845 3050 4579 
3948 850 6733 
5454 3189 5507 
967 3045 5511 
3556 495 3735 
557 1973 3070 
436 3609 4107 
4217 2409 5459 
1942 979 3277 
13 12 5458 
1855 3159 6471 
2150 268 2770 
3516 2325 6415 
1944 238 2454 
4635 5024 6573 
3919 1595 5655 
2050 654 3934 
4084 1182 5171 
438 3004 4172 
720 2328 3034 
3346 432 7056 
3369 3063 5557 
2547 6922 6923 
1275 3520 5784 
4323 1742 6288 
4236 3008 5790 
182 3207 4412 
5772 789 6290 
599 2089 3080 
3173 1023 3903 
3737 1736 6484 
6379 3552 6843 
3860 1703 5546 
3244 1244 4220 
606 3798 5097 
4631 1564 6303 
1889 3577 3812 
1933 1062 3729 
826 2120 6268 
335 2222 2646 
5380 1629 6374 
1294 2227 3136 
92 4405 4622 
3499 681 5807 
2760 756 3254 
2745 4684 6038 
782 2307 5615 
295 3911 4558 
4735 2449 7003 
706 4619 7027 
3417 910 5864 
3012 1223 3800 
3920 1239 4624 
1118 2475 4846 
3897 2564 6505 
1000 3798 3931 
62 2977 3773 
1536 2598 5205 
3293 1220 3938 
2415 3947 5451 
3059 1677 4200 
7 8 5750 
5888 887 6784 
1846 2941 5208 
823 1992 6607 
585 2995 3588 
97 4805 6480 
1806 6480 6481 
2481 655 4725 
1293 2558 4993 
2586 1429 4829 
530 4877 5691 
2164 3324 5125 
2774 1241 4407 
1042 2740 3468 
1516 3908 5063 
228 4267 6927 
1517 1947 3321 
75 5779 6140 
863 2148 6422 
1013 3698 7119 
3251 1502 4257 
2421 1563 3794 
1216 4318 4319 
289 3487 4132 
2655 1476 6949 
2755 310 6833 
2651 3939 6498 
530 5691 5692 
686 2041 3028 
1447 3445 5114 
4427 1659 4428 
3541 1824 3737 
1316 2661 4566 
2537 333 5794 
2365 551 4695 
2236 2505 6580 
2585 713 4905 
1163 2523 4869 
2243 3337 3937 
1291 4802 4803 
223 2851 3313 
225 4784 6368 
2825 1681 4314 
3923 543 5653 
1904 6368 6369 
882 2490 4469 
5624 3579 6259 
2949 5876 6926 
4267 1976 6927 
917 2539 5426 
1732 2594 6636 
3856 1615 6182 
1473 4920 6799 
3662 2019 4079 
2892 1001 6696 
1427 4472 4713 
1959 1561 4032 
1620 5708 5709 
1099 3655 6632 
349 3458 5632 
1570 5001 5637 
1974 242 4102 
734 2646 5577 
10 9 3156 
9 8 3156 
1519 4481 5460 
2157 239 2681 
6721 2892 7101 
3601 240 5203 
5702 1779 5703 
3514 414 3591 
808 2992 5718 
3233 331 6654 
4376 1144 5195 
1503 3251 4257 
3697 2117 6901 
540 3324 7123 
2870 5560 6139 
1841 3269 5018 
2253 352 2999 
1346 4578 4579 
1195 4571 4572 
2514 303 4793 
1765 4517 6137 
1765 2760 3254 
1806 6481 6835 
434 2868 5662 
2476 250 4998 
349 1987 4294 
2908 1046 4365 
1913 126 3950 
3143 6154 6891 
690 5581 6800 
3983 2052 4399 
626 5409 5482 
4430 192 7088 
3963 2226 7032 
2093 2094 6171 
6171 256 6961 
4290 2016 6755 
1965 1252 2452 
2722 715 6120 
1304 2029 2358 
700 2353 2424 
2099 96 3192 
587 4029 6709 
855 2323 3883 
4612 2003 6773 
4013 2862 4782 
3423 6197 6258 
273 4249 6353 
2433 663 2859 
1259 4824 4825 
2944 1941 7019 
2625 860 4351 
1103 4006 4007 
2920 167 4424 
4759 1674 4789 
291 2402 2935 
807 2540 4569 
1907 292 3565 
2889 270 6123 
3219 110 7004 
1935 3519 6066 
2128 272 3453 
3305 70 5506 
2450 679 2943 
3872 1556 5905 
2078 775 3842 
1181 3623 4800 
3739 140 6688 
1784 5217 6508 
5856 1799 5857 
2108 1172 3627 
1304 2358 4863 
279 2458 5585 
2697 2670 3629 
624 5856 6781 
1192 2574 5946 
2170 2530 5565 
450 3143 6891 
933 2367 3523 
933 3547 3950 
2320 86 3328 
629 2972 6235 
2320 715 4287 
2549 3350 5665 
1280 4795 5955 
2746 1311 4388 
2393 119 6994 
6059 1715 6421 
6469 2791 6889 
6041 1903 6665 
2399 674 3692 
911 2027 4745 
1970 182 3965 
2917 1541 5887 
423 3571 3754 
3753 537 4502 
1915 831 2627 
2627 416 3329 
2239 186 3865 
4623 117 4772 
3222 2981 6529 
3524 6359 7015 
3026 449 5188 
1235 4423 6560 
2329 155 3881 
2830 1767 2831 
864 2884 3195 
2071 983 3707 
819 3763 4810 
3381 298 4886 
4699 527 7031 
2045 878 5101 
2109 2145 4635 
2938 923 6610 
4754 632 4755 
229 3120 3617 
1105 3440 6088 
2857 5731 6757 
3480 942 6400 
1112 2739 5044 
3204 1477 5082 
2836 1300 4959 
6887 925 7041 
135 2359 3608 
2330 307 3672 
2831 1767 6272 
2043 610 2964 
936 3460 3725 
1559 1936 5448 
892 3130 3793 
94 2938 3383 
1791 2755 6833 
2935 930 3304 
2144 598 4290 
2313 78 2967 
3728 312 4865 
3319 159 3573 
313 3320 3411 
1658 4428 4429 
1564 3989 3991 
1076 2720 3581 
1520 5140 5839 
984 2802 3053 
2318 316 5471 
2378 1211 4322 
1921 4486 6090 
2256 644 5007 
2077 5926 6899 
3004 438 3744 
1269 2139 4866 
2181 1033 3667 
4109 1089 4110 
2704 908 3240 
3612 1553 3877 
693 2075 2473 
2691 1900 6307 
1258 4210 4746 
2838 1249 6825 
2761 1168 6928 
921 3019 3727 
1104 2664 6805 
6088 3440 6868 
2276 1508 4168 
3686 370 4448 
2224 327 4278 
1117 4278 5065 
3051 2193 3745 
1014 3467 6299 
2593 329 4381 
3434 1526 5490 
1714 2932 4711 
1714 2582 2932 
382 1960 4535 
1960 382 4190 
2851 223 5695 
205 5035 5655 
3955 1991 6188 
1960 1179 4535 
2187 768 3390 
2057 1216 4661 
2653 3875 4266 
2645 2207 7023 
3557 336 3721 
5037 994 6056 
2549 135 3055 
2359 135 2549 
2116 3844 6073 
505 4433 6326 
2069 2987 3510 
3453 272 4504 
500 4574 5059 
3110 1981 3631 
1158 3334 4881 
3800 1223 6306 
4668 2508 5191 
2605 3736 4717 
1110 2743 5029 
3869 506 4444 
2811 1028 5601 
4643 3261 6318 
4100 1094 6052 
5690 1048 5876 
1555 2262 2312 
1127 4294 4296 
4466 1581 5120 
2632 4982 6650 
1248 3368 5644 
546 2456 4403 
2253 2999 4609 
3548 1936 5180 
5180 1936 5181 
4291 2389 6085 
37 36 6469 
812 5968 7065 
553 1948 3574 
4554 1215 4555 
1723 4555 5209 
1698 2383 3429 
1429 4337 4338 
196 2047 3970 
3469 980 5920 
1147 3789 3790 
843 2335 3107 
3107 1241 6293 
2384 6285 6286 
2478 361 4747 
4889 1963 6692 
553 4384 4479 
1626 3326 5446 
363 2547 5548 
1992 823 2470 
2182 1626 5447 
2901 5202 6758 
1664 2804 6217 
2735 2197 3685 
3443 367 4652 
1895 6138 6335 
1342 2947 4073 
4836 1706 5691 
5972 1692 6186 
2750 820 6586 
1494 2113 5596 
663 3552 6379 
3443 1220 6222 
887 3256 6784 
4423 1796 6560 
5872 193 7001 
2796 3777 6660 
2863 941 5729 
2903 481 4261 
1250 3364 3902 
2180 1196 4532 
3183 1145 4628 
3056 135 3057 
189 3807 5379 
1935 3037 7121 
775 2078 2525 
960 3623 3624 
2736 775 3205 
3205 775 6801 
206 4369 4534 
1179 2481 4725 
2139 4084 4866 
608 2922 6417 
175 3927 5172 
2018 1169 3927 
913 4220 4291 
2389 354 6085 
3264 1237 6010 
1122 3444 3795 
932 4489 5081 
2267 1308 3658 
1308 2267 2741 
2328 231 2824 
81 3900 5367 
3023 1850 6142 
3259 648 7070 
2643 2314 6345 
1878 3674 3675 
2444 1394 5850 
3096 2324 3598 
4015 2097 6906 
2502 1155 5436 
1680 2708 6349 
2508 1398 5191 
1318 2691 4933 
6308 873 7089 
4202 1540 5907 
400 1896 5341 
1929 2931 4044 
1350 4604 4605 
1495 3437 4818 
1353 5033 5326 
1148 1906 2875 
3562 1756 3835 
1695 2443 6212 
2274 6062 6148 
4906 4532 6509 
2757 5835 5836 
250 2718 4998 
574 5836 5874 
2582 710 2932 
3123 1485 6266 
3799 2465 5811 
2467 322 3558 
2008 999 3618 
3815 1054 3816 
414 3514 5579 
2651 6498 6591 
3529 1862 4921 
5655 1595 5656 
832 3595 4094 
224 2167 4058 
706 7027 7028 
2300 540 3693 
2014 233 5992 
2408 4665 5566 
1642 3150 3502 
83 4343 6180 
153 3012 3800 
1302 1990 4667 
1034 3169 3170 
1860 320 2511 
1320 3569 4851 
3575 1676 4660 
1158 6231 6894 
1604 2563 3949 
2910 2603 4541 
3581 2720 5060 
769 5768 5990 
4134 1611 4708 
3007 903 3013 
427 3267 4653 
828 6250 6343 
2912 2155 6823 
5593 2058 5667 
4379 429 5476 
3944 1461 3945 
536 4425 6690 
1819 6945 6947 
2625 4351 4700 
203 3673 7000 
1768 1931 4671 
905 2629 6211 
1084 3913 4210 
788 5694 6371 
1486 3178 5611 
711 3178 5542 
2066 172 4130 
4552 953 6673 
986 3355 3356 
2356 663 5552 
2217 2554 6543 
1898 5241 5242 
2262 696 2312 
6687 1771 6732 
3892 599 6762 
440 4057 4855 
4853 589 6545 
3005 1453 5128 
3665 1452 5133 
1813 2345 6626 
1151 3986 7082 
5966 71 6003 
3509 1538 3593 
445 3583 5109 
1155 3882 4957 
2276 789 2277 
1958 6592 6593 
818 2925 4110 
447 2925 3729 
4853 2130 5151 
2936 909 6746 
5871 1527 5873 
3117 1435 7061 
2170 281 2530 
5111 622 5205 
2873 3171 6871 
321 3036 5645 
1578 3612 5985 
1575 3098 4245 
2414 4245 6652 
1966 3261 6384 
5166 2897 6418 
794 5166 7043 
2963 1075 3917 
1075 2963 6375 
635 2763 5415 
635 2177 2763 
1579 2696 4606 
4605 690 6800 
1084 3915 6855 
3201 1129 6514 
631 2285 4860 
3073 1775 6739 
1768 3088 5701 
3673 2941 7000 
119 3113 3646 
1580 2157 2681 
1861 2919 6861 
2979 463 5544 
2672 703 3828 
1798 3488 6788 
2066 1276 4131 
2390 3607 4171 
2983 1646 6167 
3564 283 6744 
467 2910 4541 
3844 1804 6073 
468 4306 6398 
259 2423 2956 
469 5486 5534 
2678 758 4463 
3241 1581 4466 
3846 1455 5520 
3179 1885 6682 
6008 1884 6917 
2100 3451 5733 
2101 620 2316 
474 3140 3496 
830 5236 6100 
2217 438 2554 
3978 74 4326 
2442 726 3211 
5023 2333 6679 
934 2090 3522 
1467 2727 5147 
1951 3090 4537 
1530 5145 5146 
716 2461 5913 
1032 3837 6124 
4723 3378 7090 
1300 4960 6009 
3159 1855 4503 
1560 4026 5720 
1008 2945 2946 
833 3174 4972 
3400 629 4929 
2177 2955 3284 
270 2889 4924 
882 2820 4122 
4465 485 4854 
524 3820 4144 
2877 797 4376 
218 5900 5983 
6303 743 6973 
244 5121 6328 
668 2292 5646 
4182 2289 6214 
1910 126 2562 
1186 2586 3831 
4828 2586 5229 
874 2611 3249 
875 3246 3910 
4295 2061 4804 
4457 236 4814 
3579 1725 6259 
444 2343 6539 
494 4011 4090 
3718 1717 6082 
3585 1591 5987 
102 2131 6938 
1722 4247 4787 
1871 4596 4786 
497 2433 4892 
3774 722 6867 
602 2609 5879 
3852 1835 4402 
1792 3634 6473 
3515 988 5715 
1160 4049 4050 
6026 1886 6932 
3266 1207 5012 
3566 1617 6841 
1444 2694 5052 
502 5052 5743 
3101 2148 6819 
2148 3101 4329 
965 2664 3367 
3418 2585 3847 
4433 505 4434 
1391 2296 5311 
4444 1162 4445 
1855 3998 3999 
2048 3454 5230 
507 3509 3593 
1552 3557 3721 
929 2520 3684 
4476 2372 5620 
5560 509 6139 
1185 4513 4514 
1705 3452 7047 
1965 257 3783 
2087 815 2712 
174 3516 6415 
3524 1843 6359 
513 3286 3289 
1844 7042 7081 
762 2636 4394 
3623 111 4800 
3807 1914 5379 
3028 2041 3878 
1798 3385 6790 
1316 3833 4030 
2596 6145 6550 
5706 2398 7095 
1473 2881 3615 
1120 3046 4223 
766 1985 2973 
2434 210 3433 
3433 796 3568 
4488 2110 4958 
575 4246 5013 
4682 640 5859 
1040 2406 4400 
2985 1319 5969 
909 2080 2631 
2502 5436 5954 
982 1946 4368 
525 1913 3547 
1740 3084 5581 
2562 738 2685 
2693 1210 5027 
2997 947 2998 
990 3347 3705 
1838 3462 5738 
1134 4307 4308 
1046 3492 4603 
1800 6347 6460 
3376 369 4702 
3491 2215 6460 
1924 6438 6690 
3258 942 5932 
1937 533 4040 
1937 4040 6078 
4276 2623 4823 
1167 2183 2948 
195 2251 3620 
6118 799 6950 
3962 4064 6074 
954 2659 6438 
3020 1615 4698 
1325 3753 4502 
3966 340 5790 
182 1970 3207 
3642 539 7050 
1225 4699 5935 
881 3738 5152 
3324 540 6818 
4057 4820 5210 
1891 3472 6931 
1291 3770 4737 
1938 5035 6261 
21 2563 4909 
1853 5014 6766 
741 2114 3677 
741 2543 3482 
3128 892 3129 
3577 545 3812 
168 2400 5453 
2765 1119 5067 
4159 1736 5852 
2585 1213 5049 
2918 873 5906 
2213 1392 2370 
1584 2633 5922 
3861 6308 7089 
3203 867 5214 
550 3526 5003 
2379 333 4359 
551 4285 4711 
3519 1161 4642 
2927 1161 6033 
2534 811 4588 
811 2588 2703 
2123 597 4816 
1695 3639 6448 
190 2479 7106 
2579 3905 6331 
2940 100 4349 
2129 1330 4471 
3070 1973 5112 
2461 479 4317 
4086 880 6504 
278 3607 6304 
2047 868 3970 
2590 4833 5160 
3506 4942 6937 
1940 3343 4942 
4229 1879 6089 
735 6039 6089 
1216 2057 2419 
2954 3890 7099 
2251 1347 3620 
2024 2083 6255 
2820 201 5578 
2758 929 5540 
1773 3956 6630 
1734 2820 5578 
208 3048 6161 
3522 99 5584 
2411 669 2412 
2505 1418 5228 
2052 1418 4399 
570 4520 5554 
1765 3254 5554 
3833 219 3964 
1199 2200 3301 
1093 2093 5508 
3385 572 4599 
3307 1582 6061 
671 3155 6355 
2718 250 5672 
6474 2267 6627 
1963 2761 6944 
2761 6928 6944 
2203 2966 4639 
988 2203 4639 
46 47 6874 
5232 2652 6909 
1999 28 4209 
26 27 6590 
3035 1588 4398 
4118 580 6045 
37 1996 3759 
37 38 1996 
5819 2282 6750 
21 22 5819 
3498 1989 4686 
1548 4676 5463 
3182 422 4262 
584 2268 4137 
2533 1238 4948 
3703 114 7063 
2110 384 4958 
2145 759 4096 
5931 2551 5956 
96 3367 4872 
3219 876 5626 
3492 588 5378 
2447 925 2517 
4244 1472 5363 
2255 238 4771 
3235 1522 5998 
3757 591 5443 
591 2691 6870 
2599 1082 2787 
2230 765 3550 
4429 1659 4773 
4428 1659 4429 
3236 304 6065 
3236 1048 5690 
3372 1777 6243 
1420 3373 5648 
2123 894 3696 
2441 726 2442 
1238 2822 4948 
4505 1883 7016 
2183 534 2948 
1430 3892 4995 
3794 1563 4057 
3558 2138 6490 
2075 693 2124 
72 3247 4524 
1186 2383 4718 
4411 2311 6713 
2013 5741 6827 
5729 604 6070 
2096 199 3005 
1952 1214 4600 
1868 2120 4926 
1329 3867 7025 
606 2223 3798 
607 2105 2176 
2967 78 4156 
1269 3042 4944 
2217 3823 5821 
1051 3479 4252 
2933 802 4152 
2849 5614 6780 
2356 263 4087 
2197 611 3685 
3865 5087 5089 
3865 186 3866 
1086 2818 4778 
1770 4383 4384 
1208 3967 4496 
2628 837 4335 
222 3356 5962 
616 2242 4456 
617 4501 4571 
617 2214 3094 
415 3636 7100 
946 3529 4921 
3889 319 5822 
2139 1269 4944 
2499 176 4167 
620 2566 5528 
5779 75 5780 
2242 616 2834 
5135 2153 5389 
2096 3005 4169 
442 5134 5135 
1596 2022 3114 
3116 280 4776 
3682 1895 6781 
2702 2001 6026 
1874 2567 3797 
3612 3877 5985 
1091 2482 5645 
4082 1096 5092 
3953 2931 5851 
5833 1640 6083 
2928 3092 5849 
283 3564 6727 
6234 1701 6235 
1021 3245 3647 
2286 4071 5488 
2155 1337 4419 
774 5567 6661 
4746 2070 4941 
2755 791 6708 
3172 1023 3173 
4848 2729 5167 
1981 1109 3631 
1457 3485 4710 
2763 1507 5499 
635 2178 4293 
636 2173 3017 
2438 704 5586 
637 4508 5755 
2349 4613 4614 
4613 2349 4990 
639 2309 5061 
1477 3505 5082 
245 2355 4400 
1704 3774 6867 
641 2281 4195 
3082 330 5129 
3172 966 6770 
5467 1831 5538 
2712 815 6079 
2026 674 4157 
3755 645 4943 
3082 1055 3755 
647 2478 4749 
1992 3659 6607 
1843 3360 6359 
3027 1487 5629 
4550 230 5587 
5041 1878 5343 
3912 1577 3933 
1355 3912 3933 
652 5393 7071 
3331 652 7071 
299 3063 3369 
921 6612 6647 
2664 1104 3367 
1140 2481 4369 
123 1991 3955 
3150 1642 6155 
4438 2352 6168 
2812 5659 7107 
1164 3261 4643 
2382 1130 4341 
3805 1499 4701 
4266 271 6748 
1781 5577 6203 
353 2604 4615 
660 2226 3548 
3114 2022 4460 
2339 3667 6199 
2815 1944 3943 
238 4208 6249 
2305 5167 5465 
945 2374 3552 
4472 1427 6949 
2284 6250 6252 
3720 665 5498 
3106 1830 3720 
2300 666 2301 
1576 3849 4946 
2522 301 2747 
2333 667 3776 
488 3662 4079 
3769 2292 4078 
4674 669 5148 
2412 669 4674 
1903 3549 6440 
2798 288 6005 
3693 1107 4230 
671 2161 4231 
480 3655 4712 
2158 672 2159 
2027 289 3504 
1003 3588 3803 
2784 816 6043 
2026 816 2996 
1904 2253 4609 
3660 665 6436 
3397 1856 4080 
213 2006 2421 
2125 198 6042 
2006 1338 3493 
2457 422 3182 
1622 6005 6006 
273 3022 4249 
2450 882 4122 
2466 5400 5745 
165 2626 4235 
3622 1129 4138 
2168 800 3653 
683 2324 4562 
3506 332 6174 
3359 5888 6784 
2331 203 3461 
3355 1500 3356 
2498 1669 3192 
4603 2315 5381 
113 2958 4042 
3038 1434 3127 
1577 3912 4693 
2278 1577 5861 
1741 3316 6058 
93 5590 6137 
2857 3669 5842 
2511 4435 5017 
3212 1336 4636 
1085 2473 2680 
693 2467 4762 
443 3242 4193 
3473 1131 6492 
3032 1261 3282 
1172 4237 5159 
822 2262 5829 
5828 1555 5830 
4040 915 6078 
1743 5169 6078 
1029 2817 2976 
755 5559 6162 
1026 3508 3650 
2423 1359 2956 
981 2560 5987 
2560 3585 5987 
4481 2494 5460 
702 6420 6741 
2766 761 6467 
2093 703 2094 
2293 705 6105 
1543 2292 4184 
3893 1356 5630 
6061 3494 6756 
2476 1268 4251 
2434 3433 3568 
4082 3226 5438 
2427 306 3476 
220 2582 6402 
4470 1279 4880 
3178 5608 5611 
2537 711 4297 
1783 5931 5956 
3418 3847 6905 
1359 4722 6964 
1870 2571 6724 
3770 542 5079 
1643 6279 6280 
2320 4287 6280 
5913 2461 7077 
3191 5119 6883 
1717 6064 6571 
2219 822 2544 
3760 369 6538 
1354 4486 4487 
1826 3899 4252 
2452 807 6582 
720 5398 6182 
943 3183 4628 
2358 3511 4067 
1637 3635 6151 
2870 722 3395 
2830 343 6283 
2449 343 3654 
4443 246 4578 
4403 2216 5481 
3804 462 6516 
1497 3645 3646 
5541 3211 5948 
1317 2951 4273 
3366 1784 4112 
3474 949 3475 
1896 3666 4703 
729 2519 6067 
1988 4652 4875 
261 3158 4611 
1146 2556 4336 
359 2726 3790 
1147 2555 3789 
1428 2408 3853 
732 2593 5993 
2660 158 3901 
2038 1301 4380 
2646 2222 5577 
128 5053 6202 
2971 1102 6849 
1101 3800 6306 
1786 2561 2968 
3073 236 4457 
177 2333 4817 
5958 1625 5959 
846 3396 6075 
1950 4124 5183 
3106 3720 5498 
3221 1256 4339 
4000 173 4115 
4775 1986 6989 
2957 1072 5392 
1072 3677 5392 
2114 741 2115 
1323 4108 4125 
3583 445 5442 
2136 1658 4808 
2596 3900 6145 
179 4300 7080 
4344 2366 7040 
1963 3560 6692 
549 4830 6570 
3884 1489 5069 
1481 2715 6432 
2682 4970 5660 
2682 748 6019 
4842 1270 6019 
2577 749 2578 
249 2056 4590 
1412 2684 2960 
751 5671 6850 
2716 1484 5609 
2786 3594 6152 
3594 1433 4585 
5780 1649 6324 
4892 1442 5803 
152 5105 5126 
2726 1147 3790 
1971 1029 2975 
2975 1029 5742 
756 5588 5592 
3254 756 4056 
2989 1460 5589 
786 2659 2660 
1247 2134 7012 
1371 3536 3868 
1638 5172 5997 
2109 759 2145 
1370 2690 5272 
2341 1521 6467 
5773 793 6996 
1751 3132 6131 
3132 3555 6131 
2067 925 5420 
925 2447 5420 
2775 317 5403 
764 2777 5211 
1219 4697 5933 
765 2558 4992 
4883 1859 7108 
3348 1083 5219 
2711 1052 4835 
2816 1052 3409 
971 2068 3688 
3581 425 5837 
2073 1295 4126 
2635 5536 6729 
2392 2799 6616 
91 3033 4954 
1602 3041 4656 
4864 2360 5002 
161 4678 6141 
3663 453 5663 
4432 1230 5638 
2286 631 2529 
2650 774 5957 
871 2040 2706 
775 2736 3235 
3097 2785 6187 
267 3268 6175 
2820 882 4001 
5904 777 6102 
2828 253 3918 
2829 1156 6511 
2410 779 5461 
940 2736 3154 
4824 2168 4825 
231 3898 4826 
4272 2668 5816 
2668 48 3525 
2017 3224 4679 
2307 1512 5615 
2800 1172 5159 
783 2641 2801 
3825 2013 5428 
3875 876 6731 
2053 941 4226 
2186 262 3597 
2856 1039 2857 
2857 1009 5731 
4064 1926 6737 
247 5731 6736 
3313 2000 7115 
3583 1673 5109 
2277 789 2306 
4150 3054 7086 
2626 790 4150 
5234 2755 5767 
791 2303 3149 
3062 1438 3530 
3528 946 3530 
1828 5508 6961 
2106 1250 4092 
101 3293 3938 
3777 795 6660 
883 3872 5905 
2476 796 2768 
2683 250 4638 
903 2621 3267 
2621 903 3007 
4108 1958 4125 
977 3320 5407 
799 3330 6311 
2818 799 6118 
2671 2087 3784 
2087 992 3784 
801 2671 3784 
108 3622 4459 
329 2593 2933 
2964 802 3144 
2827 196 3213 
803 2969 4949 
425 3581 5060 
2630 68 5140 
2440 4425 5940 
3037 5939 7121 
5545 2978 6974 
3043 858 3577 
4569 2541 6583 
2540 807 4647 
3233 6654 6655 
4662 1267 6877 
3012 1358 6969 
3335 1087 3614 
4100 2298 7074 
4494 1735 6087 
2921 1554 4421 
4421 2534 6169 
812 2535 3010 
355 3010 5496 
2016 4290 6050 
6520 2548 6921 
414 3230 4977 
1561 2966 5622 
3190 1099 6672 
269 3131 3656 
3131 269 6667 
816 2783 2883 
6502 817 6575 
817 2065 3869 
1713 2339 6199 
2925 1474 4110 
2367 2710 3523 
2710 1261 4810 
2236 1418 2505 
106 4216 6580 
1281 2471 4849 
1821 2814 6677 
4088 2544 5927 
2310 2262 3297 
3659 1992 5189 
6674 4561 6675 
1200 3382 5607 
2961 484 3382 
3042 95 4387 
1513 2042 5822 
1175 3217 6396 
4600 197 6267 
2386 285 3310 
3071 914 4768 
4389 2284 6578 
6250 2284 6343 
3797 4897 6339 
4418 829 4625 
1947 1517 5083 
2165 830 3140 
3067 1721 3068 
2288 270 3174 
2178 4058 6122 
2178 224 4058 
5513 483 6424 
2271 833 2920 
2631 2080 4046 
1906 193 2024 
2202 128 3262 
5741 3262 6827 
836 2193 3051 
2642 3351 5685 
2550 1079 4724 
3158 261 6454 
2463 3218 4390 
2770 740 3050 
2993 2363 5190 
839 2833 6476 
2420 1180 4821 
4989 6195 6971 
2248 4014 6401 
4005 109 6234 
1616 3108 6018 
6227 3070 6728 
2992 4436 5718 
3845 701 5988 
2962 845 3940 
1755 3742 3779 
282 3038 3127 
5348 1814 5960 
848 2413 3125 
5795 2413 6021 
3160 911 4745 
2837 1212 4966 
3427 1690 6733 
2861 1162 4782 
184 2527 3454 
2106 851 3272 
356 3078 4904 
4061 1340 4876 
689 4232 6885 
3143 1435 5222 
437 3029 3148 
260 6554 6918 
2323 855 3598 
1079 3752 4724 
3315 6452 6453 
4485 3157 4976 
232 2347 4917 
232 2287 2914 
1889 3043 3577 
1889 255 3043 
1607 3339 6160 
3360 1038 3712 
1819 3274 6945 
2959 1882 6657 
879 2239 7093 
879 4045 4898 
4617 863 6422 
2129 4320 6007 
2890 1610 5867 
863 1919 3120 
2451 864 3196 
3143 5222 6154 
2853 865 3549 
1903 6440 6664 
2009 1239 3920 
3920 1154 4128 
3264 214 5845 
1737 3630 6581 
2047 559 3855 
598 4996 6050 
1068 4041 4290 
2102 10 3156 
779 2102 5461 
3610 779 5439 
871 2845 2896 
872 2447 4891 
872 3239 6577 
1416 2918 5908 
2636 286 4634 
3132 1060 3555 
3852 498 6752 
1776 5996 6751 
3746 1652 6253 
877 3746 6253 
2092 877 3683 
877 2092 3746 
1545 3369 5557 
1010 3369 3690 
2239 3865 5089 
293 4045 7092 
2730 1864 4129 
3609 1465 4107 
3048 881 5004 
3421 973 6394 
4122 2820 6517 
2490 882 6353 
941 2053 4692 
941 2864 4226 
3313 2851 7117 
3200 394 7116 
514 3132 6132 
3280 294 6631 
1627 5743 5744 
5052 2694 5743 
2396 6113 6213 
1623 6071 6072 
2911 1581 5818 
4415 1531 5120 
2841 306 4548 
3056 890 6659 
1096 2385 4720 
2386 708 3089 
2175 1645 3736 
3128 2395 4325 
3375 1324 5116 
2149 2507 5625 
2492 91 5902 
894 2146 3336 
2146 971 3688 
2203 895 2966 
2554 1439 3714 
1037 2941 3673 
3325 897 3857 
2408 418 4462 
2762 3949 6894 
4293 2178 6122 
525 3379 3707 
2710 298 3523 
3364 1250 3365 
2305 372 3272 
2201 936 4539 
1327 3853 4462 
3231 1532 5870 
3092 845 5869 
1594 3147 6175 
3268 1594 6175 
3054 2001 7086 
5446 2143 5525 
4497 1668 6207 
357 2205 3166 
3167 906 6158 
466 3835 4286 
3562 952 6930 
6265 1745 6669 
908 3400 3414 
4898 1808 5969 
2080 909 3074 
3416 420 6802 
3415 910 3417 
2233 1621 2869 
289 2158 3487 
1525 3303 3765 
1419 3865 3866 
913 3244 4220 
4764 1472 6975 
2517 925 4143 
2538 915 6513 
2538 1659 4427 
3280 916 6352 
916 2275 4208 
4727 1729 4728 
917 2721 3447 
2235 1198 6257 
2742 1198 3259 
2443 4945 6532 
1317 2906 3811 
920 2228 3407 
4350 2228 4899 
3018 921 5102 
3019 921 6982 
150 2649 5366 
2278 229 2484 
2954 923 6437 
1042 3383 3806 
1921 3761 4487 
369 2947 4702 
3476 6887 7041 
2427 3476 7041 
3373 926 5648 
927 1982 3091 
4672 99 6694 
2355 245 4741 
2234 1639 5779 
4332 1157 4334 
4861 2758 5540 
2338 643 2950 
2118 930 3305 
5883 893 6876 
931 2069 3510 
6545 1708 6546 
2130 4853 6545 
2367 1261 2710 
1912 525 3547 
1462 4672 6694 
3309 934 5387 
1232 3785 7088 
2952 308 3460 
488 4079 4484 
1334 2952 3460 
375 3442 6119 
2469 6126 6127 
2060 304 2411 
939 2871 7045 
939 3236 5690 
3464 304 4563 
870 2700 3154 
2454 940 4968 
3442 4692 6119 
3442 941 4692 
691 2514 5842 
2263 377 4572 
3057 943 6763 
3055 135 3056 
3543 1504 3576 
3820 1839 6676 
2735 2426 4087 
945 3551 5776 
415 3062 3530 
1438 3528 3530 
3936 2189 5394 
2188 2189 5612 
4310 1189 7076 
2648 1054 6873 
1542 2553 5530 
2269 5526 5528 
950 3145 4159 
951 3541 3737 
4030 516 5054 
259 5852 6907 
1646 5243 5244 
3563 1646 4452 
2845 172 2896 
1465 4304 6493 
3441 954 4179 
2531 158 5477 
4019 2620 5505 
955 3266 5012 
1587 2734 5748 
4 2734 5642 
957 2360 3887 
292 2319 3565 
958 2970 3328 
3393 86 6279 
2509 1237 3457 
334 3527 7020 
970 2607 4426 
3624 1181 6753 
3207 1970 4940 
5935 4699 7031 
3208 962 6715 
2810 962 3208 
537 3580 4567 
962 2810 3580 
4141 2187 5239 
1953 4141 5239 
1784 3366 6623 
2711 4835 6507 
1772 5043 6770 
851 2106 2848 
3349 512 5064 
1901 207 3431 
3965 182 6830 
3571 968 4302 
2834 616 5423 
2566 969 3440 
4887 380 5658 
