1099 2783 3656 
2783 269 3656 
3657 2803 6542 
2392 1044 3657 
388 2676 3658 
2676 1203 3658 
2363 646 6077 
646 3659 6077 
1506 2854 3660 
2854 665 3660 
162 2019 3661 
2019 993 3661 
993 3662 6330 
3083 993 6330 
3663 5663 5664 
993 3663 5664 
1844 3288 4986 
3288 88 4986 
623 3403 3665 
3403 1452 3665 
5659 528 7107 
528 3666 4010 
2022 661 5139 
661 3667 4843 
1733 3668 6128 
2469 679 6126 
1039 2512 3669 
2512 691 3669 
3670 1345 6418 
376 3670 6418 
3671 1116 6365 
183 3671 6365 
2524 1037 6337 
1037 3672 6337 
203 2331 3673 
2331 1037 3673 
648 2199 3674 
3674 2199 6047 
3206 3675 4961 
3206 1019 3675 
3702 2237 5737 
1064 3676 4961 
2542 741 6435 
741 3677 6435 
4303 346 4951 
346 3678 3679 
1478 5659 6776 
1478 3679 5659 
3680 2234 6933 
2165 474 3680 
669 2411 5044 
2411 304 3681 
2345 3682 6170 
277 3682 6625 
3683 877 4507 
1445 3683 4507 
2520 508 3684 
3684 508 6934 
611 2196 3685 
2196 900 3685 
3686 4448 7079 
4448 2394 7079 
39 38 4370 
38 3687 4370 
3688 2068 7113 
476 3688 7113 
3689 1788 4328 
1161 3689 4328 
3461 3690 5884 
3461 1010 3690 
1144 2878 3691 
2878 486 3691 
674 2405 3692 
2405 1068 3692 
3738 1810 6913 
3697 1107 5456 
1080 3694 4889 
3695 1080 4889 
3695 4889 6692 
154 3695 6692 
1695 5541 5948 
3639 4858 6448 
5456 1810 7046 
208 5456 7046 
1013 2721 3698 
2721 300 3698 
1198 2622 7119 
390 3699 5281 
1013 1964 3700 
1964 521 3700 
2787 1082 3701 
4730 1513 5475 
391 2237 3702 
1030 2037 3703 
2037 114 3703 
2833 3471 3704 
3471 305 3704 
3136 190 4962 
190 3705 4962 
4402 1835 6826 
3706 1835 3851 
983 1946 3707 
1946 525 3707 
1728 3708 5979 
4175 1892 7036 
499 2203 3709 
2203 988 3709 
2966 1561 4639 
577 3710 5621 
3711 7057 7058 
136 3711 7058 
3152 859 6408 
859 3712 6408 
1109 2348 3713 
2348 161 3713 
1439 2326 3714 
2326 475 3714 
5444 478 5686 
2727 1467 5145 
1001 2892 3716 
2892 561 3716 
121 2591 3717 
2591 1001 3717 
1683 3718 6082 
2494 494 3780 
2336 1538 5966 
1538 3719 5966 
3720 1256 6904 
665 3720 6904 
994 3721 6056 
1818 5037 6056 
509 3722 5546 
3722 3860 5546 
1703 3860 5547 
3722 994 3860 
301 2068 3724 
2068 971 3724 
308 3446 3725 
3446 1153 3725 
1466 2793 3726 
2793 313 3726 
2487 723 3727 
723 2486 3727 
2468 1062 4865 
1062 3728 4865 
1062 2468 3729 
2468 447 3729 
361 2478 3730 
2478 1930 3730 
4142 1583 4733 
1111 3731 5649 
4200 1583 5649 
4119 581 4142 
981 2084 3733 
2928 102 5074 
701 2084 3734 
2084 981 3734 
2560 3735 5433 
2560 981 3735 
2605 1194 3736 
54 2175 5324 
3542 951 6484 
951 3737 6484 
3324 6040 7123 
3738 1757 5152 
2687 5237 5247 
2687 1376 3740 
3740 3739 6688 
2552 6601 6602 
4589 1938 5176 
5176 1938 6261 
982 2317 3779 
126 3742 6699 
525 1946 3743 
1946 982 3743 
4730 2217 5821 
1082 3744 5475 
2193 1014 3745 
1083 2151 6299 
5378 588 7024 
3290 1652 4556 
573 2579 3747 
2579 1911 3747 
2293 3748 5376 
6313 985 6840 
4926 605 5761 
605 3749 4736 
4640 566 6629 
1672 3750 4684 
1277 2805 3751 
2805 381 3751 
1644 5929 6246 
3096 855 5929 
3753 1149 6277 
537 3753 6277 
1325 3304 3754 
3304 423 3754 
1055 2347 3755 
2347 645 3755 
1281 2012 3756 
2012 821 3756 
591 3757 4683 
3757 1235 4683 
15 16 3864 
16 17 3758 
35 3759 3862 
3759 1314 3862 
1017 2119 3760 
5212 369 6775 
2608 3761 5828 
2608 1017 3761 
819 3762 3763 
3033 2492 5896 
2493 298 3763 
298 2710 3763 
998 1873 3764 
386 3764 5344 
912 3302 3765 
1367 3765 4577 
5532 1715 6059 
1045 3766 6421 
2393 5728 5840 
3767 2393 6994 
119 2210 6994 
2210 630 3768 
1078 3769 4078 
1078 2019 3769 
2986 1141 5079 
1141 3770 5079 
332 3771 6725 
4357 332 6725 
4347 1476 6451 
1184 4347 6451 
2977 1793 3773 
3122 937 6821 
1639 3635 3774 
3635 722 3774 
3775 1246 6536 
361 3775 6536 
2332 3724 3776 
3724 971 3776 
1633 3423 3777 
3423 795 3777 
3778 4197 6366 
120 3778 6366 
3779 2317 4374 
3396 1755 6698 
494 3718 3780 
3718 1683 3780 
3781 6919 6920 
995 3781 6920 
4682 1456 5492 
4447 995 5493 
257 2004 3783 
2004 992 3783 
992 2004 3784 
2004 801 3784 
1232 2604 3785 
2604 660 3785 
3786 1020 6350 
4256 170 4525 
479 3787 6363 
3787 5826 6363 
4268 228 5124 
3992 1975 6927 
731 2556 3789 
2556 1146 3789 
1146 3124 3790 
3124 359 3790 
3531 1890 6959 
545 3791 6857 
3792 991 6645 
544 3792 6099 
3793 3791 6651 
892 3793 6651 
1174 2663 3794 
2663 213 3794 
6734 3795 6960 
1122 3795 6734 
1567 3126 3796 
3126 450 3796 
3797 2567 4897 
625 3797 6339 
1000 2208 3798 
3798 2208 5097 
735 3799 6848 
3799 5781 6848 
3800 1101 5811 
153 3800 5811 
1628 3589 3801 
3589 307 3801 
3802 1085 6547 
322 3802 6547 
849 2823 3803 
1003 3803 3804 
3803 2823 3804 
2823 462 3804 
497 2372 4701 
2372 3805 4701 
667 2559 3806 
2559 1042 3806 
3808 1331 3809 
1069 3808 3809 
189 3600 3808 
3600 1331 3808 
1069 3809 6795 
3215 1069 5793 
1047 2906 3810 
919 3810 5370 
227 3811 4348 
3640 227 4348 
1890 6857 6959 
1016 3812 6972 
1617 5843 6841 
3813 1617 5161 
5843 3814 6841 
1016 3814 5843 
3816 1189 6407 
330 3815 6407 
1189 3816 7076 
2648 4310 7076 
1249 2792 3817 
2792 323 3817 
3169 1034 5421 
1034 3818 5421 
1018 2362 3819 
2362 678 3819 
1027 2701 3820 
3820 2701 4144 
3821 621 6878 
1572 3821 6878 
3822 178 6399 
1005 3822 6399 
178 2218 6399 
2218 608 3823 
3714 3824 6301 
3714 475 3824 
3825 1211 6015 
603 3825 6015 
1121 3444 5072 
3444 1122 3826 
2033 3826 5431 
3826 1122 5431 
703 2093 3828 
2093 1093 3828 
3829 4074 6354 
1093 3829 6354 
571 2200 3830 
2200 1093 3830 
3831 1496 6804 
169 3831 6804 
3832 1976 4267 
1420 3832 4267 
1316 4030 5054 
4074 219 4566 
1865 4117 6245 
4117 582 6245 
1643 3835 5118 
3835 1643 4286 
1500 3355 3836 
3355 437 3836 
1032 3065 3837 
3837 3065 4397 
5119 1657 5952 
3065 1032 4292 
6638 2522 6639 
3587 964 6637 
187 2542 3840 
3677 1072 6435 
1471 3185 3841 
3185 225 3841 
2275 590 6028 
590 3842 6028 
3852 6752 7060 
3247 72 6751 
3844 3893 5630 
4756 1804 4758 
2084 701 6190 
701 3845 5532 
1455 3846 5521 
1632 3846 5520 
2585 221 3847 
2097 1822 6906 
2005 3848 4352 
3848 2005 5397 
3849 666 6370 
1574 3849 6370 
288 2798 3850 
2798 1154 3850 
602 2206 5422 
2206 297 3851 
3843 1004 7060 
1004 3852 7060 
732 3209 5388 
3209 1428 5388 
3854 929 5817 
2519 3854 5817 
2590 5160 5196 
5160 868 5196 
3856 1432 6563 
116 3856 6563 
897 3323 3857 
3996 1236 6092 
3276 3858 4582 
3276 974 3858 
1581 5759 5818 
156 3859 5759 
994 3723 3860 
3860 3723 5547 
2214 191 3861 
2610 1665 5480 
33 3862 6588 
33 34 3862 
25 3863 4715 
25 26 3863 
16 3758 3864 
3758 1313 3864 
3866 1142 5529 
1419 3866 5529 
2916 1142 6603 
1142 3866 6603 
1329 2623 3867 
2623 607 3867 
1894 3868 6700 
6335 758 6701 
3999 506 5924 
1805 3869 4444 
200 2804 3870 
2804 1217 3870 
2407 804 3871 
4586 2044 4991 
3872 376 5404 
1556 3872 5404 
549 2020 4950 
5480 191 5652 
3258 3874 5831 
3258 303 3874 
3875 1771 6687 
271 3875 6687 
3357 1071 6377 
1071 3876 6377 
1553 2482 3877 
2482 626 3877 
3878 2041 5789 
5380 515 5381 
785 2743 3879 
2743 1110 3879 
307 2330 3880 
2330 1035 3880 
1501 5769 5770 
1035 5769 6272 
1155 2502 3882 
2502 699 3882 
482 3315 6086 
3315 1685 6086 
2601 1489 5923 
1489 3884 5923 
649 2148 3885 
2148 863 3885 
1446 3354 3886 
3354 898 3886 
3887 2360 4862 
292 1907 3887 
2014 1079 3888 
1079 2550 3888 
825 3042 4387 
3889 1651 4031 
2521 768 3890 
2522 3890 6639 
2329 3881 3891 
3881 1035 3891 
2089 599 4895 
599 3892 4895 
3893 208 6161 
1356 3893 6161 
3894 554 3895 
1421 3894 3895 
4268 1421 4269 
1421 3895 3896 
1255 3081 3896 
3081 595 3896 
1335 3897 6505 
2208 3897 5097 
3898 2614 5986 
1051 3898 5986 
1259 2290 6614 
2290 1051 3899 
81 2613 3900 
2613 1273 3900 
158 2531 4529 
3901 158 4529 
101 2898 3902 
2898 2091 3902 
1312 2048 4781 
2048 3903 4781 
3904 3066 6568 
337 2385 3904 
3905 3318 5441 
555 3905 5441 
1860 3818 3906 
3818 1034 3906 
4897 1682 6339 
4235 1063 6338 
1516 3198 3908 
3198 927 3908 
484 3909 5824 
1614 3909 4161 
3246 1671 3910 
3910 1671 6528 
3911 2369 4558 
295 2208 3911 
4641 650 4918 
1229 4641 4918 
3263 563 6049 
563 3913 6049 
1737 3203 3914 
3203 214 3914 
4210 2070 4746 
1258 4723 4734 
2641 181 3916 
2931 1095 4044 
2853 32 3917 
32 31 3917 
253 3084 3918 
3084 1740 3918 
3919 1363 7111 
618 3919 7111 
354 4127 4624 
2030 1154 4127 
3921 2619 5509 
4989 1962 6195 
2240 5550 6317 
2446 638 5550 
1681 2825 3923 
2825 543 3923 
1354 3924 4486 
4486 1921 4487 
3925 3465 6530 
1169 3925 6530 
1893 3925 3926 
3925 1169 3926 
1169 2654 3927 
3927 2654 5172 
321 2171 3928 
2171 1090 3928 
2423 259 6107 
259 3929 6107 
1200 2565 3930 
2565 268 3930 
118 1949 3931 
1000 3931 4474 
2274 3932 6062 
2274 1150 3932 
688 2649 3933 
2649 1355 3933 
654 2049 3934 
2049 1052 3934 
1720 3067 3935 
3067 831 3935 
3936 2344 5483 
2189 3936 5612 
620 2101 6198 
2101 211 3937 
3995 2491 6966 
3938 1220 6966 
774 2650 3939 
2650 1427 3939 
3402 2085 3940 
7059 287 7124 
2951 3941 4273 
2951 1328 3941 
4260 1165 6903 
1165 3197 6903 
662 2448 3943 
2448 1204 3943 
1039 2856 3944 
2856 786 3944 
430 2512 3945 
2512 1039 3945 
3261 1164 3946 
1478 3946 4951 
2415 1817 3947 
3781 508 6919 
89 2861 4592 
2861 850 3948 
1604 3949 6392 
3353 5580 6392 
126 1910 3950 
1910 933 3950 
107 3951 6695 
3002 107 4896 
4941 2070 6834 
4318 1599 4319 
3953 972 7006 
2295 3953 7006 
1386 2506 3954 
2506 676 3954 
645 2346 4943 
2346 123 3955 
6128 3668 7026 
3956 485 7026 
2712 511 3957 
1965 3957 4645 
3958 1043 6116 
3960 1872 6116 
310 2658 3959 
2658 1043 3959 
1043 2658 3960 
2658 737 3960 
1330 2129 3961 
5623 472 6007 
3962 2180 4532 
157 1926 3962 
1888 3963 7032 
3577 858 7034 
2200 1199 6013 
1199 3964 6013 
1934 6829 6830 
1135 3965 6829 
1135 2416 3966 
2416 340 3966 
614 3967 5707 
5382 614 5707 
1113 3202 3968 
3202 433 3968 
3969 1201 7126 
550 3969 7126 
1680 3469 3970 
3469 196 3970 
1012 2198 3971 
2198 84 3971 
646 2363 3972 
3972 2363 4750 
3973 1297 3974 
1067 3973 3974 
83 1973 3974 
1973 1067 3974 
3975 1280 5697 
498 4401 5697 
3320 1230 5407 
2794 426 4409 
2289 3977 5031 
2289 687 3977 
1439 2453 3978 
2453 74 3978 
3692 3979 5798 
3692 1068 3979 
1057 2848 3980 
2848 455 3980 
1618 3982 4458 
3982 1100 4458 
1100 4553 5204 
1100 3982 4553 
3424 254 5204 
254 3983 5204 
980 2072 3984 
2072 1217 3984 
3985 2769 6334 
5731 247 6757 
1151 2515 3986 
2515 694 3986 
3987 1831 6791 
226 3987 6791 
1517 3321 3988 
3321 211 3988 
314 2957 3989 
2957 1073 3989 
1073 2114 3990 
6670 243 6963 
3990 2477 3991 
2477 743 3991 
2298 594 3992 
5876 1975 6926 
1349 3993 7120 
3514 1349 5579 
428 2650 4111 
3994 428 4111 
3995 1220 6475 
777 3995 6475 
3323 244 6092 
3996 6092 6328 
344 2488 3997 
2488 1108 3997 
3998 1108 5485 
506 3998 5485 
2065 4578 5924 
4578 1346 5924 
173 6471 6989 
173 4000 6471 
777 1988 4469 
4469 1988 4875 
4002 1548 4686 
475 4002 4686 
2339 1713 4003 
818 4003 4028 
4274 4004 5727 
1065 4004 4274 
2972 4005 6234 
2972 1065 4005 
4215 2675 5524 
4006 1103 5524 
4006 1436 4007 
4007 1436 4289 
1498 2839 4008 
2839 753 4008 
1166 4450 5440 
265 4450 5313 
990 3705 4010 
3705 1851 4010 
494 2494 4011 
2494 1059 4011 
3073 4012 6741 
3073 1059 4012 
1162 4013 4782 
1162 2488 4013 
1701 3488 4014 
3488 841 4014 
3102 1783 6226 
1783 4015 6226 
496 2081 4016 
3458 1125 5632 
4941 1600 5127 
3772 1184 4017 
58 2678 4018 
2678 1247 4018 
955 4019 5505 
4649 2152 5012 
3447 521 4801 
521 4020 4801 
4021 1110 5029 
344 4021 5029 
417 2724 4022 
2724 1241 4022 
1991 4023 6188 
1991 551 4023 
4024 493 6412 
1560 4024 6412 
1235 2666 4025 
2666 195 4025 
4026 642 4422 
4026 4422 5720 
1570 4027 5531 
3804 1570 5637 
4003 1713 4028 
4028 1713 4299 
854 3503 4029 
3503 1764 4029 
4030 1440 5468 
516 4030 5468 
4697 2787 5933 
4031 1219 5933 
74 3993 4032 
3993 1349 4032 
2059 4179 4815 
4179 733 4815 
1642 3973 4034 
3973 1067 4034 
557 1972 4035 
1972 1067 4035 
2564 1932 4036 
861 4036 6643 
128 4311 5053 
4037 1722 4787 
377 2263 4038 
2263 1066 4038 
76 2368 4039 
2368 1066 4039 
4204 2313 6525 
915 4040 6513 
2144 4041 4511 
4041 2144 4290 
3628 1002 6314 
1002 4042 6314 
4628 2076 6568 
2076 1095 4043 
1145 3916 4353 
3916 181 4044 
5969 1808 6774 
4045 1808 4898 
834 3026 4046 
3026 1458 4046 
509 2489 4047 
2489 1070 4047 
1498 4476 5620 
75 4048 5619 
2299 1160 6194 
1160 4050 6194 
6204 4050 6954 
1136 4050 6204 
325 2430 4051 
2430 1104 4051 
4052 770 6144 
1465 4052 6144 
1238 2836 4053 
4053 2836 4959 
4093 1451 5051 
4056 1102 5555 
756 2759 4056 
2759 248 4055 
2759 4055 4056 
4055 1102 4056 
4820 1431 5210 
1174 4057 5210 
2167 3595 4058 
3595 832 4058 
955 3252 4059 
3252 1447 4059 
1696 4060 7064 
4060 1696 7029 
3078 4061 4876 
3078 356 4061 
4062 5143 5679 
4671 517 4818 
4063 1557 6609 
62 6127 6609 
1925 4064 6737 
5474 787 6735 
4065 1077 5495 
4726 503 4727 
1077 2235 4066 
3698 300 6257 
931 2359 4067 
721 4067 5665 
193 1906 4068 
1906 1148 4068 
4069 1240 6501 
416 4069 6501 
808 2991 4070 
4070 2991 4546 
1727 3512 4071 
3512 234 4071 
2855 110 6332 
110 4072 6332 
1243 2215 4073 
2215 531 4073 
3829 219 4074 
1568 4074 4566 
1347 2689 4075 
2689 760 4075 
2674 266 4076 
3054 1790 6656 
719 2613 4077 
2613 1373 4077 
668 2291 4078 
2291 1078 4078 
1078 2952 4079 
4079 2952 4484 
5698 5882 6278 
3493 1338 4234 
1011 3873 4081 
1195 4081 4570 
3089 1096 5438 
1096 4082 5438 
608 2218 6360 
2218 178 4083 
3000 4084 5171 
3000 383 4084 
2803 2028 4085 
2028 161 4085 
1864 3538 4086 
3538 880 4086 
2426 945 4087 
945 2356 4087 
4088 1580 6457 
717 4088 6457 
6082 1717 6208 
1132 4089 6571 
3718 494 6064 
494 4090 6064 
4804 2061 5735 
1132 4091 6344 
1250 2091 4092 
4092 2091 5467 
3213 5922 6395 
1448 3213 6395 
2889 4094 4924 
2889 832 4094 
4095 316 6844 
1554 4095 6844 
3061 1287 6191 
1287 4096 6191 
3391 2304 4097 
4097 2304 5951 
2357 1088 4099 
347 4098 5252 
4098 1094 4099 
4494 2082 6541 
1094 4100 6087 
883 3022 4101 
4101 3022 4135 
242 2907 4102 
2907 1180 4102 
214 3203 4103 
4103 3203 5214 
1250 2106 4104 
2106 3272 4104 
913 2245 4105 
2245 1142 4105 
1091 3036 4106 
3036 841 4106 
2162 3572 5751 
4107 2162 5751 
2621 446 4108 
2780 1958 6593 
188 2455 4109 
2455 1089 4109 
1089 2926 4110 
2926 818 4110 
2529 4111 5957 
2529 1337 4111 
4835 302 6507 
302 2501 4112 
4113 1185 6941 
357 4113 6941 
1211 2378 4114 
2378 251 4114 
4024 1560 5721 
4422 1253 5720 
441 3177 4116 
3177 1364 4116 
4154 582 6750 
582 4117 5009 
4118 1865 5723 
580 4118 5723 
3732 581 6845 
581 4119 5010 
4120 1866 5682 
579 4120 5682 
6999 4181 7091 
2437 6999 7091 
679 4122 6517 
679 2450 4122 
2888 2887 4123 
2887 1369 4123 
846 3038 4124 
4124 3038 5184 
85 3412 4125 
3412 1323 4125 
2603 159 4126 
2073 4126 4146 
1154 3920 4127 
4127 3920 4624 
1154 2798 4128 
2798 866 4128 
4129 1864 6367 
772 4129 6367 
3014 1276 5216 
1276 4130 5216 
3489 465 5117 
465 4131 5117 
1569 3504 4132 
3504 289 4132 
426 2794 4133 
2794 1262 4133 
555 3387 4199 
3387 1611 4199 
273 2464 4135 
2464 1092 4135 
1240 2867 6501 
2867 1907 4136 
5096 2104 6433 
4637 584 6135 
1129 3630 4939 
4138 1129 4939 
680 2255 4139 
2255 1422 4139 
2361 5653 6766 
2361 457 4140 
1953 1774 4141 
3890 768 6639 
581 3732 4142 
3732 1583 4142 
1812 3177 4143 
3177 441 4143 
1144 3691 4331 
4144 1144 4331 
4145 1175 6396 
293 4145 6396 
4146 159 6967 
1306 4146 6967 
4147 1236 5868 
901 4147 5868 
1097 3817 4148 
3817 323 4148 
4673 2412 4674 
1462 4149 4672 
1063 4150 7086 
1063 2626 4150 
2153 4151 5389 
2153 622 4151 
3601 1526 4475 
1526 4152 4475 
1315 4153 7011 
4154 1315 7011 
1867 7010 7011 
6245 582 7010 
2000 4155 7116 
2851 788 7117 
1723 4554 4555 
1723 4156 4554 
2399 1081 4157 
816 2026 6043 
584 4137 4158 
4137 2104 4158 
259 4159 5852 
259 2956 4159 
1124 2150 4160 
5427 739 6628 
484 2961 4161 
2961 1124 4161 
2909 1098 4162 
3190 1797 6419 
1085 2250 6547 
2250 613 4163 
5048 1523 6722 
1523 3330 6722 
626 2482 4165 
2482 1091 4165 
325 2500 6088 
2500 727 4166 
176 2269 4167 
2269 1105 4167 
1508 2877 4168 
2877 160 4168 
4169 623 7067 
1534 4169 7067 
4170 4675 7049 
1876 4170 7049 
1044 2391 4171 
4656 771 5812 
1439 2554 4172 
2554 438 4172 
1138 2536 4173 
2536 220 4173 
4174 1482 6769 
747 4174 6769 
1892 4175 7035 
294 4175 6631 
644 2257 4176 
2257 1666 4176 
4143 441 5916 
441 4177 5916 
2044 4586 6351 
4586 1433 6351 
954 2207 4179 
2207 733 4179 
3632 3 6322 
3 4180 6322 
4121 2 6999 
2 4181 6999 
1567 3796 4182 
4182 3796 6486 
2615 61 4183 
6447 2254 6565 
4184 705 4732 
1543 4184 4732 
4185 2829 5674 
2800 4185 5450 
3008 1136 4186 
1899 6204 6954 
2557 4187 4207 
2557 139 4187 
3502 419 4188 
1879 4188 4790 
2126 659 4189 
659 2221 4189 
4102 1180 5719 
1180 4190 5549 
5210 1431 6931 
1431 4191 5464 
700 2424 4192 
2424 1408 4192 
1131 3214 4193 
3214 443 4193 
2345 4194 6626 
5857 694 6170 
2347 1055 4917 
1189 2280 6407 
2253 724 4196 
6031 1760 6503 
4080 1856 7094 
1856 4197 7094 
3386 1908 4298 
96 4198 5162 
1911 6331 6535 
3905 555 6331 
3731 4200 5649 
3731 578 4200 
353 2849 4201 
2849 1153 4201 
5906 1540 5908 
6024 654 6220 
654 2050 4203 
1837 4040 4204 
4040 533 4204 
534 4205 5774 
2948 534 5774 
1116 2194 4206 
327 4206 4278 
1380 2192 4207 
2192 842 4207 
3137 916 6210 
916 4208 6210 
30 31 4209 
31 1993 4209 
3915 1084 5523 
1084 4210 5523 
3267 4211 6080 
3267 427 4211 
1833 4211 4212 
4211 427 4212 
1231 2604 4213 
2604 353 4213 
3014 380 4214 
4214 380 6693 
1103 2674 4215 
2674 781 4215 
6585 2930 6803 
1283 4216 6585 
1443 4217 5459 
2246 4217 5458 
1109 1981 5787 
1024 4218 6993 
571 3795 4219 
3795 1827 4219 
1244 3687 4220 
3687 1753 4220 
84 3455 4221 
4221 3455 5914 
1933 4028 4222 
4028 163 4222 
532 1926 4223 
1926 1120 4223 
1120 1926 4224 
1926 157 4224 
152 2555 4225 
2555 1147 4225 
6465 2796 6495 
2053 6465 6495 
643 2338 5510 
2338 4227 5510 
3690 653 5884 
653 2330 4228 
1820 3604 4229 
3604 562 4229 
1107 2161 4230 
2161 666 4230 
4231 3697 6901 
671 4231 6901 
689 2445 4232 
2445 1381 4232 
1254 2667 4233 
2667 198 4233 
1338 4080 4234 
5882 1590 6278 
2039 4235 6338 
165 4235 5525 
2299 4236 6680 
4050 1136 6194 
1172 3033 4237 
3033 819 4237 
4425 1924 6690 
1924 335 4238 
1018 3819 4239 
3819 2400 4239 
1406 2265 4515 
4515 2265 5583 
1840 6068 6979 
4241 1840 4307 
1071 3357 4242 
3357 3512 4242 
2864 3879 4243 
3879 1110 4243 
1472 4244 5462 
404 4244 5363 
162 3661 4245 
3661 1575 4245 
1479 4020 5013 
4246 1479 5013 
2617 496 4247 
3065 1653 4397 
3367 1104 4872 
1104 2430 4248 
3995 777 5904 
2490 4249 6102 
2844 4250 5198 
2844 1402 4250 
383 1945 4868 
1945 796 4251 
1050 4252 5254 
4716 1826 5631 
373 2612 4845 
2612 719 4253 
710 2581 4254 
2581 1054 4254 
4255 1897 4433 
1741 4255 4433 
1875 4525 6124 
1875 4256 4525 
743 4257 5953 
743 2477 4257 
247 3985 4258 
3985 1923 4258 
4259 1165 6604 
528 4259 6604 
3942 129 6903 
129 4260 6903 
2160 5174 5777 
2160 4261 5174 
422 2797 4262 
2797 1622 4262 
1488 3229 4263 
3229 287 4263 
1168 2761 4264 
2761 576 4264 
3866 186 6446 
186 4265 5689 
1788 4266 6748 
877 4266 4507 
595 3373 4269 
3373 1420 4269 
1709 3894 5124 
3894 1421 5124 
1421 3896 4269 
3896 595 4269 
1119 2765 4270 
2765 168 4270 
908 3399 4271 
3399 2247 4271 
50 49 4272 
49 2668 4272 
405 2906 4273 
2906 1317 4273 
109 4005 6864 
4005 1065 4274 
4275 5972 6186 
145 4275 6186 
327 2224 4276 
2224 1118 4276 
2726 754 4277 
754 2725 4277 
4206 2194 4278 
4278 2194 5065 
534 1927 5065 
3486 118 5647 
1117 2223 4280 
2223 606 4280 
188 3165 4281 
3165 1336 4281 
431 2815 4282 
2815 1204 4282 
4283 2448 6853 
6 5 4283 
333 2537 4284 
4284 2537 4297 
551 2365 4285 
2365 1138 4285 
3238 466 6241 
466 4286 6241 
715 2321 4287 
2321 1152 4287 
448 2806 4288 
2806 1307 4288 
1160 3021 4289 
3021 500 4289 
3979 1068 6755 
1068 4290 6755 
4291 1753 6889 
670 4291 6889 
1032 3838 4292 
3838 1657 4292 
1635 4293 6122 
635 4293 4767 
1787 4804 6809 
3458 349 6808 
1127 2310 4295 
2310 63 4295 
696 2310 4296 
2310 1127 4296 
220 2536 5610 
2536 1138 4297 
4298 1908 6362 
3366 1785 6623 
1596 3665 5133 
4299 1596 5133 
3088 4300 5701 
3088 1274 4300 
1758 4552 6673 
2410 274 6157 
3570 182 4302 
2249 1149 4412 
3946 1164 4951 
1164 4303 4951 
1465 3609 4304 
3609 953 4304 
454 2163 4305 
2163 1360 4305 
1360 4306 4583 
4305 1360 4583 
371 2471 5412 
633 4307 4848 
1838 5738 6579 
5412 1134 5738 
641 2280 4309 
2280 1189 4309 
2279 1189 5696 
1189 4310 5696 
1722 4037 6202 
5053 1722 6202 
1126 2677 4312 
2677 349 4312 
1126 2202 4313 
2202 603 4313 
25 4314 4543 
25 24 4314 
2486 155 4315 
155 2045 4315 
1128 2324 4316 
2324 121 4316 
1656 3069 4317 
3069 844 4317 
4318 1216 5178 
94 4318 5178 
1599 3952 4319 
3952 563 4319 
4321 175 6125 
1518 4321 6125 
1287 3061 4321 
3061 175 4321 
1211 3825 4322 
4322 3825 5428 
1699 4323 6288 
5674 2829 6511 
268 2150 4324 
2150 1124 4324 
309 3130 5551 
3130 892 4325 
2966 4326 5622 
2966 895 4326 
613 2250 4327 
2250 1085 4327 
271 2221 4328 
2221 1161 4328 
4726 1731 6576 
1730 4726 6576 
2268 4061 4330 
4061 356 4330 
4331 1693 6760 
524 4331 6760 
1862 4332 4334 
565 4332 6842 
566 2758 4333 
2758 1157 4333 
1514 4861 5540 
103 4334 5539 
837 3124 4335 
3124 1146 4335 
2628 4335 4336 
4335 1146 4336 
1429 2778 4337 
2778 686 4337 
4337 1762 4338 
4372 490 5569 
3720 1830 6783 
4160 739 5666 
1876 4340 7048 
2195 611 6409 
1130 2373 4341 
2373 658 4341 
2021 93 4342 
1218 4517 4520 
4343 83 4446 
1450 4343 4446 
1475 3560 4344 
3560 745 4344 
1617 3566 4345 
3566 989 4345 
1206 2624 4346 
2624 997 4346 
4472 1476 5825 
1476 4347 4677 
4348 3811 6793 
3081 4348 6793 
4617 1730 4618 
1730 4329 4726 
1319 2985 4350 
2985 90 4350 
1790 3054 4351 
3054 790 4351 
4352 2452 6582 
2005 4352 6582 
3916 4044 4353 
4044 1095 4353 
1779 3744 4354 
3744 1082 4354 
1870 6316 6725 
6479 714 6724 
1143 2570 4356 
2570 223 4356 
6316 4357 6725 
1143 4357 6316 
755 2738 5501 
2738 4358 5501 
4284 2365 4359 
2365 1139 4359 
1178 2380 6305 
1139 4360 4361 
4360 2380 4361 
2380 655 4361 
2354 4362 4682 
2354 1040 4362 
1234 2369 4363 
2369 535 4363 
374 3074 4364 
3074 1234 4364 
4365 1046 4603 
1631 4365 4603 
619 2273 4366 
2273 1140 4366 
1120 4224 4367 
4224 1985 4367 
1946 3706 4368 
3706 297 4368 
2272 4366 4369 
4366 1140 4369 
41 40 7103 
40 39 4370 
113 2515 4371 
2515 1151 4371 
1762 4371 5569 
4371 1151 5569 
2011 4373 6076 
2011 699 4373 
2413 489 6021 
489 4374 6020 
1176 2317 4375 
2317 297 4375 
797 2878 4376 
2878 1144 4376 
4375 2206 4377 
2206 602 4377 
4147 2840 4378 
2840 418 4378 
3501 4379 5476 
3501 1301 4379 
4380 4033 5613 
237 4380 5613 
2592 730 4381 
1613 4655 5992 
983 2071 4382 
2071 171 4382 
5643 1209 6030 
1209 4383 6030 
1209 2842 4384 
4384 2842 4479 
1854 3317 4385 
3317 429 4385 
3846 4386 5521 
3846 64 4386 
95 2351 4387 
4387 2351 5970 
1311 2121 4388 
2121 171 4388 
1337 2529 4389 
2529 631 4389 
493 4024 4390 
4024 1491 4390 
1881 6393 6995 
2774 1242 6393 
176 2553 4392 
2553 1542 4392 
2294 4043 4393 
4043 1095 4393 
3555 1060 4634 
2325 4394 6380 
371 2930 4395 
4395 2930 6376 
2814 4396 6677 
2814 1282 4396 
1653 4247 4397 
4247 496 4397 
8 9 5750 
9 10 4398 
1418 3981 4399 
3981 1100 4399 
2355 4362 4400 
4362 1040 4400 
1311 3975 4401 
4401 3975 5697 
983 2121 6826 
2121 4402 6826 
1119 4270 4403 
4270 2216 4403 
4574 1886 5059 
6656 266 7085 
3586 1967 5895 
1967 4405 5895 
1483 2570 4406 
2570 714 4406 
1241 2335 4407 
2335 360 4407 
4340 2197 4408 
2197 263 4408 
3976 4409 4708 
3976 1230 4409 
987 2637 4410 
2637 1546 4410 
2312 696 4411 
696 2311 4411 
1149 4302 4412 
4302 182 4412 
6133 4413 6968 
421 4413 6133 
411 2075 4414 
2075 2124 4414 
470 2644 4415 
2644 1247 4415 
462 2823 4416 
2823 1569 4416 
541 1957 4417 
1957 1155 4417 
2686 829 4418 
1883 4418 4625 
4419 4389 6578 
98 4419 6578 
3895 554 4632 
554 4420 4632 
2588 811 5936 
811 2534 4421 
6811 1834 6881 
2903 1253 6880 
374 4364 4423 
4364 1796 4423 
4424 167 4789 
1266 4424 4789 
3112 1700 6685 
1700 4425 6685 
4426 2607 4533 
491 4426 4533 
4428 1658 5518 
487 4428 5518 
1658 4873 6712 
1658 4429 4873 
4773 1660 5469 
593 4429 4773 
1592 3164 6173 
3164 192 4430 
1158 2563 4431 
2563 20 4431 
313 2793 5638 
2793 4432 5638 
1741 4434 6057 
1741 4433 4434 
505 2602 4434 
2602 1740 4434 
1089 2455 4435 
2455 692 4435 
1974 6227 6728 
1974 4102 5719 
1156 3282 4437 
526 4437 4811 
857 2287 4438 
2287 656 4438 
4265 2036 4439 
2036 523 4439 
3626 1278 4440 
1663 4440 4887 
599 2088 4441 
2088 1167 4441 
601 2183 4442 
2183 1167 4442 
2662 246 6031 
246 4443 6031 
1108 2488 5485 
2488 1162 5485 
1162 2861 4445 
2861 89 4445 
1880 2835 4446 
2835 1450 4446 
3311 4447 5493 
3311 2184 4447 
1693 4988 6760 
1693 4448 4988 
1808 4045 4449 
4045 293 4449 
265 4009 4450 
4450 4009 5440 
2256 4450 4451 
4450 1166 4451 
4452 1307 6635 
464 4452 6635 
4453 1746 6523 
823 4453 6523 
3071 827 6574 
827 4454 6574 
1163 2430 4455 
2430 325 4455 
4455 2241 4456 
2241 616 4456 
4814 1786 5783 
1754 4814 5783 
1838 3537 5185 
3537 1618 5185 
1098 4459 6978 
1098 2909 4459 
262 2186 4460 
2186 1534 4460 
2445 3117 4461 
3117 853 4461 
418 2840 4462 
2840 1327 4462 
6138 2134 6335 
2134 1247 4463 
18 17 4464 
17 2965 4464 
4465 1592 6192 
485 4465 6192 
1531 3243 4466 
3243 888 4466 
3818 4467 5421 
3818 546 4467 
4468 535 6537 
1523 4468 6537 
4001 882 4875 
882 4469 4875 
2582 4470 4880 
2582 220 4470 
1884 6008 6916 
5024 586 6008 
3939 1427 6991 
1427 4713 6991 
4437 1909 4473 
1909 253 4473 
3931 1949 4474 
1949 535 4474 
2017 4475 6856 
2017 3601 4475 
4048 1070 5619 
1070 4476 5619 
1047 3810 4477 
3810 1777 4477 
1899 6954 6955 
4050 180 6954 
4478 1948 4479 
1948 553 4479 
1743 3086 4480 
3086 487 4480 
1519 4012 4481 
4012 1059 4481 
691 2512 4482 
4482 2512 5591 
612 2431 4483 
2431 1175 4483 
1334 3308 4484 
3308 488 4484 
1686 4485 6452 
3315 1686 6452 
4486 3924 5039 
136 4486 5039 
1017 3760 4487 
4487 3760 6538 
759 2109 4488 
2109 749 4488 
80 4490 5373 
1187 4489 4490 
80 2888 4490 
2888 1187 4490 
1187 2885 4491 
2885 448 4491 
1119 2456 4492 
2456 692 4492 
2422 3421 4493 
3421 77 4493 
4100 4494 6087 
4100 596 4494 
2573 212 4495 
4495 212 6573 
1917 3063 4496 
3063 299 4496 
433 3271 4497 
3271 1668 4497 
1407 2163 4498 
4756 1597 4757 
916 3280 4499 
3280 1728 4499 
3303 4500 4651 
3303 469 4500 
1066 2263 4501 
4501 2263 4571 
4567 1780 4568 
2388 4502 6224 
1855 3999 4503 
3999 1346 4503 
4504 272 4505 
1320 4504 4505 
4792 4505 7016 
1320 4505 4792 
1167 2088 4506 
2088 198 4506 
4266 1788 4507 
5220 1445 5484 
637 2438 4508 
4508 2438 5586 
1183 2417 4509 
2417 636 4509 
639 2308 4510 
3426 1177 5937 
1238 2533 5732 
2533 1177 4511 
4512 3426 5385 
598 4512 5385 
1705 5019 5194 
5019 217 5194 
686 2778 4514 
2778 1185 4514 
4240 130 5583 
130 4515 5583 
1894 4516 6701 
4516 1894 5760 
1218 4342 4517 
4342 93 4517 
1218 2633 4518 
2633 358 4518 
358 2719 4519 
2719 1489 4519 
4517 1765 4520 
4520 1765 5554 
769 3387 4521 
3387 1697 4521 
1339 2204 4522 
4877 1707 5691 
1339 2576 4523 
2576 510 4523 
