1469 3641 5394 
3641 87 5394 
652 2270 5395 
2270 1468 5395 
203 3133 5396 
3133 1468 5396 
1432 3034 5397 
3034 780 5397 
720 3034 5398 
3034 1432 5398 
1423 3016 5399 
3016 431 5399 
790 2626 6942 
2626 165 5400 
4744 2132 5401 
2132 1332 5401 
5401 5355 5402 
5355 59 5402 
4658 2767 5403 
2767 1487 5403 
1464 2491 5466 
5404 2491 5904 
233 2556 5405 
5405 2556 5406 
731 2408 5406 
2408 1428 5406 
1230 3976 5407 
3976 2127 5407 
920 3407 5408 
3407 4888 5408 
1424 3593 5409 
5409 3593 5482 
1492 3614 5410 
3614 1087 5410 
809 2665 5411 
2665 1492 5411 
2471 4307 5412 
4307 1134 5412 
1325 2388 5413 
2388 291 5413 
224 5414 7096 
3354 224 6159 
5414 2178 5415 
2178 635 5415 
5415 2763 5416 
2763 457 5416 
554 3099 5417 
3099 1462 5417 
5418 1044 6691 
2029 5418 6691 
409 2580 5419 
2580 1279 5419 
5420 2447 6743 
3151 2067 6273 
4467 1170 5421 
1170 3169 5421 
2206 3851 5422 
3851 1004 5422 
616 2243 5423 
2243 1509 5423 
1649 6323 6324 
1509 5424 6323 
1649 4008 5425 
4008 753 5425 
5426 2539 5561 
300 5426 5561 
3221 4339 5427 
4339 739 5427 
2013 3270 5428 
3270 439 5428 
630 2210 5429 
2210 1426 5429 
1426 2210 5430 
2210 119 5430 
3827 2886 5431 
5431 2886 6996 
1712 3483 5432 
3483 736 5432 
495 3603 5433 
5433 3603 6405 
797 2877 5434 
2877 1508 5434 
2095 5052 5435 
5052 502 5435 
1957 5231 5436 
5231 326 5436 
1597 2238 5437 
2238 338 5437 
3226 1298 5438 
3089 5438 6450 
5439 2410 6157 
1758 5439 6157 
1366 3197 5440 
3197 1166 5440 
1697 3387 5441 
3387 555 5441 
445 2751 5442 
5442 2751 5598 
2024 4743 5443 
4743 1233 5443 
1529 3087 5444 
3087 478 5444 
1163 2242 5445 
2242 222 5445 
904 2981 5446 
2981 1626 5446 
1626 2981 5447 
2981 364 5447 
858 3043 5448 
3043 1559 5448 
3232 672 5449 
672 2158 5449 
2641 783 5752 
783 5450 5752 
729 4691 5451 
4691 2415 5451 
2387 306 5452 
306 2474 5452 
1470 2984 5453 
2984 168 5453 
5144 2984 5454 
2984 1470 5454 
2038 4766 5455 
4766 1450 5455 
1107 3693 5456 
3693 1810 5456 
709 2939 5457 
2939 1807 5457 
14 13 6914 
13 5458 6914 
3277 5132 5459 
5132 1443 5459 
2495 725 6540 
3113 5460 5766 
2102 3156 5461 
3156 870 5461 
589 2141 5462 
2141 1472 5462 
209 3498 5463 
3498 1548 5463 
3490 5464 6193 
3490 1891 5464 
3551 372 5465 
372 2305 5465 
2491 5404 5466 
5404 376 5466 
3138 1831 7043 
455 5467 5538 
5468 2462 5651 
516 5468 5651 
1565 4630 5469 
4630 593 5469 
1971 4981 5813 
4981 698 5813 
2318 5634 7022 
2318 5471 5634 
2224 4280 5472 
4280 606 5472 
3527 334 5473 
334 2509 5473 
2025 3481 5474 
3481 787 5474 
1513 3701 5475 
3701 1082 5475 
429 3317 5476 
3317 1449 5476 
158 2059 5477 
2059 1449 5477 
2311 6015 6713 
2311 1987 5478 
2725 754 5479 
1241 2724 6293 
1665 3861 5480 
3861 191 5480 
5481 2216 6684 
2350 5481 6684 
1538 2336 5482 
2336 626 5482 
2344 1641 5483 
2998 947 5635 
1445 4507 5484 
4507 1788 5484 
1162 4444 5485 
4444 506 5485 
469 3303 5486 
3303 1525 5486 
4657 345 6711 
345 5487 6711 
5488 234 6749 
1510 5488 6749 
1510 2285 5489 
2285 631 5489 
1526 5050 5490 
5050 792 5490 
5491 2113 5595 
986 5491 5595 
995 3782 5493 
3782 336 5492 
3782 5492 5493 
5492 1456 5493 
514 3015 5494 
3015 1750 5494 
4727 503 5495 
503 4065 5495 
5496 3010 6798 
1436 5496 6798 
2886 5773 6996 
2886 5497 5773 
665 2854 5498 
2854 1507 5498 
1507 2854 5499 
2854 457 5499 
105 3106 5500 
3106 1507 5500 
1171 2737 5501 
2737 755 5501 
3351 1015 5503 
1015 5502 5503 
1463 3046 5503 
3046 328 5503 
1463 3118 5504 
3118 532 5504 
2620 5722 6281 
955 5505 6663 
3135 869 5506 
869 2118 5506 
1471 3841 5507 
4609 675 6622 
1828 3830 5508 
3830 1093 5508 
1961 5073 5509 
5073 592 5509 
1081 2813 5510 
2813 643 5510 
3349 5511 5512 
3349 967 5511 
1608 3152 5512 
3152 512 5512 
1721 3067 5513 
3067 483 5513 
643 5514 5885 
643 2337 5514 
433 2376 5515 
2376 1441 5515 
1441 2376 5516 
2376 682 5516 
1441 2458 5517 
2458 905 5517 
1658 2136 5518 
5518 2136 6291 
2078 3842 5519 
3842 590 5519 
1455 3100 5520 
3100 471 5520 
1417 2980 5521 
2980 1455 5521 
4741 6271 6806 
1747 3269 5522 
4734 459 5523 
459 3915 5523 
5036 355 5524 
355 4006 5524 
4235 2039 5525 
2039 904 5525 
4392 2497 5526 
2497 1609 5526 
5528 1609 6310 
1609 5847 6310 
1609 5527 5847 
620 5528 6310 
2245 5086 5529 
5086 1419 5529 
1542 5530 7122 
3618 5668 7122 
4027 2495 5531 
2495 239 5531 
3940 2085 7059 
2085 5532 6059 
460 2285 5533 
2285 1510 5533 
5486 2353 5534 
2353 1524 5534 
1488 4263 5535 
4263 1983 5535 
770 4052 5536 
4052 2066 5536 
1503 2477 5537 
2477 243 5537 
1831 3987 5538 
3987 1058 5538 
1514 3408 5539 
3408 103 5539 
929 3684 5540 
3684 1514 5540 
1695 3696 5541 
3696 894 5541 
2536 4297 5542 
4297 711 5542 
4477 1777 5543 
1777 3372 5543 
463 1936 5544 
1936 1559 5544 
2978 5545 6388 
1559 5545 6974 
1703 2489 5546 
2489 509 5546 
185 2382 5547 
2382 1703 5547 
1025 2340 5548 
2340 363 5548 
382 2991 5549 
2991 1551 5549 
638 3922 6317 
5550 638 6317 
3130 4325 5551 
4325 1324 5551 
663 2433 5552 
2433 1499 5552 
263 2356 5553 
2356 1499 5553 
1451 4093 5554 
4093 570 5554 
1102 4054 5555 
4054 1451 5555 
3164 1672 5556 
1672 2745 5556 
878 2929 5557 
2929 1545 5557 
115 3181 5558 
3181 1454 5558 
1454 3181 5559 
5559 3181 6162 
1552 3722 5560 
3722 509 5560 
5495 4066 5561 
4066 300 5561 
1566 2910 5562 
2910 467 5562 
1222 2519 5563 
2519 201 5563 
4663 645 6641 
645 2347 5564 
3796 2169 6486 
4232 2170 6885 
1326 3325 5566 
3325 418 5566 
5957 774 6661 
774 2651 5567 
2752 461 5568 
461 3559 5568 
490 4338 5569 
4338 1762 5569 
2483 3497 5570 
3497 1667 5570 
1098 5571 6419 
1098 2988 5571 
2843 85 5572 
85 2780 5572 
705 2414 5573 
2414 1466 5573 
138 2374 5574 
1341 5574 5776 
1524 2353 5575 
2353 700 5575 
2915 4863 5576 
4863 721 5576 
1781 4037 5577 
4037 734 5577 
3956 1734 6630 
1734 5578 6630 
5579 1349 7120 
3003 5579 7120 
543 2825 5580 
2825 1604 5580 
4434 1740 6057 
1740 5581 6057 
99 2727 5582 
2727 1530 5582 
2265 1360 5583 
1360 4240 5583 
99 3091 5584 
3091 1982 5584 
5516 2377 5585 
2377 279 5585 
704 2417 5586 
2417 1183 5586 
2190 1634 6048 
1634 2199 5587 
756 2760 5588 
5588 2760 5590 
1460 2876 5589 
2876 430 5589 
93 2513 5590 
2513 1459 5590 
430 2876 5591 
2876 1459 5591 
1460 2759 5592 
2759 756 5592 
248 2759 5593 
2759 1460 5593 
437 3355 5594 
1494 5594 5595 
5594 3355 5595 
3355 986 5595 
138 3030 5596 
3030 1494 5596 
97 2986 5597 
2986 1841 5597 
1984 5040 5598 
5040 1504 5598 
3341 482 6183 
482 5599 6183 
2755 1791 5767 
6473 499 6831 
1028 2579 5601 
2579 573 5601 
661 2022 5602 
2022 1596 5602 
711 4914 5603 
4914 2858 5603 
318 5353 5604 
5353 2258 5604 
1749 3415 5605 
3415 641 5605 
1054 3815 5606 
3815 1227 5606 
1200 5607 6051 
5607 3111 6051 
1484 2717 5608 
2717 435 5608 
1484 2858 5609 
2858 95 5609 
2536 5542 5610 
5542 1486 5610 
435 2939 5611 
2939 1486 5611 
5483 947 5612 
7072 2997 7073 
1871 4786 5613 
4786 237 5613 
1512 3224 5614 
3224 610 5614 
1512 2846 5615 
2846 782 5615 
1415 5328 5616 
5328 2082 5616 
353 2846 5617 
2846 1512 5617 
1858 3256 5618 
3256 518 5618 
1498 4008 5619 
75 5619 5780 
497 2839 5620 
2839 1498 5620 
5621 1561 7078 
577 5621 7078 
74 4032 5622 
4032 1561 5622 
1947 5083 5623 
5083 472 5623 
226 5624 6259 
226 3138 5624 
771 4656 5625 
4656 2149 5625 
876 2653 5626 
2653 1652 5626 
2777 5627 5628 
2777 764 5627 
1487 3027 5628 
3027 204 5628 
1487 2767 5629 
2767 647 5629 
1356 3420 5630 
3420 567 5630 
1826 5346 5631 
5346 139 5631 
1125 4016 5632 
4016 2081 5632 
4845 2808 5633 
2808 1473 5633 
1080 3695 5634 
3695 1770 5634 
947 5483 5635 
5483 1641 5635 
2998 5635 5636 
5635 1641 5636 
3588 1003 5810 
1003 5637 5810 
1230 3320 5638 
3320 313 5638 
791 3149 5639 
3149 1662 5639 
4888 90 5640 
6643 2302 7062 
3348 2788 5641 
2788 351 5641 
4979 51 5642 
51 52 5642 
2842 1209 5643 
2371 5643 6030 
1795 5350 5644 
5350 1248 5644 
2482 4785 5645 
4785 321 5645 
3375 5116 5646 
5116 668 5646 
118 4279 5647 
4279 1927 5647 
3370 3832 5648 
3832 1420 5648 
1583 3732 5649 
3732 1111 5649 
1759 2366 5650 
2366 745 5650 
1824 3541 5651 
3541 516 5651 
191 3873 5652 
3873 2020 5652 
2361 4140 5653 
4140 1114 5653 
2115 5654 6670 
2115 742 5654 
1589 4802 5656 
4802 205 5656 
1595 3638 5656 
3638 1589 5656 
1327 2698 5657 
2698 82 5657 
3751 1663 6455 
1663 5658 6455 
3679 4259 5659 
4259 528 5659 
249 2715 5660 
2715 1481 5660 
2682 5660 5661 
5660 1481 5661 
5670 2714 6769 
2714 434 5662 
453 2795 5663 
2795 1575 5663 
1575 3661 5664 
3661 993 5664 
4067 2359 5665 
2359 2549 5665 
739 4339 5666 
4339 1830 5666 
2058 3604 5667 
3604 1820 5667 
999 2497 5668 
2497 1542 5668 
5267 2733 5669 
2733 1482 5669 
5670 1482 6371 
2850 434 5670 
751 2718 5671 
2718 1485 5671 
250 2683 5672 
2683 1485 5672 
984 4095 5673 
4095 1554 5673 
778 4323 5674 
4323 1699 5674 
1239 4623 5675 
4623 2431 5675 
2086 2871 5676 
2871 938 5676 
678 2362 5677 
2362 2713 5677 
2236 4216 5678 
4216 1283 5678 
1404 5362 5679 
1495 5679 5680 
5679 5362 5680 
5362 402 5680 
1262 5107 5681 
5107 2795 5681 
3619 1867 5682 
4153 579 7009 
1480 3433 5683 
3433 210 5683 
574 2768 5684 
2768 1480 5684 
3467 1014 5685 
1014 2642 5685 
478 3715 5686 
3715 1528 5686 
707 3225 5687 
3225 1528 5687 
1528 2074 5688 
5705 210 5853 
1168 4264 5689 
4264 1847 5689 
2949 5690 5876 
2949 939 5690 
1705 3168 5692 
3168 530 5692 
1706 5019 5692 
5019 1705 5692 
434 2850 5693 
2850 1483 5693 
1483 2850 5694 
5694 2850 6371 
223 2570 5695 
2570 1483 5695 
3312 413 5696 
413 2279 5696 
1280 3121 5697 
498 5697 6752 
600 5698 6278 
600 2124 5698 
547 5156 5699 
5156 2098 5699 
572 2672 5700 
2672 1661 5700 
6071 1931 6072 
1931 1768 5701 
1640 3003 5702 
3003 814 5702 
1779 4354 5703 
4354 241 5703 
2329 3891 5704 
3891 653 5704 
1849 5683 5705 
5683 210 5705 
6145 2398 6550 
1274 5706 7095 
3967 5179 5707 
5179 1612 5707 
4419 98 6824 
98 5708 5710 
672 2869 5709 
2869 1620 5709 
1620 2838 5710 
2838 1816 5710 
480 2838 5711 
2838 1620 5711 
569 3621 5712 
3621 1823 5712 
2371 5179 5713 
5179 1208 5713 
3195 2884 5714 
1496 5714 6804 
988 3710 5715 
3710 1726 5715 
1789 5202 6759 
5202 1547 5716 
5202 2901 5717 
2901 560 5717 
1551 2991 5718 
2991 808 5718 
1180 5549 5719 
5549 1551 5719 
1253 4115 5720 
1560 5720 5721 
5720 4115 5721 
4115 173 5721 
1928 5505 6281 
5505 2620 6281 
3188 2669 5723 
2669 580 5723 
2309 3704 5724 
3704 305 5724 
1007 3513 5725 
3513 1959 5725 
3382 484 5726 
2597 2271 5824 
4004 464 5727 
5077 2766 6635 
2393 3767 5728 
3767 702 5728 
2185 4938 5729 
4938 604 5729 
291 4646 5730 
1539 5730 5865 
1009 2618 5731 
5731 2618 6736 
2533 4511 5732 
4511 311 5732 
5733 862 5734 
2100 5733 5734 
2100 5734 6869 
5847 2100 6310 
4091 5735 6344 
4091 492 5735 
1717 4089 5736 
4089 63 5736 
2237 3676 5737 
3676 651 5737 
1134 4308 5738 
5738 4308 6579 
2054 250 5739 
250 2476 5739 
4021 2904 5740 
2904 1633 5740 
603 2202 6828 
2202 5741 6828 
1029 2738 5742 
2738 755 5742 
1627 3326 5743 
3326 502 5743 
680 2466 5744 
5744 2466 5745 
165 2143 5745 
2143 1627 5745 
1588 3035 5746 
3035 580 5746 
2652 5747 6909 
2652 1587 5747 
956 3059 5748 
3059 1587 5748 
956 2905 5749 
2905 1588 5749 
9 4398 5750 
4398 1588 5750 
3572 3277 5751 
3277 436 5751 
4044 181 6356 
181 2641 5752 
1679 3223 5753 
3223 200 5753 
2072 3470 5754 
3470 560 5754 
1679 2901 5755 
5755 2901 6758 
324 5103 5756 
5103 1918 5756 
1579 2899 5757 
2899 847 5757 
5402 3649 5758 
3649 1026 5758 
1581 3241 5759 
3241 156 5759 
3463 1636 5760 
2209 624 5945 
605 4736 5761 
4736 1952 5761 
1738 3029 5762 
3029 821 5762 
1397 5340 5763 
5340 1905 5763 
1563 2421 5764 
2421 677 5764 
2193 3345 5765 
3345 379 5765 
4027 3047 5766 
3047 1497 5766 
499 5600 6831 
5600 1648 5767 
769 4521 5768 
4521 2227 5768 
1035 3881 5769 
5769 3881 5770 
155 2486 5770 
2486 1501 5770 
1501 2486 5771 
2486 723 5771 
5537 2306 5772 
2306 789 5772 
448 2885 5910 
2885 793 5773 
4205 3671 5774 
3671 1877 5774 
1877 3671 5775 
3671 183 5775 
5574 2374 5776 
2374 945 5776 
1724 3997 5777 
3997 1108 5777 
1639 3680 5778 
3680 474 5778 
1639 3774 5779 
5779 3774 6140 
5619 4008 5780 
4008 1649 5780 
1101 2971 5781 
2971 1811 5781 
2291 3448 5782 
3448 308 5782 
1132 4090 5783 
4090 1754 5783 
380 5784 6693 
380 3273 5784 
809 2472 5785 
2472 1546 5785 
3611 1546 6312 
1546 5786 6312 
1981 4218 5787 
4218 341 5787 
1500 3836 5788 
5788 3836 6276 
217 4365 5789 
4365 1631 5789 
3008 1225 5790 
1225 3966 5790 
6677 2749 7008 
2749 1736 5791 
2119 1017 5792 
1017 2608 5792 
5793 1069 6795 
3052 5793 6795 
2273 4916 5794 
4916 1285 5794 
1698 3429 5795 
3429 169 5795 
746 2804 5796 
2804 1664 5796 
277 3243 5797 
3243 1531 5797 
70 4799 5798 
4799 2399 5798 
1515 2122 5799 
2122 477 5799 
2657 5800 5801 
2657 177 5800 
1515 2656 5801 
2656 737 5801 
1823 5054 5802 
5054 516 5802 
4893 2480 5803 
2480 2839 5803 
1506 4784 5804 
4784 225 5804 
1114 4140 5806 
4140 457 5805 
4140 5805 5806 
5805 1506 5806 
2532 4907 5807 
4907 1573 5807 
1823 3327 5808 
3327 106 5808 
1914 3807 5809 
3807 1069 5809 
1801 2776 5810 
2776 585 5810 
2465 4964 5811 
4964 153 5811 
771 4171 5812 
4171 2391 5812 
5470 1660 5813 
1971 5813 5983 
3665 1596 5814 
1596 3114 5814 
1522 3235 5815 
3235 940 5815 
781 5032 5816 
5032 1882 5816 
2807 201 5817 
201 2519 5817 
5759 3859 5818 
3859 1049 5818 
1998 20 5819 
20 21 5819 
2141 589 5820 
589 2140 5820 
825 2042 6417 
2042 1513 5821 
319 3701 5822 
3701 1513 5822 
2186 3597 5823 
3597 785 5823 
2271 5726 5824 
5726 484 5824 
1476 4677 5825 
4677 2303 5825 
1020 3265 5826 
3265 1656 5826 
211 3321 5827 
3321 1572 5827 
718 3210 5828 
3210 1555 5828 
1555 3210 5829 
3210 822 5829 
1555 2312 5830 
2312 251 5830 
1011 4081 5831 
4081 1752 5831 
1330 2526 5832 
2526 100 5832 
414 3003 5833 
3003 1640 5833 
4356 223 5915 
223 5834 5915 
520 2844 5835 
2844 1848 5835 
1848 2826 5836 
5836 2826 5874 
425 2748 5837 
2748 1520 5837 
728 2630 5838 
2630 1520 5838 
3581 5837 5839 
5837 1520 5839 
1519 3113 5840 
3113 119 5840 
1057 2527 5841 
5841 2527 6068 
2514 4793 5842 
4793 1009 5842 
1617 3813 5843 
3813 1016 5843 
523 4899 5844 
4899 2228 5844 
3085 1237 5845 
1237 3264 5845 
763 2549 5846 
2549 3055 5846 
473 3451 5847 
3451 2100 5847 
2152 4649 5848 
4649 1072 5848 
628 2131 5849 
2131 2928 5849 
1394 2232 5850 
2232 615 5850 
1929 3024 5851 
3024 972 5851 
1736 3737 5852 
5852 3737 6907 
210 5688 5853 
5688 2074 5853 
2846 4615 5854 
4615 1232 5854 
5206 2688 5855 
2688 1453 5855 
624 2209 5856 
2209 1799 5856 
1799 3986 5857 
3986 694 5857 
1846 5131 5858 
5131 684 5858 
640 3638 5859 
3638 1595 5859 
4160 2510 5860 
1614 5860 6165 
1577 4693 5861 
4693 649 5861 
656 2287 5862 
5862 2287 5863 
232 3417 5863 
5863 3417 5864 
910 3416 5864 
3416 1537 5864 
5730 4646 5865 
4646 1252 5865 
5143 1852 7112 
2752 1533 5943 
1610 4618 5867 
4618 100 5867 
2459 3308 5868 
3308 901 5868 
845 2962 5869 
2962 1532 5869 
1532 2962 5870 
2962 902 5870 
834 3025 5871 
5871 3025 5872 
2487 1527 7002 
1527 5872 7002 
1527 2487 5873 
2487 449 5873 
2826 2055 5874 
6951 574 6952 
2620 4019 5875 
4019 314 5875 
1048 3788 5876 
3788 1975 5876 
1585 3291 5877 
5877 3291 6809 
170 3104 5878 
3104 1585 5878 
1571 2205 5879 
2205 602 5879 
72 3167 5880 
3167 1571 5880 
1601 3438 5881 
3438 340 5881 
5882 2125 6042 
1590 5882 6042 
2507 893 5883 
6304 2390 6876 
653 4228 5884 
4228 2331 5884 
1539 2950 5885 
2950 643 5885 
432 3255 5886 
1541 5886 5888 
1541 3643 5887 
3643 961 5887 
5886 3255 5888 
3255 887 5888 
5889 2112 6881 
642 2343 5889 
2096 4938 5890 
4938 1321 5890 
2703 2588 5891 
5891 2588 5967 
878 3063 5892 
3063 1917 5892 
1535 3430 5893 
3430 806 5893 
1905 5894 6618 
891 5894 6274 
92 2753 5895 
2753 3586 5895 
2492 3762 5896 
3762 819 5896 
3317 757 5897 
757 2531 5897 
3123 435 5898 
435 2717 5898 
2883 480 7125 
480 5899 7125 
1029 1971 5900 
5900 1971 5983 
1930 2478 5901 
2478 647 5901 
91 2149 5902 
2149 1603 5902 
2492 5902 5903 
5902 1603 5903 
4249 1556 6102 
1556 5904 6102 
1556 3022 5905 
3022 883 5905 
873 3093 5906 
3093 1540 5906 
1540 3093 5907 
3093 548 5907 
4202 4644 5908 
4644 1416 5908 
1447 5114 5909 
5114 3566 5909 
2885 5773 5910 
5773 1550 5910 
761 2806 5911 
2806 1550 5911 
2401 456 5912 
456 3189 5912 
716 5913 6200 
4766 716 6200 
1015 3419 5914 
3419 1303 5914 
1684 2647 5915 
2647 4356 5915 
1365 2517 5916 
2517 4143 5916 
2236 5678 5917 
5678 529 5917 
856 2679 5918 
2679 1224 5918 
392 2643 5919 
2643 2191 5919 
980 3141 5920 
3141 1584 5920 
1584 3213 5921 
3213 196 5921 
2633 4520 5922 
4520 570 5922 
5923 549 6570 
2601 5923 6570 
506 3869 5924 
3869 2065 5924 
536 3011 5925 
3011 1923 5925 
346 4303 5926 
4303 1667 5926 
317 2775 5927 
2775 1580 5927 
764 2157 5928 
2157 1580 5928 
855 3752 5929 
5929 3752 6246 
2741 2267 5930 
5930 2267 6474 
1783 3102 5931 
3102 712 5931 
942 3481 5932 
3481 2025 5932 
2787 319 5933 
319 4031 5933 
4965 657 5934 
5659 2812 6776 
3361 3362 5935 
3362 1225 5935 
811 4421 5936 
4421 1554 5936 
1177 4510 5937 
4510 2308 5937 
2048 5230 5938 
5230 1057 5938 
3112 3971 5939 
3971 84 5939 
1700 3037 5940 
3037 805 5940 
1854 2835 5941 
2835 562 5941 
757 3317 5942 
3317 1854 5942 
1533 5866 5943 
1852 5943 7112 
853 2209 5944 
5944 2209 5945 
624 5760 5945 
5760 1636 5945 
2574 5944 5946 
5944 1636 5946 
202 3188 5947 
3188 1865 5947 
726 4945 5948 
4945 2443 5948 
806 2977 5949 
1557 5949 6609 
66 2441 5950 
2441 1593 5950 
5357 5950 5951 
5950 1593 5951 
1657 3838 5952 
3838 479 5952 
4257 1502 5953 
1502 3374 5953 
5436 326 5954 
326 3648 5954 
3246 875 5955 
875 3121 5955 
2551 5217 5956 
5217 504 5956 
2286 2529 6661 
2529 5957 6661 
310 2559 5958 
2559 1625 5958 
1625 2657 5959 
2657 737 5959 
2530 5294 5960 
5294 1384 5960 
850 2862 5961 
5961 2862 6648 
2523 5445 5962 
5445 222 5962 
1227 3815 6957 
2528 4023 5963 
813 3283 5965 
3283 2035 5965 
5965 2034 6921 
813 5965 6921 
3719 71 5966 
2336 5966 6003 
316 2318 5967 
2318 1687 5967 
1687 3574 5968 
5968 3574 7065 
861 6643 6774 
6643 2985 6774 
4696 4031 5970 
4031 1651 5970 
415 5238 5971 
5238 2600 5971 
2394 5972 7079 
5972 2394 6185 
3654 5771 5973 
5771 723 5973 
4301 274 5974 
274 2736 5974 
2346 4663 5975 
4663 1267 5975 
2051 5330 5976 
5330 1022 5976 
3127 5977 5978 
3127 848 5977 
1567 4182 6214 
5978 1567 6214 
590 4499 5979 
4499 1728 5979 
1566 3147 5980 
3147 798 5980 
5200 2785 5981 
2785 267 5981 
1474 2925 5982 
2925 447 5982 
1660 4774 5983 
4774 218 5983 
911 3160 5984 
5984 3160 6962 
3877 2336 5985 
5985 2336 6003 
2107 3479 5986 
3479 1051 5986 
1591 3734 5987 
3734 981 5987 
701 3734 5988 
3734 1591 5988 
5989 236 6739 
1591 5989 6739 
5768 2073 5990 
2073 4146 5990 
5991 2926 6924 
320 2339 5991 
5405 3209 5992 
3209 1613 5992 
1613 3209 5993 
3209 732 5993 
1709 3058 5994 
3058 568 5994 
1504 3543 5995 
3543 944 5995 
5996 3247 6751 
1776 3121 5996 
928 3496 5997 
3496 1638 5997 
3842 775 5998 
775 3235 5998 
3438 1601 5999 
1601 3002 5999 
773 2793 6000 
2793 1466 6000 
3139 803 6001 
803 2827 6001 
452 3612 6002 
3612 1578 6002 
71 3115 6003 
3115 1578 6003 
866 2798 6004 
2798 1622 6004 
288 2362 6005 
6005 2362 6006 
1018 4262 6006 
4262 1622 6006 
472 3961 6007 
3961 2129 6007 
586 4471 6008 
6008 4471 6916 
2259 4959 6009 
4959 1300 6009 
1237 2509 6010 
6010 2509 6544 
1503 5772 6011 
5772 2751 6011 
1677 3059 6012 
3059 956 6012 
219 3829 6013 
3829 2200 6013 
2010 3087 6014 
3087 1529 6014 
2311 5478 6015 
5478 603 6015 
615 2232 6016 
2232 1616 6016 
1616 3109 6017 
3109 359 6017 
843 3109 6018 
3109 1616 6018 
1270 4970 6019 
4970 2682 6019 
1176 2383 6020 
2383 1698 6020 
489 6020 6021 
6020 1698 6021 
4209 1993 6022 
579 6022 6046 
471 5530 6023 
5530 1624 6023 
6023 6024 6220 
6023 1624 6024 
1624 2553 6025 
2553 949 6025 
266 4404 6026 
4404 1886 6026 
2817 2063 6027 
697 6027 6977 
3842 1522 6028 
4208 2275 6249 
154 5383 6029 
5383 1612 6029 
4383 6029 6030 
6029 1612 6030 
4443 1760 6031 
2662 6031 6503 
706 3494 6032 
3494 1582 6032 
1161 2221 6033 
2221 659 6033 
935 3448 6034 
3448 2291 6034 
6035 4780 6036 
1618 6035 6036 
507 3982 6036 
3982 1618 6036 
1062 4222 6037 
4222 2225 6037 
6038 2015 6863 
1861 6038 6863 
1820 4229 6039 
6039 4229 6089 
2164 5105 6040 
5105 1757 6040 
3549 1903 6953 
1903 6041 6953 
198 3296 6042 
3296 1590 6042 
2026 4157 6043 
4157 1081 6043 
3788 3058 6044 
3058 1709 6044 
580 3035 6045 
3035 1994 6045 
3862 6046 6588 
3862 1314 6046 
1634 3676 6047 
3676 1064 6047 
1634 5587 6048 
5587 230 6048 
1084 2007 6049 
2007 3263 6049 
4996 2128 6050 
2016 6050 6740 
3111 452 6051 
452 2756 6051 
1094 4098 6052 
4098 1977 6052 
142 2187 6053 
2187 3390 6053 
3260 352 6054 
352 2253 6054 
3626 970 6055 
970 2746 6055 
336 3782 6056 
3782 1818 6056 
690 3316 6057 
3316 1741 6057 
3316 3146 6058 
3146 125 6058 
3766 6059 6421 
3766 287 6059 
87 2147 6060 
2147 1619 6060 
454 6061 6756 
454 3307 6061 
3932 519 6062 
2532 1605 6146 
1832 4138 6063 
4138 459 6063 
4089 1717 6571 
1717 3718 6064 
304 2060 6065 
1048 6065 6730 
805 3037 6066 
3037 1935 6066 
2518 4691 6067 
4691 729 6067 
1840 4241 6068 
6068 4241 6327 
4645 511 6069 
2950 6069 6666 
604 5080 6070 
5080 2186 6070 
2396 684 6113 
684 6071 6113 
1931 5701 6072 
5701 179 6072 
1804 3494 6073 
3494 706 6073 
4064 787 6074 
787 3481 6074 
1434 3038 6075 
3038 846 6075 
1338 2006 6093 
2006 2011 6076 
3659 1544 6077 
1544 2363 6077 
915 3086 6078 
3086 1743 6078 
815 3131 6079 
3131 1778 6079 
1594 3268 6080 
3268 903 6080 
239 2495 6081 
2495 1683 6081 
1580 2681 6457 
2681 1683 6082 
1640 3231 6083 
3231 902 6083 
1990 4668 6084 
4668 559 6084 
354 2245 6085 
2245 913 6085 
2323 5599 6086 
5599 482 6086 
6087 1735 6478 
1094 6087 6478 
2500 4166 6088 
4166 1105 6088 
1879 3227 6089 
3227 735 6089 
4486 136 6090 
136 2895 6090 
2592 6091 6768 
2592 329 6091 
1236 3857 6092 
3857 3323 6092 
2006 6076 6093 
6076 676 6093 
629 2247 6094 
6094 2247 6726 
664 3344 6095 
3344 1097 6095 
622 2153 6096 
2153 2688 6096 
4202 1598 6097 
3017 6097 6101 
1689 3130 6098 
3130 309 6098 
1689 3592 6099 
3592 544 6099 
175 2982 6125 
2982 830 6100 
1598 2809 6101 
6101 2809 6240 
777 4469 6102 
4469 2490 6102 
662 3943 6103 
3943 1944 6103 
2350 4595 6104 
4595 352 6104 
5573 3726 6105 
3726 1606 6105 
978 2032 6106 
2032 1606 6106 
1524 5575 6107 
5575 2423 6107 
3663 3083 6108 
3083 1576 6108 
1673 3584 6109 
3584 541 6109 
744 3437 6110 
3437 2397 6110 
886 3288 6111 
3288 1844 6111 
1962 3921 6112 
3921 592 6112 
1623 3255 6213 
6113 1623 6213 
1793 3430 6114 
3430 451 6114 
650 3534 6115 
3534 2191 6115 
5063 209 6985 
209 3958 6985 
254 3582 6117 
3582 1654 6117 
2137 6491 6950 
6490 2138 6491 
4692 1092 6119 
1092 3142 6119 
2319 5187 6120 
5187 1348 6120 
1464 2897 6121 
2897 794 6121 
832 2889 6122 
2889 1635 6122 
270 2288 6123 
2288 1635 6123 
1675 3838 6124 
3838 1032 6124 
2982 6100 6125 
6100 1518 6125 
679 3668 6126 
3668 1733 6126 
1733 4063 6127 
6127 4063 6609 
485 2595 6128 
2595 1733 6128 
1749 4648 6129 
4648 1041 6129 
111 3338 6130 
3338 1751 6130 
3249 6130 6131 
6130 1751 6131 
1751 2079 6132 
2079 514 6132 
1815 3611 6133 
3611 421 6133 
1678 2174 6134 
2174 866 6134 
584 4158 6135 
4158 1678 6135 
4637 6135 6136 
6135 1678 6136 
5590 2760 6137 
2760 1765 6137 
1895 3682 6138 
3682 277 6138 
509 4047 6139 
4047 1704 6139 
1704 4048 6140 
4048 75 6140 
3257 1457 6141 
1457 3713 6141 
4020 521 6142 
521 3023 6142 
3485 1457 6143 
1457 3257 6143 
2162 4107 6144 
4107 1465 6144 
1273 4882 6145 
4882 2398 6145 
1605 6062 6146 
6062 519 6146 
406 5356 6147 
1605 6147 6148 
6147 5356 6148 
5356 1403 6148 
245 2406 6149 
2406 1637 6149 
3495 6149 6150 
6149 1637 6150 
3496 6150 6151 
6150 1637 6151 
3594 4585 6152 
4585 752 6152 
4218 1024 6153 
1024 2965 6153 
6154 689 6885 
2169 6154 6885 
6155 3233 6655 
857 3150 6155 
331 3233 6156 
3233 1642 6156 
274 4301 6157 
4301 1758 6157 
906 3166 6158 
3166 1571 6158 
6159 224 7096 
1853 6159 7096 
512 2728 6160 
1607 6160 6216 
3048 5004 6161 
5004 1356 6161 
2975 5742 6162 
5742 755 6162 
1766 3181 6163 
3181 115 6163 
698 4981 6164 
4981 1766 6164 
5860 2510 6165 
2510 105 6165 
1614 3284 6166 
3284 824 6166 
1646 5244 6167 
5244 164 6167 
2352 3150 6168 
3150 857 6168 
2534 44 6169 
44 43 6169 
694 4194 6170 
4194 2345 6170 
3384 256 6171 
2093 6171 6961 
1805 4445 6172 
4445 89 6172 
3164 4430 6173 
4430 1558 6173 
2322 4562 6174 
4562 1128 6174 
3147 5981 6175 
5981 267 6175 
466 3238 6176 
1647 6176 6577 
1671 3246 6177 
3246 286 6177 
2663 1174 6178 
1174 3472 6178 
3041 5094 6179 
5094 465 6179 
5112 1973 6180 
1973 83 6180 
935 2942 6181 
2942 2062 6181 
6182 1615 6799 
4920 720 6182 
5834 1008 6183 
1008 3341 6183 
1299 3456 6184 
3456 2963 6184 
486 3097 6185 
3097 1692 6185 
1692 2786 6186 
2786 145 6186 
776 2786 6187 
2786 1692 6187 
2528 1053 6188 
1053 3955 6188 
184 3454 6189 
3454 1312 6189 
701 5532 6190 
5532 2085 6190 
759 2018 6191 
2018 3061 6191 
1592 2595 6192 
2595 485 6192 
5464 104 6193 
104 3374 6193 
1136 4236 6194 
4236 2299 6194 
1962 6112 7051 
6195 1962 7051 
4243 5740 6196 
5740 1633 6196 
1633 2904 6197 
2904 481 6197 
2101 3937 6198 
3937 969 6198 
661 5602 6199 
5602 1713 6199 
5913 2111 6200 
2111 4343 6200 
2151 1083 6201 
1083 3216 6201 
6202 1781 6958 
128 6202 6958 
659 2126 6203 
2126 1781 6203 
1899 4186 6204 
4186 1136 6204 
1621 6205 7125 
5899 1621 7125 
1621 2233 6206 
2233 235 6206 
2615 4183 6207 
4183 1201 6207 
4088 717 6413 
717 6208 6413 
2541 4569 6209 
4569 1226 6209 
2255 680 6210 
680 3137 6210 
1668 3271 6211 
3271 905 6211 
227 3639 6212 
3639 1695 6212 
432 5391 6213 
5391 2396 6213 
2289 3436 6214 
3436 282 6214 
2616 826 6215 
826 2564 6215 
6160 2728 6216 
2728 1038 6216 
200 2172 6217 
2172 1664 6217 
1664 2809 6218 
2809 548 6218 
762 4394 6219 
4394 2325 6219 
654 4203 6220 
4203 1632 6220 
1892 3015 6221 
3015 514 6221 
1220 3293 6222 
3293 2195 6222 
1430 2934 6223 
2934 1744 6223 
4567 1226 6224 
2540 2388 6230 
963 3651 6225 
3651 1780 6225 
221 5049 6226 
5049 3102 6226 
1974 4436 6227 
4436 557 6227 
1719 3240 6228 
3240 167 6228 
270 3068 6229 
3068 1721 6229 
2388 6224 6230 
6224 1226 6230 
424 2762 6231 
6231 2762 6894 
974 3276 6232 
3276 1794 6232 
3363 3228 6233 
3228 1159 6233 
3488 6234 6788 
3488 1701 6234 
1701 2248 6235 
2248 629 6235 
2951 726 6236 
726 2441 6236 
1036 3589 6237 
3589 1628 6237 
1628 3801 6238 
3801 896 6238 
2090 934 6239 
934 3309 6239 
2172 4509 6240 
4509 636 6240 
1152 4565 6241 
4565 2432 6241 
242 3069 6242 
3069 1656 6242 
3810 4878 6243 
4878 146 6243 
3153 3152 6244 
3152 1608 6244 
1867 3834 7010 
3834 6245 7010 
1079 3404 6246 
3404 1644 6246 
1644 3404 6247 
3404 730 6247 
6247 2591 6248 
2591 121 6248 
2275 6028 6249 
6028 1522 6249 
2158 2159 6251 
2159 6250 6251 
828 3487 6251 
3487 2158 6251 
2159 5708 6252 
5708 98 6252 
1652 2653 6253 
2653 877 6253 
3010 2535 6798 
2535 4049 6254 
1906 6255 6879 
1906 2024 6255 
5827 2894 6256 
2894 2243 6256 
300 4066 6257 
4066 2235 6257 
481 2903 6258 
6258 2903 6404 
6404 2903 6880 
3987 226 6811 
573 4621 6260 
