6
26
57
58
63
65
67
68
69
70
71
72
74
76
77
78
79
82
83
84
86
88
92
93
97
98
100
104
106
109
114
115
124
127
128
140
143
144
147
148
152
158
159
169
173
179
202
203
207
209
210
211
214
217
218
221
228
229
249
250
269
270
271
272
273
274
277
278
312
314
315
316
317
320
321
326
327
328
335
336
337
338
339
346
347
360
361
364
365
368
369
370
371
373
378
379
382
383
400
412
413
425
426
427
428
431
432
437
438
448
449
462
463
466
467
468
469
470
471
476
480
481
486
487
489
490
495
496
497
500
501
506
507
508
509
519
524
525
532
533
546
547
548
549
553
554
555
565
566
576
577
589
590
602
603
604
605
606
607
620
636
637
638
639
644
649
650
667
668
671
674
675
676
677
678
682
683
684
699
700
709
710
715
716
717
718
719
720
722
723
728
729
767
768
769
770
771
772
773
774
797
798
799
800
801
802
803
804
807
808
831
834
835
836
837
844
845
846
847
850
851
868
869
880
881
882
885
886
898
899
917
918
919
920
921
922
943
944
945
946
949
950
951
952
967
968
976
977
988
992
993
994
995
1004
1005
1008
1009
1022
1023
1026
1027
1028
1029
1030
1031
1032
1033
1051
1052
1053
1061
1062
1070
1071
1082
1083
1088
1089
1092
1093
1094
1095
1096
1097
1109
1110
1117
1118
1122
1129
1130
1131
1134
1152
1153
1158
1159
1162
1163
1168
1169
1170
1171
1172
1173
1184
1185
1186
1187
1190
1191
1218
1219
1220
1221
1228
1229
1232
1233
1234
1235
1249
1250
1251
1260
1261
1262
1263
1282
1283
1284
1297
1298
1309
1310
1311
1336
1337
1338
1343
1354
1355
1366
1367
1368
1369
1385
1386
1387
1388
1396
1397
1404
1405
1406
1407
1418
1419
1424
1425
1426
1427
1428
1429
1430
1431
1432
1433
1434
1435
1436
1437
1450
1451
1454
1455
1460
1461
1462
1463
1482
1483
1485
1491
1492
1498
1499
1520
1521
1534
1535
1537
1538
1554
1555
1570
1571
1572
1573
1585
1586
1587
1588
1589
1600
1601
1604
1605
1606
1617
1618
1632
1633
1640
1641
1646
1647
1648
1653
1654
1661
1662
1669
1670
1671
1672
1687
1688
1690
1705
1706
1711
1712
1715
1716
1717
1718
1719
1720
1721
1722
1729
1730
1735
1736
1740
1741
1752
1753
1758
1759
1766
1767
1774
1775
1784
1785
1786
1787
1796
1797
1800
1801
1804
1805
1810
1811
1831
1832
1833
1838
1839
1847
1848
1849
1850
1857
1858
1859
1860
1861
1862
1869
1870
1871
1872
1875
1876
1879
1880
1881
1882
1885
1886
1887
1888
1891
1894
1897
1898
1903
1911
1912
1921
1922
1927
1928
1933
1934
1945
1946
1947
1948
1949
1950
1953
1954
1960
1961
1972
1973
1977
1978
1979
1980
1981
1982
1989
1990
1995
2004
2005
2006
2007
2008
2009
2036
2040
2041
2048
2051
2052
2053
2054
2056
2057
2058
2059
2060
2061
2078
2079
2099
2100
2129
2130
2133
2134
2139
2140
2143
2144
2154
2155
2159
2160
2166
2167
2173
2174
2175
2176
2179
2180
2182
2183
2186
2187
2188
2189
2190
2191
2194
2195
2201
2202
2207
2208
2218
2219
2220
2221
2223
2242
2243
2244
2245
2257
2259
2260
2261
2264
2265
2266
2267
2272
2273
2276
2277
2278
2279
2280
2281
2282
2283
2289
2296
2297
2298
2299
2304
2305
2306
2307
2308
2309
2318
2319
2330
2331
2344
2345
2357
2358
2374
2375
2393
2394
2403
2404
2409
2410
2419
2427
2428
2439
2440
2450
2451
2458
2459
2491
2495
2496
2497
2498
2520
2521
2522
2524
2525
2535
2536
2537
2541
2549
2550
2551
2552
2553
2555
2556
2561
2562
2563
2564
2573
2574
2581
2582
2587
2588
2591
2592
2633
2634
2643
2644
2645
2646
2647
2648
2654
2655
2659
2660
2661
2662
2663
2668
2669
2676
2677
2678
2679
2680
2681
2683
2684
2685
2694
2695
2700
2701
2726
2727
2728
2729
2732
2733
2736
2737
2738
2739
2744
2745
2761
2762
2763
2764
2765
2766
2769
2770
2771
2772
2783
2784
2787
2788
2793
2794
2795
2796
2800
2801
2802
2803
2812
2813
2826
2827
2842
2843
2844
2845
2863
2869
2875
2876
2877
2878
2885
2886
2889
2890
2900
2901
2902
2903
2904
2905
2926
2927
2932
2933
2940
2941
2942
2943
2944
2945
2948
2949
2952
2953
2954
2955
2956
2957
2958
2959
2982
2983
2984
2985
2992
2998
2999
3004
3005
3026
3027
3038
3053
3054
3055
3056
3065
3066
3067
3068
3074
3075
3076
3077
3088
3089
3115
3116
3119
3120
3125
3126
3127
3128
3149
3150
3151
3152
3169
3170
3186
3187
3202
3203
3216
3217
3228
3229
3230
3231
3234
3235
3242
3243
3244
3245
3248
3249
3250
3251
3252
3253
3254
3255
3273
3274
3275
3276
3277
3278
3287
3288
3295
3296
3297
3298
3307
3308
3325
3326
3331
3332
3345
3346
3357
3358
3382
3385
3386
3389
3390
3391
3392
3397
3398
3406
3407
3408
3409
3423
3430
3431
3436
3437
3438
3439
3440
3455
3456
3457
3458
3463
3464
3487
3488
3489
3490
3524
3525
3527
3534
3535
3552
3553
3558
3559
3572
3573
3580
3581
3586
3587
3592
3593
3596
3607
3608
3610
3611
3612
3613
3614
3615
3619
3620
3627
3628
3629
3630
3639
3640
3641
3642
3643
3644
3651
3652
3653
3654
3665
3666
3669
3670
3671
3672
3677
3678
3680
3688
3689
3690
3691
3694
3695
3696
3697
3700
3701
3706
3707
3718
3719
3738
3739
3740
3741
3753
3754
3755
3756
3759
3760
3763
3764
3769
3770
3774
3784
3789
3790
3791
3794
3795
3800
3801
3816
3817
3820
3821
3828
3829
3844
3845
3848
3849
3850
3851
3852
3853
3854
3859
3860
3869
3893
3914
3915
3922
3923
3924
3925
3934
3935
3940
3941
3944
3945
3948
3949
3956
3957
3964
3965
3966
3967
3970
3971
3972
3973
3988
3989
3990
3991
3992
3993
3994
3995
4012
4013
4024
4025
4038
4039
4048
4049
4050
4051
4052
4053
4057
4078
4079
4092
4093
4105
4106
4107
4108
4131
4132
4137
4138
4159
4160
4169
4170
4178
4179
4181
4188
4189
4207
4208
4211
4212
4213
4214
4233
4234
4235
4236
4237
4238
4245
4246
4260
4261
4262
4263
4270
4271
4272
4279
4280
4281
4282
4298
4299
4314
4315
4318
4319
4320
4321
4322
4323
4324
4325
4326
4327
4328
4329
4335
4336
4337
4338
4341
4342
4349
4350
4363
4364
4388
4389
4390
4401
4402
4409
4410
4411
4412
4413
4414
4417
4418
4420
4421
4435
4436
4445
4446
4451
4452
4453
4454
4455
4456
4457
4462
4463
4466
4467
4468
4469
4480
4481
4482
4483
4490
4491
4496
4497
4498
4499
4524
4525
4538
4539
4540
4541
4542
4551
4558
4559
4560
4561
4570
4571
4586
4587
4594
4595
4606
4607
4616
4617
4626
4641
4642
4643
4644
4645
4646
4670
4671
4694
4695
4696
4697
4700
4701
4708
4710
4711
4718
4719
4720
4721
4722
4723
4724
4725
4726
4727
4732
4733
4734
4735
4746
4747
4748
4749
4759
4760
4765
4766
4767
4768
4769
4772
4784
4785
4786
4787
4788
4789
4800
4801
4810
4811
4812
4813
4822
4823
4824
4825
4840
4841
4846
4847
4872
4873
4874
4875
4876
4877
4878
4885
4886
4894
4895
4896
4897
4898
4903
4904
4913
4914
4921
4922
4923
4924
4941
4944
4945
4946
4947
4948
4949
4954
4955
4956
4957
4958
4959
4960
4961
4980
4981
4984
4985
4986
4987
4992
4993
4994
4995
5009
5010
5011
5012
5015
5016
5029
5030
5032
5037
5038
5047
5048
5049
5050
5053
5054
5067
5068
5075
5076
5077
5078
5079
5080
5097
5098
5111
5120
5121
5122
5123
5134
5135
5144
5145
5150
5151
5154
5155
5176
5177
5186
5187
5189
5191
5192
5194
5203
5204
5205
5206
5207
5208
5212
5213
5222
5223
5242
5254
5255
5258
5259
5264
5265
5269
5280
5281
5282
5283
5284
5285
5286
5287
5290
5291
5299
5300
5301
5304
5305
5310
5311
5312
5313
5314
5315
5322
5323
5326
5353
5354
5357
5358
5375
5376
5379
5380
5399
5400
5403
5404
5422
5423
5436
5447
5449
5452
5453
5458
5459
5468
5469
5476
5477
5478
5479
5490
5491
5492
5493
5498
5499
5504
5505
5510
5511
5512
5513
5516
5517
5522
5523
5531
5532
5533
5534
5535
5536
5541
5542
5551
5552
5553
5554
5557
5558
5565
5566
5595
5596
5609
5610
5619
5620
5621
5622
5623
5624
5625
5626
5627
5628
5629
5630
5633
5634
5637
5638
5639
5640
5641
5642
5645
5646
5649
5650
5653
5654
5666
5672
5673
5674
5675
5686
5699
5700
5715
5716
5725
5726
5739
5740
5747
5748
5749
5750
5751
5752
5757
5758
5759
5760
5777
5778
5793
5794
5801
5802
5805
5806
5807
5808
5811
5812
5813
5814
5815
5816
5829
5830
5856
5857
5876
5877
5892
5893
5896
5897
5900
5901
5928
5929
5950
5951
5952
5953
5985
5986
6009
6010
6025
6026
6031
6032
6033
6034
6035
6036
6037
6038
6043
6044
6045
6046
6051
6052
6073
6074
6079
6080
6087
6088
6089
6090
6091
6092
6093
6094
6101
6102
6103
6104
6119
6120
6135
6136
6139
6140
6141
6142
6155
6156
6157
6158
6171
6172
6177
6178
6195
6196
6206
6225
6226
6227
6228
6236
6237
6238
6239
6246
6247
6280
6281
6290
6291
6292
6293
6294
6295
6300
6301
6312
6313
6316
6317
6320
6321
6332
6333
6342
6343
6346
6347
6350
6351
6352
6353
6366
6367
6368
6369
6370
6371
6372
6373
6374
6375
6382
6383
6384
6385
6394
6395
6404
6405
6408
6409
6410
6411
6429
6430
6431
6432
6479
6480
6493
6494
6501
6502
6503
6504
6505
6506
6527
6532
6533
6540
6541
6548
6549
6553
6554
6561
6562
6567
6568
6583
6593
6598
6599
6620
6621
6632
6633
6634
6635
6648
6649
6650
6651
6652
6653
6654
6655
6658
6660
6661
6668
6669
6674
6675
6676
6677
6678
6679
6702
6703
6724
6725
6730
6731
6742
6743
6760
6761
6762
6763
6764
6765
6766
6767
6772
6773
6774
6775
6780
6781
6784
6785
6795
6798
6799
6800
6801
6802
6803
6806
6807
6816
6817
6854
6855
6868
6869
6882
6883
6884
6885
6890
6891
6892
6893
6898
6899
6902
6903
6904
6905
6906
6907
6908
6909
6910
6911
6912
6913
6914
6915
6916
6917
6918
6919
6926
6927
6928
6929
6930
6931
6934
6935
6936
6937
6942
6943
6968
6969
6970
6971
6986
6987
7000
7001
7004
7005
7008
7009
7012
7013
7014
7015
7016
7017
7026
7027
7029
7030
7031
7032
7041
7042
7043
7044
7051
7052
7053
7054
7059
7060
7071
7072
7085
7086
7087
7089
7090
7091
7092
7094
7096
7111
7112
7129
7130
7131
7132
7151
7152
7155
7156
7157
7158
7159
7160
7167
7168
7175
7176
7183
7184
7189
7190
7191
7192
7199
7200
7217
7218
7225
7226
7229
7230
7231
7232
7235
7236
7243
7244
7245
7246
7257
7258
7267
7268
7269
7270
7271
7272
7287
7288
7301
7302
7313
7314
7319
7320
7335
7336
7375
7376
7383
7384
7385
7386
7401
7402
7403
7404
7405
7406
7411
7412
7413
7414
7415
7416
7419
7420
7421
7422
7423
7424
7437
7438
7439
7440
7449
7450
7451
7452
7453
7454
7465
7466
7495
7496
7501
7502
7503
7504
7505
7506
7525
7526
7527
7528
7537
7538
7539
7540
7541
7542
7543
7544
7553
7554
7555
7556
7557
7558
7559
7560
7561
7562
7567
7579
7580
7581
7582
7607
7608
7609
7610
7611
7612
7627
7628
7635
7636
7637
7638
7645
7646
7647
7648
7657
7658
7669
7670
7677
7678
7685
7686
7687
7688
7705
7706
7721
7722
7723
7724
7729
7730
7747
7748
7765
7766
7775
7776
7777
7778
7789
7790
7791
7792
7803
7804
7813
7814
7817
7818
7819
7820
7821
7822
7823
7828
7829
7844
7845
7886
7887
7898
7899
7900
7904
7905
7907
7918
7919
7920
7921
7922
7923
7936
7937
7946
7947
7966
7967
7968
7969
7988
7989
7994
7995
7996
7997
8022
8023
8035
8036
8041
8042
8051
8052
8075
8076
8077
8078
8091
8092
8093
8094
8105
8106
8121
8122
8123
8124
8125
8126
8127
8128
8129
8130
8147
8148
8155
8156
8157
8158
8159
8160
8165
8166
8167
8168
8185
8189
8190
8191
8192
8199
8200
8201
8202
8215
8216
8221
8222
8225
8226
8252
8257
8258
8259
8260
8273
8274
8313
8314
8315
8316
8317
8318
8323
8324
8325
8326
8329
8330
8339
8340
8341
8342
8343
8344
8353
8354
8359
8360
8387
8388
8389
8390
8395
8396
8399
8400
8429
8430
8445
8446
8453
8454
8457
8458
8459
8460
8461
8462
8463
8464
8527
8528
8536
8539
8540
8561
8562
8565
8566
8575
8576
8577
8578
8579
8580
8583
8584
8609
8610
8613
8614
8615
8616
8625
8626
8629
8630
8631
8632
8641
8642
8643
8644
8645
8646
8689
8690
8691
8692
8695
8696
8701
8702
8711
8712
8713
8714
8715
8716
8739
8740
8742
8743
8744
8747
8748
8755
8756
8757
8758
8759
8760
8767
8768
8769
8770
8781
8782
8794
8795
8796
8797
8802
8803
8870
8871
8872
8873
8874
8875
8884
8885
8886
8887
8896
8897
8898
8899
8910
8911
8912
8913
8914
8915
8940
8941
8942
8943
8948
8949
8958
8959
8960
8961
8962
8963
8964
8965
8966
8967
8968
8969
8972
8973
8974
8975
8980
8981
8990
8991
8992
8993
8994
8995
9010
9011
9012
9013
9014
9015
9016
9017
9018
9019
9020
9021
9030
9031
9032
9033
9038
9039
9042
9043
9044
9045
9046
9047
9052
9053
9066
9067
9070
9071
9080
9081
9086
9087
9088
9089
9110
9111
9112
9113
9116
9126
9127
9128
9129
9130
9131
9140
9141
9203
9204
9214
9215
9216
9217
9236
9237
9242
9243
9244
9245
9246
9250
9251
9252
9253
9254
9255
9256
9257
9261
9266
9267
9268
9269
9270
9271
9272
9273
9305
9306
9307
9308
9318
9319
9330
9331
9332
9333
9336
9337
9348
9349
9350
9351
9352
9353
9356
9357
9358
9359
9364
9365
9372
9373
9374
9375
9376
9377
9380
9381
9384
9385
9408
9409
9410
9411
9420
9421
9422
9423
9432
9433
9444
9445
9446
9447
9448
9449
9454
9455
9456
9457
9494
9495
9496
9497
9498
9499
9504
9505
9506
9507
9512
9513
9528
9529
9534
9535
9536
9537
9548
9549
9554
9555
9558
9559
9562
9563
9564
9565
9570
9571
9574
9575
9582
9583
9593
9594
9599
9600
9601
9602
9607
9608
9611
9612
9617
9618
9621
9622
9625
9626
9645
9646
9661
9662
9665
9666
9669
9670
9671
9672
9675
9676
9679
9680
9681
9682
9683
9686
9687
9702
9703
9726
9727
9728
9729
9732
9733
9736
9737
9738
9739
9740
9741
9746
9747
9750
9751
9760
9761
9762
9763
9778
9779
9796
9797
9800
9801
9812
9813
9816
9817
9818
9819
9820
9860
9861
9862
9863
9868
9869
9874
9875
9876
9877
9898
9899
9900
9901
9904
9905
9906
9907
9908
9909
9910
9911
9930
9931
9956
9957
9968
9969
9970
9971
9972
9973
9992
9993
9994
9995
10010
10011
10030
10031
10036
10037
10042
10043
10066
10067
10078
10079
10082
10083
10092
10093
10096
10097
10098
10099
10104
10105
10118
10119
10122
10123
10132
10133
10134
10135
10174
10175
10178
10179
10180
10181
10190
10191
10192
10193
10194
10195
10198
10199
10200
10201
10242
10243
10246
10247
10256
10257
10258
10259
10266
10267
10268
10269
10270
10271
10274
10275
10284
10285
10292
10293
10302
10303
10306
10307
10308
10309
10312
10313
10318
10319
10328
10329
10338
10339
10348
10349
10354
10355
10356
10357
10378
10379
10380
10381
10384
10385
10388
10389
10396
10397
10400
10401
10402
10403
10404
10405
10406
10407
10408
10409
10410
10411
10412
10413
10414
10415
10440
10441
10448
10449
10452
10453
10472
10473
10474
10475
10484
10485
10502
10503
10506
10507
10508
10509
10512
10513
10528
10529
10534
10535
10540
10541
10556
10557
10560
10561
10564
10565
10580
10581
10590
10591
10592
10593
10606
10607
10626
10627
10632
10633
10634
10635
10642
10643
10644
10645
10646
10647
10648
10649
10660
10661
10662
10663
10664
10665
10676
10677
10678
10679
10680
10681
10684
10685
10696
10697
10698
10699
10700
10701
10710
10711
10728
10729
10748
10749
10750
10751
10756
10757
10772
10773
10778
10779
10782
10783
10784
10785
10814
10815
10820
10821
10826
10827
10830
10831
10832
10833
10834
10835
10836
10837
10838
10839
10846
10847
10850
10851
10856
10857
10858
10859
10868
10869
10871
10876
10877
10880
10881
10882
10883
10884
10885
10886
10887
10888
10889
10892
10893
10898
10899
10900
10901
10910
10911
10912
10913
10956
10957
10958
10959
10960
10961
10966
10967
10972
10973
10974
10975
10980
10981
10982
10983
10986
10987
10988
10989
10990
10991
10994
10995
11016
11017
11018
11019
11020
11021
11022
11023
11024
11025
11026
11027
11028
11029
11030
11031
11032
11033
11034
11035
11036
11037
11040
11041
11044
11045
11062
11063
11064
11065
11070
11071
11074
11075
11078
11079
11092
11093
11100
11101
11102
11103
11104
11105
11108
11109
11110
11111
11146
11147
11148
11149
11152
11153
11154
11181
11194
11195
11202
11203
11210
11211
11212
11213
11214
11215
11216
11217
11234
11235
11246
11247
11256
11257
11258
11259
11264
11265
11280
11281
11284
11285
11286
11287
11294
11295
11304
11305
11312
11313
11320
11321
11330
11331
11344
11345
11346
11347
11352
11353
11354
11355
11362
11363
11366
11367
11376
11377
11382
11383
11384
11385
11386
11387
11388
11389
11390
11391
11396
11397
11398
11399
11410
11411
11412
11413
11470
11471
11480
11481
11484
11485
11486
11487
11488
11489
11500
11501
11510
11511
11514
11515
11516
11517
11528
11529
11530
11531
11532
11533
11540
11541
11542
11543
11544
11545
11548
11549
11550
11551
11554
11555
11566
11567
11582
11583
11586
11587
11588
11589
11590
11591
11592
11593
11602
11603
11612
11613
11632
11633
11634
11635
11638
11639
11642
11643
11666
11667
11672
11673
11674
11675
11700
11701
11702
11703
11712
11713
11714
11715
11718
11719
11720
11721
11732
11733
11734
11735
11740
11741
11744
11745
11752
11753
11756
11757
11758
11759
11768
11769
11772
11773
11776
11777
11778
11779
11780
11781
11788
11789
11804
11805
11834
11835
11838
11839
11840
11841
11846
11847
11904
11905
11952
11953
11978
11979
11994
11995
12002
12003
12004
12005
12022
12023
12024
12025
12026
12027
12028
12029
12032
12033
12036
12037
12038
12039
12040
12041
12062
12063
12064
12065
12074
12075
12086
12087
12088
12089
12090
12091
12092
12093
12100
12101
12114
12115
12116
12117
12118
12119
12122
12123
12142
12143
12146
12147
12152
12153
12158
12159
12168
12169
12179
12198
12199
12202
12203
12210
12211
12216
12217
12224
12244
12245
12280
12281
12288
12289
12290
12291
12292
12293
12300
12301
12334
12335
12337
12368
12369
12384
12385
12388
12389
12412
12413
12418
12419
12420
12421
12442
12443
12446
12447
12448
12449
12452
12453
12454
12455
12456
12457
12470
12471
12474
12475
12476
12477
12488
12489
12492
12493
12500
12501
12504
12505
12508
12509
12510
12511
12512
12513
12516
12517
12528
12536
12537
12560
12561
12566
12567
12568
12569
12570
12571
12578
12579
12580
12581
12608
12609
12610
12611
12642
12643
12646
12647
12650
12651
12652
12653
12654
12655
12660
12661
12662
12663
12666
12667
12672
12673
12678
12679
12694
12695
12696
12697
12700
12701
12702
12703
12714
12715
12724
12725
12736
12737
12738
12739
12740
12741
12742
12743
12744
12745
12770
12771
12776
12777
12778
12779
12780
12781
12796
12797
12804
12805
12806
12807
12826
12827
12828
12829
12830
12831
12834
12835
12842
12843
12852
12853
12878
12879
12888
12889
12890
12891
12892
12893
12902
12903
12906
12907
12912
12913
12926
12927
12928
12929
12936
12937
12946
12947
12948
12949
12958
12959
12962
12963
12964
12965
12972
12973
12974
12975
12976
12977
12980
12981
12986
12987
12998
12999
13002
13003
13004
13005
13008
13009
13030
13031
13034
13035
13044
13045
13050
13051
13074
13075
13092
13093
13094
13095
13096
13097
13104
13105
13112
13113
13124
13125
13144
13145
13182
13183
13184
13185
13186
13187
13188
13189
13200
13201
13210
13211
13212
13213
13234
13235
13260
13261
13262
13263
13264
13265
13272
13273
13274
13275
13276
13277
13278
13279
13280
13281
13282
13283
13302
13303
13314
13315
13318
13319
13324
13325
13360
13361
13362
13363
13364
13365
13382
13383
13404
13405
13432
13433
13456
13457
13458
13459
13460
13461
13466
13467
13468
13469
13472
13473
13478
13479
13490
13491
13498
13499
13504
13505
13506
13507
13508
13509
13512
13513
13516
13517
13518
13519
13522
13523
13524
13525
13526
13527
13538
13539
13557
13570
13571
13580
13581
13582
13583
13584
13585
13586
13587
13588
13589
13594
13595
13596
13597
13598
13599
13602
13603
13614
13615
13646
13647
13648
13649
13650
13651
13652
13653
13654
13655
13658
13659
13676
13677
13690
13691
13692
13693
13695
13702
13703
13704
13705
13714
13715
13716
13717
13726
13727
13732
13733
13740
13741
13744
13745
13750
13751
13752
13753
13756
13757
13758
13759
13760
13761
13762
13763
13770
13771
13774
13775
13784
13785
13786
13787
13788
13789
13794
13795
13804
13805
13812
13813
13824
13825
13838
13839
13840
13841
13842
13843
13854
13855
13862
13863
13864
13865
13866
13867
