1
2
3
4
5
6
7
9
10
11
12
13
14
15
16
17
20
24
26
30
32
50
66
81
82
85
87
104
105
108
111
112
118
127
128
129
130
135
136
141
142
151
161
162
163
164
165
166
167
168
170
178
183
184
185
187
188
191
192
195
196
197
200
219
226
227
232
233
234
235
247
248
255
256
257
258
259
260
261
264
265
275
276
291
292
295
296
302
303
313
322
323
340
341
372
374
375
376
377
384
385
394
395
396
397
401
402
403
404
405
435
436
441
442
445
446
450
451
452
453
454
455
460
461
477
482
483
484
485
493
494
520
521
542
543
548
549
552
556
557
563
564
569
570
578
579
580
581
582
593
594
595
596
600
601
608
609
612
613
614
627
628
630
631
632
633
634
635
659
660
662
663
665
666
672
673
679
682
693
694
695
696
711
712
713
714
724
725
730
731
737
738
750
751
765
766
774
779
780
788
789
805
806
824
825
826
827
828
829
830
831
834
835
836
838
839
842
843
850
856
857
866
867
870
871
872
873
874
875
876
877
883
884
894
895
896
897
903
904
905
906
907
908
915
916
939
940
941
942
947
948
957
958
959
960
961
962
965
966
980
981
998
999
1014
1015
1018
1019
1039
1040
1041
1042
1066
1067
1080
1081
1086
1087
1104
1105
1106
1113
1114
1119
1120
1121
1123
1124
1135
1136
1137
1142
1143
1148
1149
1194
1195
1196
1199
1200
1201
1206
1207
1208
1209
1210
1211
1218
1219
1243
1244
1245
1246
1247
1248
1252
1275
1276
1277
1278
1279
1280
1281
1285
1286
1301
1302
1320
1321
1322
1323
1324
1325
1331
1332
1335
1339
1340
1346
1347
1348
1349
1356
1357
1362
1363
1364
1365
1372
1373
1374
1375
1378
1379
1380
1381
1410
1411
1414
1415
1420
1421
1422
1423
1442
1443
1448
1449
1474
1475
1476
1477
1484
1489
1490
1493
1494
1495
1496
1497
1506
1507
1514
1515
1518
1519
1528
1529
1536
1539
1540
1541
1542
1545
1546
1547
1548
1549
1550
1551
1552
1553
1559
1568
1569
1571
1574
1575
1583
1584
1594
1595
1607
1608
1615
1616
1626
1627
1642
1643
1655
1656
1659
1660
1673
1674
1677
1678
1689
1690
1699
1700
1701
1702
1706
1713
1714
1727
1728
1733
1734
1739
1749
1750
1751
1752
1753
1754
1755
1756
1757
1764
1765
1794
1795
1798
1799
1802
1803
1808
1809
1812
1813
1814
1815
1818
1819
1820
1821
1824
1825
1829
1830
1836
1837
1851
1852
1863
1864
1865
1866
1873
1874
1877
1878
1883
1884
1891
1892
1893
1895
1896
1903
1904
1905
1906
1917
1918
1919
1920
1923
1924
1951
1952
1959
1974
1975
1976
1985
1986
1987
1988
2000
2022
2023
2032
2033
2034
2035
2036
2037
2044
2045
2046
2047
2070
2071
2080
2081
2082
2083
2092
2093
2098
2101
2102
2120
2121
2122
2127
2128
2131
2132
2135
2136
2137
2138
2141
2142
2145
2146
2147
2148
2152
2153
2155
2158
2162
2163
2164
2165
2179
2180
2181
2192
2193
2203
2204
2205
2206
2215
2216
2222
2252
2253
2256
2257
2258
2259
2284
2285
2288
2289
2294
2295
2310
2311
2312
2313
2314
2315
2316
2317
2320
2321
2328
2329
2350
2351
2352
2353
2359
2360
2361
2362
2363
2364
2378
2379
2382
2383
2415
2416
2431
2432
2437
2438
2452
2453
2454
2455
2456
2457
2460
2461
2465
2466
2467
2468
2489
2499
2503
2504
2508
2509
2510
2511
2512
2523
2533
2534
2542
2543
2553
2554
2555
2567
2568
2577
2578
2579
2580
2595
2596
2597
2598
2599
2600
2605
2606
2607
2608
2609
2610
2611
2612
2627
2628
2629
2630
2631
2632
2635
2636
2639
2640
2682
2683
2686
2687
2692
2693
2698
2699
2749
2750
2767
2768
2779
2780
2785
2786
2797
2798
2799
2806
2807
2814
2815
2838
2839
2846
2847
2850
2851
2862
2864
2865
2866
2870
2871
2872
2873
2874
2879
2880
2898
2899
2906
2907
2908
2909
2912
2913
2916
2917
2918
2919
2955
2960
2961
2962
2963
2964
2965
2974
2975
2986
2987
3006
3007
3008
3009
3012
3013
3014
3015
3016
3017
3028
3029
3030
3031
3032
3033
3041
3042
3043
3044
3051
3052
3059
3060
3061
3062
3068
3082
3083
3090
3091
3094
3095
3096
3097
3098
3099
3102
3103
3108
3109
3110
3111
3112
3113
3117
3118
3119
3120
3121
3122
3131
3132
3141
3142
3153
3154
3175
3176
3177
3178
3179
3190
3191
3192
3193
3194
3195
3196
3197
3198
3199
3204
3205
3210
3211
3218
3219
3220
3221
3224
3225
3232
3233
3236
3237
3246
3247
3256
3257
3266
3267
3268
3269
3270
3271
3272
3281
3282
3283
3284
3291
3292
3293
3294
3295
3299
3300
3311
3312
3315
3316
3319
3320
3321
3322
3323
3324
3333
3334
3363
3364
3365
3366
3377
3378
3379
3380
3381
3382
3401
3402
3410
3411
3421
3422
3423
3434
3435
3441
3442
3449
3450
3451
3452
3475
3476
3479
3480
3481
3482
3485
3486
3493
3494
3508
3509
3510
3511
3514
3515
3516
3517
3518
3519
3530
3531
3532
3533
3534
3536
3537
3538
3539
3540
3541
3542
3543
3548
3549
3550
3551
3560
3561
3574
3575
3578
3579
3582
3583
3590
3591
3609
3610
3633
3634
3635
3636
3637
3638
3645
3646
3650
3657
3658
3661
3662
3667
3668
3675
3676
3712
3713
3726
3727
3728
3729
3732
3733
3736
3737
3745
3749
3761
3762
3765
3766
3767
3768
3775
3776
3777
3778
3796
3797
3798
3799
3802
3803
3808
3809
3812
3813
3818
3819
3822
3823
3824
3825
3832
3833
3836
3837
3838
3839
3842
3843
3863
3864
3870
3883
3884
3894
3895
3900
3901
3916
3917
3920
3921
3930
3931
3946
3947
3976
3977
3980
3981
4000
4001
4014
4015
4016
4019
4020
4021
4032
4033
4034
4035
4058
4059
4068
4069
4076
4077
4080
4081
4082
4083
4084
4085
4086
4087
4090
4091
4098
4099
4100
4101
4102
4109
4110
4113
4114
4115
4116
4129
4130
4163
4164
4180
4181
4190
4191
4192
4193
4194
4195
4196
4215
4216
4217
4218
4225
4226
4227
4228
4229
4230
4239
4240
4243
4244
4253
4254
4255
4256
4257
4258
4283
4284
4285
4286
4287
4288
4292
4293
4296
4297
4312
4313
4316
4317
4330
4331
4351
4352
4353
4354
4355
4356
4365
4366
4375
4385
4386
4387
4388
4393
4394
4395
4396
4399
4400
4415
4416
4419
4421
4422
4425
4426
4427
4428
4430
4439
4440
4441
4442
4476
4477
4478
4479
4484
4485
4492
4493
4498
4514
4515
4528
4529
4530
4531
4532
4533
4534
4535
4536
4537
4545
4550
4551
4556
4557
4562
4563
4576
4577
4584
4585
4587
4598
4599
4610
4611
4637
4638
4639
4640
4661
4662
4666
4667
4668
4669
4676
4677
4678
4679
4680
4681
4682
4683
4684
4685
4702
4703
4708
4709
4712
4713
4714
4715
4716
4717
4740
4741
4744
4745
4770
4771
4772
4773
4774
4775
4798
4799
4802
4803
4811
4820
4821
4828
4829
4850
4851
4852
4853
4862
4863
4864
4865
4866
4867
4868
4869
4870
4871
4881
4882
4883
4884
4909
4910
4911
4912
4915
4916
4917
4918
4919
4920
4925
4926
4927
4928
4929
4930
4933
4934
4935
4936
4937
4938
4941
4950
4951
4962
4963
4964
4965
4974
4975
4982
4983
4990
4991
4997
4998
4999
5000
5005
5006
5013
5014
5031
5032
5035
5036
5043
5044
5055
5056
5059
5060
5063
5064
5081
5082
5099
5100
5105
5106
5107
5108
5110
5111
5114
5115
5132
5133
5158
5159
5160
5161
5174
5175
5178
5179
5189
5190
5193
5194
5195
5196
5197
5198
5214
5215
5216
5217
5218
5219
5236
5237
5238
5239
5240
5241
5246
5247
5248
5249
5256
5257
5268
5292
5293
5294
5295
5296
5297
5308
5309
5327
5328
5331
5332
5341
5342
5347
5348
5349
5350
5351
5352
5385
5386
5389
5390
5405
5406
5426
5427
5428
5429
5434
5435
5437
5438
5445
5446
5448
5449
5450
5451
5456
5457
5462
5463
5470
5471
5482
5483
5488
5489
5496
5497
5527
5528
5539
5540
5549
5550
5563
5564
5569
5570
5571
5572
5575
5576
5579
5580
5607
5608
5611
5612
5613
5614
5615
5616
5617
5618
5651
5652
5655
5656
5657
5658
5661
5662
5663
5664
5665
5666
5667
5679
5680
5685
5686
5687
5688
5693
5694
5695
5696
5697
5698
5701
5702
5705
5706
5707
5708
5709
5710
5711
5712
5713
5714
5721
5722
5723
5724
5733
5734
5735
5736
5745
5750
5761
5762
5769
5770
5771
5772
5789
5790
5795
5796
5799
5800
5817
5818
5819
5820
5821
5822
5839
5840
5841
5842
5854
5855
5862
5863
5864
5865
5866
5867
5868
5869
5872
5873
5880
5881
5882
5883
5884
5885
5894
5895
5904
5905
5908
5909
5912
5913
5916
5917
5922
5923
5930
5931
5934
5935
5936
5937
5938
5939
5942
5943
5962
5963
5964
5965
5966
5967
5980
5981
5995
5996
6005
6006
6011
6012
6015
6016
6019
6020
6021
6022
6039
6040
6049
6050
6055
6056
6057
6058
6059
6060
6061
6062
6067
6068
6069
6070
6075
6076
6081
6082
6083
6084
6085
6086
6095
6096
6099
6100
6111
6112
6113
6114
6115
6116
6121
6122
6123
6124
6125
6126
6127
6128
6137
6138
6145
6146
6153
6154
6159
6160
6169
6170
6175
6176
6179
6180
6181
6182
6183
6184
6185
6186
6187
6188
6189
6190
6193
6194
6199
6200
6201
6202
6203
6204
6205
6206
6207
6208
6209
6210
6211
6212
6223
6224
6229
6230
6252
6253
6260
6261
6262
6263
6298
6299
6304
6305
6306
6307
6308
6309
6318
6319
6324
6325
6326
6327
6330
6331
6344
6345
6348
6349
6354
6355
6364
6365
6380
6381
6386
6387
6388
6389
6390
6391
6406
6407
6420
6421
6424
6453
6454
6457
6458
6459
6460
6461
6462
6465
6466
6485
6486
6489
6490
6491
6492
6499
6500
6509
6510
6526
6527
6530
6531
6536
6537
6542
6543
6552
6557
6558
6559
6560
6563
6564
6565
6566
6571
6572
6584
6585
6586
6587
6590
6591
6602
6603
6606
6607
6608
6609
6622
6623
6624
6625
6626
6627
6628
6629
6644
6645
6646
6647
6656
6657
6662
6663
6664
6665
6670
6671
6672
6673
6694
6695
6696
6697
6700
6701
6714
6715
6718
6719
6734
6735
6736
6737
6758
6759
6768
6769
6794
6795
6816
6824
6825
6830
6831
6832
6833
6838
6842
6843
6844
6845
6846
6847
6852
6853
6870
6871
6872
6873
6874
6875
6876
6877
6878
6879
6880
6881
6939
6942
6952
6953
6962
6963
6988
6989
6990
6991
7002
7003
7035
7036
7037
7038
7039
7040
7045
7046
7047
7048
7059
7083
7084
7093
7094
7107
7108
7109
7110
7113
7114
7115
7116
7125
7126
7133
7134
7139
7140
7143
7144
7145
7146
7147
7148
7149
7150
7173
7174
7181
7182
7183
7195
7196
7197
7198
7215
7216
7221
7222
7223
7224
7237
7238
7239
7240
7241
7242
7253
7254
7255
7256
7273
7274
7285
7286
7291
7297
7298
7299
7300
7307
7308
7309
7310
7325
7326
7327
7328
7333
7334
7339
7340
7341
7342
7345
7346
7351
7352
7359
7360
7363
7364
7369
7370
7371
7372
7373
7374
7379
7380
7391
7392
7425
7426
7443
7444
7455
7456
7459
7460
7471
7472
7487
7488
7509
7510
7511
7512
7513
7514
7523
7524
7529
7530
7533
7534
7547
7548
7563
7564
7565
7566
7567
7568
7569
7570
7571
7572
7573
7574
7577
7578
7591
7592
7593
7594
7595
7596
7655
7656
7659
7660
7669
7670
7689
7690
7691
7692
7693
7694
7697
7698
7699
7700
7701
7702
7707
7708
7709
7710
7711
7712
7727
7728
7731
7732
7733
7734
7735
7736
7743
7744
7751
7752
7763
7764
7767
7768
7769
7770
7785
7786
7795
7796
7799
7800
7801
7802
7803
7804
7805
7806
7809
7810
7826
7827
7836
7837
7848
7849
7850
7851
7858
7859
7864
7865
7870
7871
7882
7883
7884
7885
7900
7901
7964
7965
7972
7973
7980
7981
7984
7985
7986
7987
7992
7993
7998
7999
8000
8001
8002
8003
8008
8009
8010
8011
8012
8013
8026
8037
8038
8049
8050
8055
8056
8063
8064
8067
8068
8069
8070
8079
8080
8085
8086
8095
8096
8097
8098
8115
8116
8131
8132
8133
8134
8137
8138
8153
8154
8185
8186
8187
8188
8205
8206
8209
8210
8211
8212
8213
8214
8223
8224
8229
8230
8239
8240
8241
8242
8243
8244
8245
8246
8247
8248
8255
8256
8265
8266
8267
8268
8277
8278
8295
8296
8297
8298
8305
8306
8307
8308
8327
8328
8341
8343
8351
8352
8355
8356
8357
8358
8363
8364
8365
8366
8369
8370
8371
8372
8375
8376
8379
8380
8381
8382
8385
8386
8391
8392
8397
8398
8407
8408
8409
8410
8415
8416
8417
8418
8423
8424
8425
8426
8441
8442
8443
8444
8447
8448
8451
8452
8471
8472
8473
8474
8487
8488
8489
8490
8493
8494
8495
8496
8497
8498
8501
8502
8513
8514
8535
8536
8543
8544
8547
8548
8553
8554
8567
8568
8585
8586
8593
8594
8595
8596
8619
8620
8623
8624
8635
8636
8637
8638
8639
8640
8647
8648
8649
8650
8653
8654
8655
8656
8657
8658
8659
8660
8661
8662
8665
8666
8667
8668
8669
8670
8671
8672
8675
8676
8677
8678
8679
8680
8681
8682
8683
8684
8685
8686
8687
8688
8692
8693
8694
8712
8713
8714
8725
8726
8733
8734
8741
8742
8744
8749
8750
8761
8762
8763
8764
8765
8766
8771
8772
8785
8786
8812
8813
8826
8827
8828
8829
8830
8831
8832
8833
8876
8877
8888
8889
8904
8905
8908
8909
8916
8917
8920
8921
8932
8933
8936
8937
8938
8939
8944
8945
8946
8947
8952
8953
8954
8955
8956
8957
9010
9024
9025
9042
9056
9057
9060
9061
9078
9079
9082
9083
9087
9096
9097
9104
9105
9114
9115
9116
9117
9118
9119
9120
9121
9151
9152
9157
9158
9161
9162
9171
9172
9173
9174
9186
9191
9192
9193
9194
9199
9200
9201
9202
9205
9206
9209
9210
9211
9212
9213
9218
9219
9226
9227
9238
9239
9240
9241
9246
9247
9248
9249
9260
9261
9274
9275
9276
9277
9278
9279
9280
9281
9282
9283
9284
9285
9286
9289
9290
9291
9292
9293
9294
9311
9328
9329
9370
9371
9382
9383
9386
9387
9388
9389
9390
9391
9428
9429
9430
9431
9442
9443
9450
9451
9478
9479
9502
9503
9514
9515
9516
9517
9524
9525
9526
9527
9542
9543
9544
9545
9552
9553
9572
9573
9580
9581
9584
9585
9586
9587
9588
9589
9609
9610
9613
9614
9615
9616
9631
9632
9633
9647
9648
9653
9654
9657
9658
9659
9660
9677
9678
9692
9693
9698
9699
9716
9717
9718
9719
9720
9721
9724
9725
9742
9743
9752
9753
9754
9755
9756
9757
9766
9767
9790
9791
9798
9799
9800
9801
9802
9803
9804
9805
9838
9839
9848
9849
9852
9853
9854
9855
9858
9859
9872
9873
9878
9879
9914
9915
9928
9929
9932
9933
9934
9935
9944
9945
9950
9951
9954
9955
9964
9965
9980
9981
9982
9983
9996
9997
9998
9999
10002
10003
10006
10007
10016
10017
10018
10019
10038
10039
10046
10047
10052
10053
10054
10055
10058
10059
10060
10061
10072
10073
10106
10107
10116
10117
10124
10125
10130
10131
10166
10167
10170
10171
10196
10197
10202
10203
10206
10207
10210
10211
10212
10213
10214
10215
10218
10219
10228
10229
10230
10231
10234
10235
10236
10237
10238
10239
10254
10255
10260
10261
10264
10265
10310
10311
10314
10315
10316
10317
10326
10327
10330
10331
10332
10333
10334
10335
10336
10337
10342
10343
10350
10351
10362
10363
10368
10369
10370
10371
10372
10373
10374
10375
10376
10377
10382
10383
10386
10387
10413
10420
10421
10434
10435
10436
10437
10450
10458
10459
10470
10471
10478
10479
10480
10481
10484
10485
10492
10493
10514
10515
10524
10525
10530
10531
10532
10533
10536
10537
10562
10563
10566
10567
10568
10569
10570
10571
10574
10575
10582
10583
10602
10603
10618
10619
10620
10621
10622
10623
10636
10637
10638
10639
10652
10653
10686
10687
10712
10713
10722
10723
10724
10725
10742
10743
10744
10745
10752
10753
10768
10769
10776
10777
10786
10787
10790
10791
10792
10793
10794
10795
10796
10797
10798
10799
10800
10801
10824
10825
10826
10827
10840
10841
10864
10865
10866
10867
10868
10870
10871
10872
10873
10878
10879
10896
10897
10902
10903
10918
10919
10930
10931
10948
10949
10962
10963
10984
10985
10996
10997
10998
10999
11006
11007
11008
11009
11042
11043
11046
11047
11048
11049
11050
11051
11052
11053
11060
11061
11076
11077
11084
11085
11086
11087
11096
11097
11106
11107
11112
11113
11114
11115
11116
11117
11118
11119
11120
11121
11122
11123
11124
11125
11128
11129
11132
11133
11134
11135
11144
11145
11176
11177
11180
11181
11182
11183
11184
11185
11186
11187
11192
11193
11198
11199
11200
11201
11204
11205
11206
11207
11208
11209
11228
11229
11232
11233
11236
11237
11238
11239
11244
11245
11250
11251
11266
11267
11270
11271
11272
11273
11274
11275
11276
11277
11298
11299
11316
11317
11326
11327
11328
11329
11338
11339
11340
11341
11342
11343
11368
11369
11370
11371
11372
11373
11374
11375
11380
11381
11406
11407
11408
11409
11416
11417
11418
11419
11420
11421
11426
11427
11428
11429
11430
11431
11440
11441
11442
11443
11454
11455
11456
11457
11458
11459
11460
11461
11464
11465
11468
11469
11471
11478
11479
11492
11493
11494
11495
11496
11497
11498
11499
11502
11503
11504
11505
11506
11507
11508
11509
11518
11519
11524
11525
11534
11535
11540
11541
11562
11563
11564
11565
11568
11569
11570
11571
11572
11573
11589
11592
11606
11607
11610
11611
11616
11617
11638
11639
11644
11645
11654
11655
11656
11657
11670
11671
11680
11681
11692
11693
11704
11705
11724
11725
11728
11729
11730
11731
11738
11739
11742
11743
11746
11747
11762
11763
11764
11765
11778
11779
11782
11783
11792
11793
11794
11795
11808
11809
11816
11817
11820
11821
11836
11837
11862
11863
11872
11873
11874
11875
11876
11877
11878
11879
11880
11881
11888
11889
11890
11891
11902
11903
11906
11907
11908
11909
11910
11911
11921
11922
11923
11924
11925
11926
11927
11928
11929
11930
11931
11934
11935
11950
11951
11954
11955
11968
11969
11972
11973
11974
11975
11990
11991
12014
12015
12016
12017
12018
12019
12020
12021
12030
12031
12034
12035
12042
12043
12046
12047
12048
12049
12050
12051
12052
12053
12056
12057
12068
12069
12078
12079
12080
12081
12094
12095
12098
12099
12102
12103
12112
12113
12120
12121
12140
12141
12154
12155
12182
12183
12184
12185
12186
12187
12190
12191
12208
12209
12212
12213
12222
12223
12224
12225
12226
12227
12230
12231
12232
12233
12238
12239
12242
12243
12256
12257
12266
12267
12278
12279
12282
12283
12284
12285
12294
12295
12296
12297
12298
12299
12302
12303
12306
12307
12308
12309
12310
12311
12312
12313
12314
12315
12318
12319
12326
12327
12328
12329
12330
12331
12332
12333
12340
12341
12348
12358
12359
12362
12363
12374
12375
12380
12381
12386
12387
12404
12405
12414
12415
12424
12425
12426
12427
12428
12429
12430
12431
12436
12437
12440
12441
12444
12445
12472
12473
12482
12483
12490
12491
12524
12525
12526
12527
12528
12529
12534
12535
12538
12539
12540
12541
12542
12543
12586
12587
12598
12599
12600
12601
12606
12607
12614
12615
12622
12623
12632
12633
12634
12635
12636
12637
12638
12639
12670
12671
12676
12677
12680
12681
12686
12687
12690
12691
12726
12727
12728
12729
12730
12731
12732
12733
12746
12747
12748
12749
12750
12751
12754
12755
12756
12757
12792
12793
12827
12844
12845
12846
12847
12856
12857
12862
12863
12864
12865
12866
12867
12876
12877
12894
12895
12896
12897
12898
12899
12914
12915
12922
12923
12924
12925
12956
12957
12960
12961
12984
12985
12988
12989
12994
12995
12996
12997
13000
13001
13010
13011
13012
13013
13014
13015
13016
13017
13018
13019
13040
13041
13042
13043
13046
13047
13048
13049
13052
13053
13070
13071
13072
13073
13076
13077
13078
13079
13084
13085
13086
13087
13088
13089
13098
13099
13110
13111
13116
13117
13118
13119
13120
13121
13128
13129
13130
13131
13132
13133
13136
13137
13148
13149
13164
13165
13168
13169
13170
13171
13172
13173
13176
13177
13198
13199
13204
13205
13208
13209
13214
13215
13216
13217
13218
13219
13222
13223
13228
13229
13230
13231
13232
13233
13238
13239
13244
13245
13266
13267
13268
13269
13270
13271
13310
13311
13312
13313
13316
13317
13320
13321
13322
13323
13330
13331
13332
13333
13334
13335
13344
13345
13346
13347
13358
13359
13361
13366
13367
13368
13369
13380
13381
13384
13385
13390
13391
13396
13397
13430
13431
13442
13443
13444
13445
13464
13465
13484
13485
13492
13493
13494
13495
13496
13497
13506
13507
13508
13510
13511
13528
13529
13530
13531
13550
13551
13552
13553
13554
13555
13556
13557
13566
13567
13590
13591
13612
13613
13622
13623
13626
13627
13638
13639
13640
13641
13642
13643
13644
13645
13660
13661
13662
13663
13672
13673
13684
13685
13686
13687
13698
13699
13708
13709
13716
13717
13724
13725
13728
13729
13730
13731
13734
13735
13736
13737
13742
13743
13766
13767
13768
13769
13776
13777
13778
13779
13782
13783
13792
13793
13796
13797
13810
13811
13830
13831
13832
13833
13834
13835
13850
13851
13856
13857
