0
39
40
41
42
43
44
45
46
47
49
51
52
53
54
55
56
57
59
60
61
62
63
64
65
67
73
75
77
80
90
94
102
107
113
119
120
121
125
126
131
132
139
140
153
155
171
174
175
176
177
180
181
182
189
190
193
194
198
199
206
212
213
215
216
225
230
231
236
237
238
241
242
243
244
253
254
279
280
285
286
287
288
289
290
293
294
297
298
299
300
301
304
305
306
307
308
309
324
325
333
334
342
343
366
367
380
381
386
387
388
389
408
409
419
420
439
464
465
474
475
478
479
481
487
502
503
504
505
510
511
512
513
514
515
516
517
518
522
523
526
527
530
531
534
535
538
539
540
541
544
545
562
571
574
575
583
585
586
587
588
591
592
597
598
599
602
615
621
622
624
642
643
655
656
658
661
664
669
680
685
689
690
691
692
697
698
703
704
705
706
707
708
732
733
735
736
741
742
743
744
745
746
748
749
752
753
756
757
758
761
762
775
776
783
784
785
817
818
819
820
821
822
823
848
849
891
892
893
900
909
910
911
912
913
914
923
924
925
926
931
932
933
934
935
936
953
954
969
970
973
975
986
987
990
991
1000
1001
1006
1007
1020
1021
1024
1025
1034
1035
1036
1037
1038
1043
1044
1045
1046
1047
1048
1049
1050
1054
1055
1058
1059
1060
1063
1068
1069
1076
1077
1078
1079
1132
1138
1139
1144
1145
1146
1147
1156
1157
1160
1161
1164
1165
1166
1167
1176
1177
1178
1179
1180
1181
1202
1203
1204
1205
1212
1213
1214
1215
1216
1224
1225
1226
1227
1256
1257
1259
1266
1269
1270
1271
1272
1273
1274
1291
1292
1293
1294
1295
1296
1299
1300
1312
1313
1316
1317
1318
1319
1328
1344
1345
1352
1353
1358
1359
1370
1371
1377
1383
1384
1389
1390
1398
1399
1400
1401
1402
1403
1408
1409
1412
1413
1416
1417
1440
1441
1456
1457
1472
1473
1478
1479
1488
1500
1504
1505
1510
1511
1512
1513
1516
1517
1522
1523
1530
1531
1532
1533
1556
1557
1560
1561
1564
1565
1580
1581
1582
1590
1591
1598
1599
1602
1603
1613
1614
1620
1621
1624
1625
1634
1635
1636
1637
1663
1664
1665
1666
1667
1668
1675
1676
1681
1682
1685
1686
1703
1704
1737
1738
1744
1745
1746
1747
1758
1760
1761
1768
1769
1770
1771
1772
1773
1776
1777
1782
1783
1790
1791
1792
1793
1822
1823
1826
1827
1840
1841
1842
1843
1844
1845
1846
1853
1854
1855
1856
1907
1908
1909
1910
1929
1930
1931
1932
1935
1936
1937
1938
1941
1942
1943
1944
1955
1956
1957
1958
1962
1963
1968
1969
1996
1997
2002
2003
2014
2015
2016
2017
2018
2019
2020
2021
2028
2029
2055
2064
2065
2068
2069
2072
2073
2074
2075
2076
2077
2086
2087
2088
2089
2090
2091
2095
2107
2108
2109
2110
2111
2112
2113
2117
2118
2119
2123
2124
2125
2126
2156
2157
2161
2184
2185
2197
2198
2199
2200
2217
2224
2225
2228
2229
2230
2231
2232
2233
2234
2235
2236
2237
2238
2239
2240
2241
2246
2247
2250
2251
2254
2255
2270
2271
2286
2287
2336
2337
2338
2339
2346
2347
2348
2349
2355
2367
2368
2369
2370
2376
2377
2384
2385
2390
2391
2392
2395
2396
2397
2398
2399
2400
2401
2402
2405
2406
2407
2408
2411
2412
2417
2418
2420
2421
2422
2423
2424
2425
2426
2429
2430
2433
2434
2447
2463
2464
2471
2472
2473
2474
2475
2477
2483
2486
2488
2492
2500
2501
2505
2513
2514
2515
2516
2517
2518
2526
2527
2528
2529
2530
2531
2547
2548
2559
2560
2565
2566
2569
2570
2571
2572
2575
2576
2583
2584
2585
2586
2603
2604
2613
2614
2615
2616
2617
2618
2625
2626
2641
2642
2649
2650
2656
2657
2658
2664
2665
2708
2709
2710
2711
2712
2713
2714
2715
2722
2723
2730
2731
2746
2751
2752
2757
2758
2759
2760
2773
2774
2775
2776
2777
2778
2791
2792
2818
2819
2820
2821
2822
2823
2828
2829
2830
2831
2832
2833
2834
2835
2836
2837
2852
2853
2854
2855
2856
2857
2867
2868
2883
2884
2887
2888
2891
2892
2895
2896
2897
2914
2915
2924
2925
2926
2927
2928
2929
2934
2935
2936
2937
2946
2947
2958
2990
2991
2992
2993
3002
3003
3018
3019
3020
3021
3022
3023
3034
3035
3036
3037
3045
3046
3047
3048
3055
3057
3058
3071
3072
3078
3079
3080
3081
3084
3085
3086
3087
3092
3093
3123
3124
3143
3144
3163
3164
3165
3166
3173
3174
3180
3181
3182
3183
3200
3201
3208
3209
3212
3213
3226
3227
3228
3234
3235
3241
3258
3259
3279
3280
3285
3286
3301
3302
3309
3310
3313
3314
3343
3344
3351
3352
3359
3360
3367
3368
3371
3372
3387
3388
3395
3396
3405
3412
3413
3414
3415
3416
3417
3418
3419
3424
3426
3428
3429
3445
3446
3453
3454
3465
3466
3467
3468
3469
3470
3471
3472
3473
3474
3483
3484
3491
3492
3495
3496
3497
3498
3501
3502
3503
3512
3513
3522
3523
3526
3527
3544
3545
3546
3547
3554
3555
3556
3557
3562
3563
3564
3565
3570
3571
3576
3577
3588
3589
3594
3595
3597
3598
3601
3602
3603
3604
3605
3606
3616
3621
3622
3623
3624
3625
3626
3631
3632
3647
3648
3655
3656
3673
3674
3679
3680
3681
3682
3685
3686
3692
3693
3698
3699
3704
3705
3708
3709
3714
3715
3716
3717
3720
3721
3724
3725
3730
3731
3734
3735
3746
3747
3750
3751
3757
3758
3771
3772
3773
3787
3804
3805
3806
3807
3826
3827
3830
3831
3834
3835
3840
3841
3846
3847
3855
3856
3857
3858
3871
3872
3885
3886
3887
3888
3889
3890
3906
3907
3908
3909
3910
3911
3912
3913
3918
3919
3926
3927
3928
3929
3932
3933
3942
3943
3950
3951
3952
3953
3954
3955
3962
3963
3982
3983
3984
3985
3986
3987
3998
3999
4002
4003
4004
4005
4008
4009
4022
4023
4024
4025
4026
4027
4036
4037
4040
4041
4044
4045
4046
4047
4060
4061
4074
4075
4088
4089
4094
4095
4096
4097
4103
4104
4111
4112
4117
4118
4119
4120
4121
4122
4123
4124
4125
4126
4127
4128
4133
4134
4135
4136
4147
4148
4149
4150
4161
4162
4171
4172
4173
4174
4175
4182
4183
4184
4185
4186
4187
4203
4204
4219
4220
4221
4222
4247
4248
4249
4250
4251
4252
4259
4264
4265
4266
4267
4268
4269
4275
4276
4277
4278
4289
4290
4310
4311
4332
4339
4340
4361
4362
4383
4384
4391
4392
4397
4398
4437
4438
4447
4448
4449
4450
4458
4459
4460
4461
4472
4473
4474
4475
4486
4487
4494
4495
4500
4501
4502
4513
4518
4519
4526
4527
4543
4544
4552
4553
4564
4565
4566
4567
4568
4569
4572
4573
4574
4575
4582
4583
4588
4589
4590
4591
4592
4593
4600
4601
4604
4605
4608
4609
4612
4613
4620
4621
4625
4626
4627
4628
4657
4658
4665
4674
4675
4728
4729
4736
4737
4738
4739
4752
4753
4761
4762
4763
4764
4778
4779
4808
4809
4830
4831
4832
4833
4834
4835
4838
4839
4844
4845
4854
4855
4856
4857
4858
4859
4860
4861
4879
4880
4887
4888
4889
4890
4892
4893
4901
4902
4905
4906
4907
4908
4970
4971
4976
4977
4978
4979
5001
5002
5003
5004
5019
5020
5021
5022
5023
5024
5025
5026
5027
5028
5039
5040
5045
5046
5057
5058
5061
5062
5069
5070
5083
5084
5091
5092
5093
5094
5095
5096
5116
5117
5118
5119
5128
5130
5131
5136
5137
5142
5143
5146
5147
5148
5149
5157
5162
5163
5170
5171
5184
5185
5188
5199
5200
5209
5210
5211
5220
5221
5224
5225
5226
5227
5228
5229
5232
5233
5234
5235
5243
5260
5261
5262
5263
5272
5273
5274
5275
5276
5277
5298
5299
5300
5301
5318
5319
5324
5325
5329
5330
5335
5336
5343
5344
5357
5358
5359
5360
5363
5364
5367
5368
5381
5382
5383
5384
5387
5388
5391
5392
5393
5394
5395
5396
5401
5402
5418
5419
5420
5421
5454
5455
5460
5461
5466
5467
5472
5473
5484
5485
5486
5487
5493
5500
5501
5502
5503
5506
5507
5508
5509
5518
5519
5520
5521
5529
5530
5537
5538
5547
5548
5559
5560
5561
5562
5567
5568
5581
5582
5583
5584
5585
5586
5587
5588
5589
5590
5591
5592
5601
5602
5603
5604
5631
5632
5635
5643
5644
5647
5648
5659
5660
5668
5669
5670
5671
5681
5682
5683
5684
5717
5718
5727
5728
5729
5730
5737
5738
5755
5756
5779
5780
5781
5782
5783
5784
5785
5786
5787
5788
5791
5792
5797
5798
5803
5804
5823
5824
5825
5826
5827
5828
5845
5846
5847
5848
5849
5858
5859
5874
5875
5878
5879
5886
5887
5888
5889
5890
5891
5898
5899
5902
5903
5914
5915
5918
5919
5924
5925
5940
5941
5945
5946
5947
5958
5959
5960
5961
5968
5969
5970
5971
5972
5973
5989
5990
5991
5992
5993
5994
5997
5998
6001
6002
6003
6004
6006
6007
6008
6023
6024
6027
6028
6047
6048
6053
6054
6063
6064
6077
6078
6097
6098
6117
6118
6131
6132
6133
6134
6151
6152
6161
6162
6163
6164
6165
6166
6191
6192
6213
6214
6217
6218
6219
6220
6221
6222
6240
6241
6242
6243
6244
6245
6256
6257
6258
6259
6264
6265
6266
6267
6268
6269
6272
6273
6274
6275
6276
6277
6278
6279
6288
6289
6322
6323
6376
6377
6378
6379
6402
6403
6422
6423
6433
6434
6435
6436
6437
6438
6439
6440
6441
6442
6447
6448
6449
6450
6451
6452
6467
6468
6469
6470
6471
6472
6477
6478
6481
6482
6483
6484
6487
6488
6495
6496
6511
6512
6516
6517
6518
6519
6522
6523
6524
6525
6539
6544
6545
6546
6547
6569
6570
6588
6589
6592
6593
6596
6597
6604
6605
6610
6611
6612
6613
6618
6619
6638
6639
6640
6641
6658
6659
6666
6667
6680
6681
6682
6683
6685
6686
6687
6688
6704
6705
6710
6711
6712
6713
6720
6721
6722
6723
6740
6741
6744
6745
6756
6757
6770
6771
6776
6777
6778
6779
6786
6787
6790
6791
6792
6793
6796
6797
6804
6805
6808
6809
6812
6813
6818
6819
6820
6821
6822
6823
6826
6827
6834
6835
6836
6837
6862
6863
6864
6865
6920
6921
6922
6923
6924
6925
6932
6933
6946
6947
6948
6949
6950
6951
6954
6955
6956
6957
6958
6959
6960
6961
6966
6967
6978
6979
6980
6981
6982
6983
6996
6997
6998
6999
7006
7007
7010
7011
7012
7013
7014
7018
7019
7033
7034
7055
7056
7057
7058
7073
7074
7075
7076
7077
7078
7079
7080
7081
7082
7085
7088
7095
7096
7099
7100
7117
7118
7119
7120
7121
7122
7123
7124
7127
7128
7137
7138
7141
7142
7161
7162
7169
7170
7179
7180
7193
7194
7201
7202
7203
7204
7205
7206
7207
7208
7209
7210
7211
7212
7219
7220
7227
7228
7247
7248
7249
7250
7251
7252
7259
7260
7261
7262
7263
7264
7303
7304
7311
7312
7321
7322
7323
7324
7329
7330
7337
7338
7347
7348
7353
7354
7355
7356
7357
7358
7365
7366
7385
7387
7388
7389
7390
7399
7400
7407
7408
7409
7410
7417
7418
7433
7434
7435
7436
7445
7446
7457
7458
7463
7464
7485
7486
7507
7508
7515
7516
7519
7520
7531
7532
7535
7536
7549
7550
7575
7576
7601
7602
7603
7604
7605
7606
7615
7616
7629
7630
7641
7642
7643
7644
7661
7662
7667
7668
7673
7674
7679
7680
7695
7696
7703
7704
7713
7714
7715
7716
7737
7738
7741
7742
7745
7746
7749
7750
7759
7760
7773
7774
7779
7780
7781
7782
7783
7784
7832
7833
7838
7839
7840
7841
7842
7843
7860
7861
7862
7863
7866
7872
7873
7874
7875
7876
7877
7878
7879
7888
7889
7890
7891
7893
7896
7897
7906
7907
7910
7911
7912
7913
7914
7915
7916
7917
7924
7925
7926
7927
7934
7935
7938
7939
7948
7949
7950
7951
7958
7959
7960
7961
7974
7975
7978
7979
7990
7991
8004
8005
8016
8017
8020
8021
8024
8025
8029
8030
8031
8032
8033
8034
8039
8040
8043
8044
8045
8046
8047
8048
8061
8062
8065
8066
8071
8072
8081
8082
8083
8084
8087
8088
8089
8090
8099
8100
8101
8102
8111
8112
8135
8136
8139
8140
8141
8142
8145
8146
8149
8150
8151
8152
8161
8162
8171
8172
8173
8174
8175
8176
8177
8178
8179
8180
8181
8182
8183
8184
8203
8204
8219
8220
8227
8228
8231
8232
8233
8234
8251
8252
8253
8254
8271
8272
8275
8276
8281
8282
8283
8284
8285
8286
8287
8291
8292
8293
8294
8309
8310
8311
8312
8321
8322
8337
8338
8347
8348
8349
8350
8361
8362
8367
8368
8373
8374
8377
8378
8383
8384
8403
8404
8427
8428
8431
8432
8435
8436
8439
8440
8449
8450
8455
8456
8467
8468
8475
8476
8477
8478
8479
8480
8481
8482
8485
8486
8491
8492
8499
8500
8503
8504
8505
8506
8512
8517
8518
8519
8520
8521
8522
8523
8524
8541
8542
8545
8546
8551
8552
8555
8556
8557
8558
8569
8570
8571
8572
8581
8582
8587
8588
8589
8590
8591
8592
8605
8606
8607
8608
8617
8618
8633
8634
8651
8652
8663
8664
8697
8698
8699
8700
8703
8704
8709
8710
8729
8730
8731
8732
8735
8736
8737
8738
8783
8784
8787
8788
8789
8790
8791
8792
8793
8804
8805
8808
8809
8810
8811
8820
8821
8822
8823
8824
8825
8834
8835
8840
8841
8842
8843
8844
8845
8848
8850
8851
8852
8853
8858
8859
8860
8861
8862
8863
8864
8865
8866
8867
8868
8869
8878
8879
8880
8881
8882
8883
8892
8893
8894
8895
8906
8907
8918
8919
8926
8927
8928
8929
8930
8931
8950
8951
8978
8979
8982
8983
8986
8987
8988
8989
8996
8997
8998
8999
9005
9026
9027
9028
9029
9034
9035
9036
9037
9048
9049
9054
9055
9058
9059
9068
9069
9084
9085
9087
9090
9091
9092
9093
9106
9107
9108
9109
9122
9123
9132
9133
9134
9135
9136
9137
9142
9143
9144
9145
9146
9147
9159
9160
9163
9164
9165
9166
9167
9168
9175
9176
9177
9178
9184
9234
9235
9258
9259
9262
9263
9264
9265
9295
9296
9303
9304
9309
9310
9324
9325
9326
9327
9334
9335
9346
9347
9362
9363
9368
9369
9392
9393
9394
9395
9406
9407
9412
9413
9414
9415
9424
9425
9436
9437
9438
9439
9440
9441
9458
9459
9468
9469
9470
9471
9472
9473
9482
9483
9484
9485
9486
9487
9488
9489
9490
9491
9492
9493
9501
9508
9509
9510
9511
9518
9519
9520
9521
9522
9523
9530
9531
9540
9541
9546
9547
9550
9551
9568
9569
9576
9577
9578
9579
9592
9597
9598
9603
9604
9605
9606
9623
9624
9629
9630
9635
9636
9637
9638
9639
9640
9649
9650
9690
9691
9694
9695
9709
9710
9711
9714
9715
9730
9731
9734
9735
9744
9745
9748
9749
9764
9765
9770
9771
9774
9775
9786
9787
9788
9789
9792
9793
9806
9807
9808
9809
9810
9811
9814
9815
9817
9818
9819
9820
9821
9822
9823
9824
9825
9826
9827
9828
9829
9830
9831
9832
9833
9836
9837
9840
9841
9842
9843
9844
9845
9846
9847
9856
9857
9864
9865
9866
9867
9870
9871
9880
9881
9882
9883
9884
9885
9886
9887
9888
9889
9890
9891
9892
9893
9894
9895
9902
9903
9918
9919
9920
9921
9922
9923
9924
9925
9936
9937
9940
9941
9942
9943
9952
9953
9960
9961
9974
9975
9976
9977
9978
9979
9990
9991
10000
10001
10004
10005
10014
10015
10020
10021
10024
10025
10026
10027
10028
10029
10032
10033
10034
10035
10040
10041
10050
10051
10056
10057
10062
10063
10076
10077
10080
10081
10114
10115
10136
10137
10138
10139
10150
10151
10152
10153
10156
10157
10158
10159
10160
10161
10164
10165
10172
10173
10182
10183
10204
10205
10216
10217
10224
10225
10232
10233
10240
10241
10244
10245
10248
10249
10250
10251
10252
10253
10262
10263
10272
10273
10276
10277
10280
10281
10286
10287
10290
10291
10294
10295
10296
10297
10320
10321
10322
10323
10324
10325
10358
10359
10364
10365
10366
10367
10379
10380
10390
10391
10392
10393
10394
10395
10398
10399
10416
10417
10418
10419
10424
10425
10426
10427
10428
10429
10430
10431
10456
10457
10482
10483
10486
10487
10488
10489
10494
10495
10496
10497
10498
10499
10500
10501
10510
10511
10520
10521
10522
10523
10526
10527
10542
10543
10552
10553
10554
10555
10558
10559
10572
10573
10576
10577
10594
10595
10616
10617
10624
10625
10650
10651
10672
10673
10688
10689
10702
10703
10704
10705
10716
10717
10726
10727
10730
10731
10732
10733
10738
10739
10746
10747
10754
10755
10758
10759
10760
10761
10770
10780
10781
10810
10811
10816
10817
10818
10819
10822
10823
10842
10843
10844
10845
10848
10849
10874
10875
10890
10891
10894
10895
10906
10907
10908
10909
10912
10914
10915
10922
10923
10928
10929
10932
10933
10940
10941
10942
10943
10964
10965
10968
10969
10976
10977
10978
10992
10993
11010
11011
11058
11059
11072
11073
11098
11099
11126
11127
11130
11131
11136
11137
11140
11141
11142
11143
11150
11151
11153
11154
11155
11156
11157
11158
11159
11162
11163
11164
11165
11178
11179
11240
11241
11242
11243
11260
11261
11288
11289
11290
11291
11292
11293
11300
11301
11302
11303
11310
11311
11314
11315
11322
11323
11324
11325
11350
11351
11356
11357
11358
11359
11360
11361
11364
11365
11378
11379
11394
11395
11400
11401
11402
11403
11404
11405
11414
11415
11432
11433
11438
11439
11450
11451
11466
11467
11472
11473
11482
11483
11512
11513
11520
11521
11522
11523
11536
11552
11553
11556
11558
11559
11560
11561
11574
11575
11576
11577
11578
11579
11580
11581
11594
11595
11596
11597
11598
11599
11600
11601
11604
11605
11614
11615
11622
11623
11624
11625
11626
11627
11636
11637
11646
11647
11648
11649
11650
11651
11658
11659
11668
11669
11678
11679
11682
11683
11688
11689
11690
11691
11694
11695
11696
11697
11698
11699
11706
11707
11736
11737
11754
11755
11760
11761
11766
11767
11770
11771
11774
11775
11784
11785
11786
11796
11797
11798
11799
11800
11801
11806
11807
11810
11811
11812
11813
11822
11823
11824
11825
11826
11827
11830
11831
11832
11833
11842
11843
11850
11851
11852
11853
11866
11867
11868
11869
11870
11871
11882
11883
11884
11885
11886
11887
11918
11919
11936
11937
11938
11939
11940
11941
11942
11943
11960
11961
11964
11965
11970
11971
11976
11977
11982
11983
11984
11985
11986
11987
11988
11989
11998
11999
12000
12001
12012
12013
12044
12045
12060
12061
12106
12107
12108
12109
12110
12111
12124
12125
12134
12135
12148
12149
12150
12151
12162
12163
12170
12171
12176
12177
12178
12179
12180
12181
12188
12189
12194
12195
12196
12197
12200
12201
12206
12207
12220
12221
12228
12229
12236
12237
12240
12241
12250
12251
12254
12255
12264
12265
12270
12271
12272
12273
12274
12275
12276
12277
12316
12317
12324
12325
12336
12337
12342
12343
12344
12345
12346
12347
12354
12355
12364
12365
12370
12371
12376
12382
12383
12390
12391
12394
12395
12396
12397
12400
12401
12402
12403
12406
12407
12408
12409
12410
12411
12464
12465
12466
12467
12468
12469
12480
12481
12484
12485
12494
12495
12496
12497
12498
12499
12506
12507
12518
12519
12520
12521
12522
12523
12530
12531
12532
12533
12546
12547
12552
12553
12558
12559
12584
12585
12588
12589
12590
12591
12594
12595
12596
12597
12624
12625
12626
12627
12640
12641
12644
12645
12648
12649
12656
12657
12658
12659
12664
12665
12668
12669
12682
12683
12684
12685
12688
12689
12708
12709
12734
12735
12758
12790
12791
12798
12799
12800
12801
12802
12803
12812
12813
12820
12821
12822
12823
12832
12833
12838
12839
12850
12851
12872
12873
12880
12881
12882
12883
12900
12901
12904
12905
12908
12909
12911
12916
12917
12918
12919
12930
12931
12940
12941
12942
12943
12944
12945
12954
12955
12966
12967
12970
12971
12982
12983
12992
12993
12998
12999
13006
13007
13020
13021
13022
13023
13024
13025
13028
13029
13038
13039
13054
13055
13056
13057
13058
13059
13080
13081
13090
13091
13104
13106
13107
13108
13109
13126
13127
13134
13135
13138
13139
13142
13143
13150
13151
13160
13161
13162
13163
13166
13167
13174
13175
13202
13203
13240
13241
13242
13243
13246
13247
13248
13249
13250
13251
13254
13255
13256
13257
13258
13259
13286
13287
13292
13293
13294
13295
13296
13297
13298
13299
13304
13305
13326
13327
13328
13329
13336
13337
13338
13339
13340
13341
13354
13355
13356
13357
13364
13365
13372
13373
13378
13379
13392
13393
13398
13399
13400
13401
13406
13407
13408
13409
13410
13411
13412
13413
13414
13415
13416
13417
13420
13421
13434
13435
13438
13439
13440
13441
13462
13463
13470
13471
13476
13477
13486
13487
13500
13501
13502
13503
13514
13515
13520
13521
13532
13533
13540
13541
13544
13545
13548
13549
13558
13559
13560
13561
13562
13563
13568
13569
13574
13575
13576
13577
13578
13579
13604
13605
13616
13617
13618
13619
13620
13621
13624
13625
13632
13656
13657
13664
13665
13666
13667
13668
13669
13670
13671
13678
13679
13680
13681
13682
13683
13694
13695
13706
13707
13720
13721
13738
13739
13748
13749
13752
13764
13765
13772
13773
13790
13791
13798
13799
13800
13801
13802
13803
13808
13809
13814
13815
13816
13817
13818
13819
13820
13821
13822
13823
13826
13827
13828
13829
13860
13861
