4
8
17
18
19
21
22
23
25
27
28
29
31
33
34
35
36
37
38
48
89
91
95
96
99
101
103
110
116
117
122
123
133
134
137
138
142
145
146
149
150
154
156
157
160
172
186
201
204
205
208
220
222
223
224
239
240
245
246
251
252
254
262
263
266
267
268
281
282
283
284
310
311
318
319
329
330
331
332
344
345
348
349
350
351
352
353
354
355
356
357
358
359
362
363
380
390
391
392
393
398
399
406
407
410
411
414
415
416
417
418
421
422
423
424
429
430
433
434
439
440
443
444
447
456
457
458
459
472
473
488
491
492
498
499
528
529
536
537
550
551
558
559
560
561
567
568
572
573
584
610
611
616
617
618
619
623
625
626
629
640
641
645
646
647
648
651
652
653
654
656
657
670
681
685
686
687
688
701
702
721
726
727
734
739
740
747
754
755
759
760
763
764
777
778
781
782
786
787
790
791
792
793
794
795
796
809
810
811
812
813
814
815
816
832
833
840
841
852
853
854
855
858
859
860
861
862
863
864
865
878
879
887
888
889
890
901
902
927
928
929
930
937
938
955
956
963
964
971
972
973
974
978
979
982
983
984
985
989
996
997
1002
1003
1010
1011
1012
1013
1016
1017
1056
1057
1064
1065
1068
1072
1073
1074
1075
1084
1085
1086
1090
1091
1098
1099
1100
1101
1102
1103
1107
1108
1111
1112
1115
1116
1125
1126
1127
1128
1133
1140
1141
1150
1151
1154
1155
1174
1175
1182
1183
1188
1189
1192
1193
1197
1198
1217
1222
1223
1230
1231
1236
1237
1238
1239
1240
1241
1242
1253
1254
1255
1258
1264
1265
1267
1268
1287
1288
1289
1290
1303
1304
1305
1306
1307
1308
1314
1315
1326
1327
1329
1330
1333
1334
1341
1342
1347
1350
1351
1360
1361
1376
1382
1391
1392
1393
1394
1395
1438
1439
1444
1445
1446
1447
1452
1453
1458
1459
1464
1465
1466
1467
1468
1469
1470
1471
1480
1481
1486
1487
1501
1502
1503
1508
1509
1510
1524
1525
1526
1527
1543
1544
1558
1562
1563
1564
1565
1566
1567
1576
1577
1578
1579
1592
1593
1596
1597
1609
1610
1611
1612
1619
1622
1623
1628
1629
1630
1631
1638
1639
1644
1645
1649
1650
1651
1652
1657
1658
1676
1679
1680
1683
1684
1691
1692
1693
1694
1695
1696
1697
1698
1707
1708
1709
1710
1723
1724
1725
1726
1731
1732
1742
1743
1748
1749
1762
1763
1778
1779
1780
1781
1788
1789
1806
1807
1816
1817
1828
1834
1835
1836
1837
1854
1867
1868
1873
1874
1889
1890
1899
1900
1901
1902
1913
1914
1915
1916
1925
1926
1936
1939
1940
1964
1965
1966
1967
1969
1970
1971
1976
1983
1984
1991
1992
1993
1994
1998
1999
2001
2002
2003
2010
2011
2012
2013
2024
2025
2026
2027
2030
2031
2038
2039
2042
2043
2049
2050
2062
2063
2066
2067
2084
2085
2094
2095
2096
2097
2103
2104
2105
2106
2114
2115
2116
2117
2149
2150
2151
2168
2169
2170
2171
2172
2177
2178
2196
2209
2210
2211
2212
2213
2214
2226
2227
2248
2249
2262
2263
2268
2269
2274
2275
2290
2291
2292
2293
2300
2301
2302
2303
2322
2323
2324
2325
2326
2327
2332
2333
2334
2335
2340
2341
2342
2343
2354
2355
2356
2365
2366
2371
2372
2373
2380
2381
2386
2387
2388
2389
2413
2414
2435
2436
2441
2442
2443
2444
2445
2446
2448
2449
2462
2469
2470
2475
2476
2477
2478
2479
2480
2481
2482
2484
2485
2487
2490
2493
2494
2502
2506
2507
2519
2532
2538
2539
2540
2544
2545
2546
2557
2558
2589
2590
2593
2594
2601
2602
2619
2620
2621
2622
2623
2624
2637
2638
2651
2652
2653
2666
2667
2670
2671
2672
2673
2674
2675
2688
2689
2690
2691
2696
2697
2702
2703
2704
2705
2706
2707
2716
2717
2718
2719
2720
2721
2724
2725
2734
2735
2740
2741
2742
2743
2747
2748
2753
2754
2755
2756
2781
2782
2789
2790
2804
2805
2808
2809
2810
2811
2816
2817
2818
2824
2825
2840
2841
2848
2849
2858
2859
2860
2861
2870
2881
2882
2893
2894
2910
2911
2920
2921
2922
2923
2930
2931
2938
2939
2950
2951
2966
2967
2968
2969
2970
2971
2972
2973
2976
2977
2978
2979
2980
2981
2988
2989
2994
2995
2996
2997
3000
3001
3010
3011
3024
3025
3039
3040
3049
3050
3063
3064
3069
3070
3073
3100
3101
3104
3105
3106
3107
3114
3129
3130
3133
3134
3135
3136
3137
3138
3139
3140
3145
3146
3147
3148
3155
3156
3157
3158
3159
3160
3161
3162
3166
3167
3168
3171
3172
3184
3185
3188
3189
3206
3207
3214
3215
3222
3223
3238
3239
3240
3260
3261
3262
3263
3264
3265
3289
3290
3303
3304
3305
3306
3317
3318
3327
3328
3329
3330
3335
3336
3337
3338
3339
3340
3341
3342
3347
3348
3349
3350
3353
3354
3355
3356
3361
3362
3369
3370
3373
3374
3375
3376
3383
3384
3393
3394
3399
3400
3403
3404
3416
3417
3420
3421
3425
3426
3427
3432
3433
3443
3444
3447
3448
3459
3460
3461
3462
3477
3478
3499
3500
3504
3505
3506
3507
3520
3521
3528
3529
3566
3567
3568
3569
3570
3571
3584
3585
3599
3600
3617
3618
3649
3650
3659
3660
3663
3664
3673
3674
3683
3684
3685
3686
3687
3702
3703
3710
3711
3716
3722
3723
3742
3743
3744
3748
3752
3779
3780
3781
3782
3783
3785
3786
3787
3788
3792
3793
3810
3811
3814
3815
3818
3832
3833
3861
3862
3865
3866
3867
3868
3873
3874
3875
3876
3877
3878
3879
3880
3881
3882
3891
3892
3896
3897
3898
3899
3902
3903
3904
3905
3936
3937
3938
3939
3958
3959
3960
3961
3968
3969
3974
3975
3978
3979
3996
3997
4006
4007
4010
4011
4017
4018
4028
4029
4030
4031
4042
4043
4054
4055
4056
4062
4063
4064
4065
4066
4067
4070
4071
4072
4073
4139
4140
4141
4142
4143
4144
4145
4146
4151
4152
4153
4154
4155
4156
4157
4158
4165
4166
4167
4168
4176
4177
4197
4198
4199
4200
4201
4202
4205
4206
4209
4210
4223
4224
4231
4232
4241
4242
4273
4274
4291
4294
4295
4300
4301
4302
4303
4304
4305
4306
4307
4308
4309
4333
4334
4343
4344
4345
4346
4347
4348
4357
4358
4359
4360
4361
4362
4367
4368
4369
4370
4371
4372
4373
4374
4375
4376
4377
4378
4379
4380
4381
4382
4403
4404
4405
4406
4407
4408
4423
4424
4429
4430
4431
4432
4433
4434
4443
4444
4464
4465
4470
4471
4488
4489
4503
4504
4505
4506
4507
4508
4509
4510
4511
4512
4513
4516
4517
4520
4521
4522
4523
4546
4547
4548
4549
4554
4555
4578
4579
4580
4581
4582
4583
4596
4597
4602
4603
4614
4615
4618
4619
4622
4623
4624
4629
4630
4631
4632
4633
4634
4635
4636
4647
4648
4649
4650
4651
4652
4653
4654
4655
4656
4659
4660
4663
4664
4672
4673
4686
4687
4688
4689
4690
4691
4692
4693
4698
4699
4704
4705
4706
4707
4730
4731
4742
4743
4750
4751
4754
4755
4756
4757
4758
4776
4777
4780
4781
4782
4783
4790
4791
4792
4793
4794
4795
4796
4797
4804
4805
4806
4807
4814
4815
4816
4817
4818
4819
4826
4827
4836
4837
4842
4843
4848
4849
4891
4899
4900
4931
4932
4939
4940
4942
4943
4952
4953
4966
4967
4968
4969
4972
4973
4988
4989
4996
5007
5008
5017
5018
5033
5034
5041
5042
5051
5052
5065
5066
5071
5072
5073
5074
5085
5086
5087
5088
5089
5090
5101
5102
5103
5104
5109
5112
5113
5124
5125
5126
5127
5128
5129
5138
5139
5140
5141
5152
5153
5156
5157
5164
5165
5166
5167
5168
5169
5172
5173
5180
5181
5182
5183
5201
5202
5230
5231
5244
5245
5250
5251
5252
5253
5266
5267
5270
5271
5278
5279
5288
5289
5302
5303
5306
5307
5316
5317
5320
5321
5333
5334
5337
5338
5339
5340
5345
5346
5355
5356
5361
5362
5365
5366
5369
5370
5371
5372
5373
5374
5377
5378
5397
5398
5407
5408
5409
5410
5411
5412
5413
5414
5415
5416
5417
5420
5421
5424
5425
5430
5431
5432
5433
5439
5440
5441
5442
5443
5444
5464
5465
5474
5475
5480
5481
5494
5495
5514
5515
5520
5524
5525
5526
5543
5544
5545
5546
5555
5556
5573
5574
5577
5578
5593
5594
5597
5598
5599
5600
5601
5605
5606
5631
5632
5635
5636
5676
5677
5678
5689
5690
5691
5692
5703
5704
5719
5720
5731
5732
5741
5742
5743
5744
5745
5746
5753
5754
5763
5764
5765
5766
5767
5768
5773
5774
5775
5776
5809
5810
5831
5832
5833
5834
5835
5836
5837
5838
5843
5844
5850
5851
5852
5853
5860
5861
5870
5871
5906
5907
5910
5911
5920
5921
5926
5927
5932
5933
5944
5945
5948
5949
5954
5955
5956
5957
5974
5975
5976
5977
5978
5979
5982
5983
5984
5987
5988
5995
5999
6000
6005
6006
6007
6013
6014
6017
6018
6029
6030
6041
6042
6065
6066
6071
6072
6081
6082
6105
6106
6107
6108
6109
6110
6129
6130
6143
6144
6147
6148
6149
6150
6167
6168
6173
6174
6188
6197
6198
6215
6216
6231
6232
6233
6234
6235
6248
6249
6250
6251
6254
6255
6270
6271
6282
6283
6284
6285
6286
6287
6296
6297
6302
6303
6310
6311
6314
6315
6328
6329
6334
6335
6336
6337
6338
6339
6340
6341
6356
6357
6358
6359
6360
6361
6362
6363
6392
6393
6396
6397
6398
6399
6400
6401
6412
6413
6414
6415
6416
6417
6418
6419
6425
6426
6427
6428
6443
6444
6445
6446
6455
6456
6463
6464
6473
6474
6475
6476
6481
6497
6498
6507
6508
6513
6514
6515
6520
6521
6528
6529
6534
6535
6538
6539
6550
6551
6555
6556
6573
6574
6575
6576
6577
6578
6579
6580
6581
6582
6594
6595
6600
6601
6614
6615
6616
6617
6630
6631
6636
6637
6642
6643
6645
6647
6684
6685
6688
6689
6690
6691
6692
6693
6698
6699
6700
6701
6706
6707
6708
6709
6716
6717
6726
6727
6728
6729
6732
6733
6738
6739
6746
6747
6748
6749
6750
6751
6752
6753
6754
6755
6782
6783
6788
6789
6810
6811
6814
6815
6818
6819
6820
6821
6828
6829
6838
6839
6840
6841
6848
6849
6850
6851
6856
6857
6858
6859
6860
6861
6866
6867
6886
6887
6888
6889
6894
6895
6896
6897
6900
6901
6938
6939
6940
6941
6944
6945
6964
6965
6972
6973
6974
6975
6976
6977
6984
6985
6992
6993
6994
6995
7020
7021
7022
7023
7024
7025
7028
7049
7050
7055
7056
7061
7062
7063
7064
7065
7066
7067
7068
7069
7070
7097
7098
7101
7102
7103
7104
7105
7106
7123
7135
7136
7140
7153
7154
7163
7164
7165
7166
7171
7172
7177
7178
7185
7186
7187
7188
7213
7214
7233
7234
7265
7266
7275
7276
7277
7278
7279
7280
7281
7282
7283
7284
7289
7290
7291
7292
7293
7294
7295
7296
7305
7306
7315
7316
7317
7318
7331
7332
7343
7344
7349
7350
7351
7352
7361
7362
7367
7368
7377
7378
7381
7382
7389
7390
7393
7394
7395
7396
7397
7398
7427
7428
7429
7430
7431
7432
7441
7442
7447
7448
7461
7462
7467
7468
7469
7470
7473
7474
7475
7476
7477
7478
7479
7480
7481
7482
7483
7484
7489
7490
7491
7492
7493
7494
7497
7498
7499
7500
7517
7518
7519
7520
7521
7522
7545
7546
7551
7552
7583
7584
7585
7586
7587
7588
7589
7590
7597
7598
7599
7600
7613
7614
7617
7618
7619
7620
7621
7622
7623
7624
7625
7626
7631
7632
7633
7634
7639
7640
7649
7650
7651
7652
7653
7654
7663
7664
7665
7666
7671
7672
7675
7676
7681
7682
7683
7684
7717
7718
7719
7720
7725
7726
7739
7740
7753
7754
7755
7756
7757
7758
7761
7762
7771
7772
7787
7788
7793
7794
7797
7798
7807
7808
7811
7812
7815
7816
7824
7825
7830
7831
7834
7835
7846
7847
7852
7853
7854
7855
7856
7857
7863
7866
7867
7868
7869
7880
7881
7892
7893
7894
7895
7902
7903
7908
7909
7928
7929
7930
7931
7932
7933
7940
7941
7942
7943
7944
7945
7952
7953
7954
7955
7956
7957
7962
7963
7970
7971
7976
7977
7982
7983
8006
8007
8014
8015
8018
8019
8027
8028
8053
8054
8057
8058
8059
8060
8073
8074
8103
8104
8107
8108
8109
8110
8113
8114
8117
8118
8119
8120
8143
8144
8163
8164
8169
8170
8193
8194
8195
8196
8197
8198
8207
8208
8217
8218
8235
8236
8237
8238
8249
8250
8253
8254
8261
8262
8263
8264
8269
8270
8279
8280
8285
8287
8288
8289
8290
8299
8300
8301
8302
8303
8304
8319
8320
8331
8332
8333
8334
8335
8336
8345
8346
8393
8394
8401
8402
8405
8406
8411
8412
8413
8414
8419
8420
8421
8422
8433
8434
8437
8438
8465
8466
8469
8470
8483
8484
8507
8508
8509
8510
8511
8512
8515
8516
8525
8526
8529
8530
8531
8532
8533
8534
8537
8538
8549
8550
8559
8560
8563
8564
8573
8574
8591
8592
8597
8598
8599
8600
8601
8602
8603
8604
8611
8612
8621
8622
8627
8628
8673
8674
8705
8706
8707
8708
8717
8718
8719
8720
8721
8722
8723
8724
8727
8728
8745
8746
8751
8752
8753
8754
8773
8774
8775
8776
8777
8778
8779
8780
8798
8799
8800
8801
8806
8807
8810
8814
8815
8816
8817
8818
8819
8836
8837
8838
8839
8846
8847
8848
8849
8854
8855
8856
8857
8877
8890
8891
8900
8901
8902
8903
8922
8923
8924
8925
8934
8935
8970
8971
8976
8977
8984
8985
8988
9000
9001
9002
9003
9004
9005
9006
9007
9008
9009
9022
9023
9040
9041
9050
9051
9060
9062
9063
9064
9065
9072
9073
9074
9075
9076
9077
9094
9095
9098
9099
9100
9101
9102
9103
9124
9125
9138
9139
9148
9149
9150
9153
9154
9155
9156
9169
9170
9179
9180
9181
9182
9183
9184
9185
9186
9187
9188
9189
9190
9195
9196
9197
9198
9207
9208
9220
9221
9222
9223
9224
9225
9228
9229
9230
9231
9232
9233
9287
9288
9297
9298
9299
9300
9301
9302
9312
9313
9314
9315
9316
9317
9320
9321
9322
9323
9338
9339
9340
9341
9342
9343
9344
9345
9354
9355
9360
9361
9366
9367
9378
9379
9396
9397
9398
9399
9400
9401
9402
9403
9404
9405
9416
9417
9418
9419
9426
9427
9434
9435
9452
9453
9459
9460
9461
9462
9463
9464
9465
9466
9467
9474
9475
9476
9477
9480
9481
9500
9501
9532
9533
9538
9539
9556
9557
9560
9561
9566
9567
9590
9591
9595
9596
9619
9620
9627
9628
9633
9634
9641
9642
9643
9644
9651
9652
9655
9656
9663
9664
9667
9668
9673
9674
9684
9685
9688
9689
9696
9697
9700
9701
9704
9705
9706
9707
9708
9709
9712
9713
9722
9723
9758
9759
9768
9769
9772
9773
9776
9777
9780
9781
9782
9783
9784
9785
9794
9795
9798
9799
9834
9835
9850
9851
9896
9897
9903
9912
9913
9916
9917
9926
9927
9938
9939
9946
9947
9948
9949
9958
9959
9962
9963
9966
9967
9984
9985
9986
9987
9988
9989
10008
10009
10012
10013
10022
10023
10044
10045
10048
10049
10064
10065
10068
10069
10070
10071
10074
10075
10084
10085
10086
10087
10088
10089
10090
10091
10094
10095
10100
10101
10102
10103
10108
10109
10110
10111
10112
10113
10120
10121
10126
10127
10128
10129
10140
10141
10142
10143
10144
10145
10146
10147
10148
10149
10154
10155
10162
10163
10168
10169
10176
10177
10184
10185
10186
10187
10188
10189
10208
10209
10220
10221
10222
10223
10226
10227
10278
10279
10282
10283
10288
10289
10298
10299
10300
10301
10304
10305
10340
10341
10344
10345
10346
10347
10352
10353
10360
10361
10394
10395
10422
10423
10432
10433
10438
10439
10442
10443
10444
10445
10446
10447
10450
10451
10454
10455
10460
10461
10462
10463
10464
10465
10466
10467
10468
10469
10476
10477
10490
10491
10504
10505
10516
10517
10518
10519
10522
10538
10539
10544
10545
10546
10547
10548
10549
10550
10551
10578
10579
10584
10585
10586
10587
10588
10589
10596
10597
10598
10599
10600
10601
10604
10605
10608
10609
10610
10611
10612
10613
10614
10615
10628
10629
10630
10631
10640
10641
10654
10655
10656
10657
10658
10659
10666
10667
10668
10669
10670
10671
10674
10675
10682
10683
10690
10691
10692
10693
10694
10695
10706
10707
10708
10709
10714
10715
10718
10719
10720
10721
10734
10735
10736
10737
10740
10741
10762
10763
10764
10765
10766
10767
10770
10771
10774
10775
10788
10789
10802
10803
10804
10805
10806
10807
10808
10809
10812
10813
10828
10829
10852
10853
10854
10855
10860
10861
10862
10863
10904
10905
10916
10917
10920
10921
10924
10925
10926
10927
10934
10935
10936
10937
10938
10939
10944
10945
10946
10947
10950
10951
10952
10953
10954
10955
10970
10971
10978
10979
11000
11001
11002
11003
11004
11005
11012
11013
11014
11015
11038
11039
11054
11055
11056
11057
11066
11067
11068
11069
11080
11081
11082
11083
11088
11089
11090
11091
11094
11095
11138
11139
11160
11161
11166
11167
11168
11169
11170
11171
11172
11173
11174
11175
11188
11189
11190
11191
11196
11197
11218
11219
11220
11221
11222
11223
11224
11225
11226
11227
11230
11231
11248
11249
11252
11253
11254
11255
11262
11263
11268
11269
11278
11279
11282
11283
11296
11297
11306
11307
11308
11309
11318
11319
11332
11333
11334
11335
11336
11337
11348
11349
11392
11393
11422
11423
11424
11425
11434
11435
11436
11437
11439
11444
11445
11446
11447
11448
11449
11452
11453
11462
11463
11474
11475
11476
11477
11490
11491
11508
11509
11526
11527
11536
11537
11538
11539
11546
11547
11556
11557
11584
11585
11608
11609
11618
11619
11620
11621
11628
11629
11630
11631
11640
11641
11652
11653
11658
11659
11660
11661
11662
11663
11664
11665
11676
11677
11684
11685
11686
11687
11708
11709
11710
11711
11716
11717
11722
11723
11726
11727
11748
11749
11750
11751
11786
11787
11790
11791
11802
11803
11814
11815
11818
11819
11822
11823
11828
11829
11844
11845
11848
11849
11852
11854
11855
11856
11857
11858
11859
11860
11861
11864
11865
11892
11893
11894
11895
11896
11897
11898
11899
11900
11901
11912
11913
11914
11915
11916
11917
11920
11921
11932
11933
11944
11945
11946
11947
11948
11949
11956
11957
11958
11959
11962
11963
11966
11967
11980
11981
11982
11983
11992
11993
11996
11997
12006
12007
12008
12009
12010
12011
12054
12055
12058
12059
12066
12067
12070
12071
12072
12073
12076
12077
12082
12083
12084
12085
12096
12097
12104
12105
12126
12127
12128
12129
12130
12131
12132
12133
12136
12137
12138
12139
12144
12145
12154
12155
12156
12157
12160
12161
12164
12165
12166
12167
12172
12173
12174
12175
12192
12193
12204
12205
12214
12215
12218
12219
12223
12234
12235
12246
12247
12248
12249
12252
12253
12258
12259
12260
12261
12262
12263
12268
12269
12286
12287
12304
12305
12320
12321
12322
12323
12338
12339
12348
12349
12350
12351
12352
12353
12356
12357
12360
12361
12366
12367
12372
12373
12376
12377
12378
12379
12392
12393
12398
12399
12416
12417
12422
12423
12432
12433
12434
12435
12438
12439
12450
12451
12458
12459
12460
12461
12462
12463
12478
12479
12486
12487
12502
12503
12514
12515
12544
12545
12548
12549
12550
12551
12554
12555
12556
12557
12562
12563
12564
12565
12572
12573
12574
12575
12576
12577
12582
12583
12592
12593
12602
12603
12604
12605
12612
12613
12616
12617
12618
12619
12620
12621
12628
12629
12630
12631
12648
12649
12674
12675
12692
12693
12698
12699
12704
12705
12706
12707
12710
12711
12712
12713
12716
12717
12718
12719
12720
12721
12722
12723
12751
12752
12753
12758
12759
12760
12761
12762
12763
12764
12765
12766
12767
12768
12769
12772
12773
12774
12775
12782
12783
12784
12785
12786
12787
12788
12789
12794
12795
12808
12809
12810
12811
12814
12815
12816
12817
12818
12819
12824
12825
12836
12837
12840
12841
12848
12849
12854
12855
12858
12859
12860
12861
12868
12869
12870
12871
12872
12873
12874
12875
12880
12884
12885
12886
12887
12910
12911
12920
12921
12932
12933
12934
12935
12938
12939
12950
12951
12952
12953
12968
12969
12978
12979
12990
12991
12996
12997
13026
13027
13032
13033
13036
13037
13056
13057
13060
13061
13062
13063
13064
13065
13066
13067
13068
13069
13080
13082
13083
13100
13101
13102
13103
13114
13115
13122
13123
13140
13141
13146
13147
13152
13153
13154
13155
13156
13157
13158
13159
13178
13179
13180
13181
13190
13191
13192
13193
13194
13195
13196
13197
13206
13207
13220
13221
13224
13225
13226
13227
13236
13237
13252
13253
13284
13285
13288
13289
13290
13291
13300
13301
13306
13307
13308
13309
13342
13343
13348
13349
13350
13351
13352
13353
13370
13371
13374
13375
13376
13377
13386
13387
13388
13389
13394
13395
13402
13403
13418
13419
13422
13423
13424
13425
13426
13427
13428
13429
13436
13437
13446
13447
13448
13449
13450
13451
13452
13453
13454
13455
13474
13475
13480
13481
13482
13483
13485
13488
13489
13534
13535
13536
13537
13542
13543
13546
13547
13564
13565
13572
13573
13592
13593
13600
13601
13606
13607
13608
13609
13610
13611
13628
13629
13630
13631
13632
13633
13634
13635
13636
13637
13667
13674
13675
13688
13689
13696
13697
13700
13701
13710
13711
13712
13713
13718
13719
13720
13722
13723
13746
13747
13754
13755
13780
13781
13806
13807
13815
13836
13837
13844
13845
13846
13847
13848
13849
13852
13853
13858
13859
