1744
8
14
2068
1312
1146
3260
3001
595
11
30
1467
1875
3261
3364
3458
1135
30
1808
861
1744
625
2586
1999
12
3002
0
1321
1781
257
169
2904
708
3532
3
393
2984
8
1983
2769
1877
1973
2481
1981
0
834
391
397
940
939
29
1685
1786
824
616
66
1447
3406
27
22
1950
2943
226
1461
3383
602
1333
442
19
256
26
160
-1
3406
-1
3282
1745
2345
23
1825
886
19
942
2143
3513
-1
940
942
3407
16
3
3533
5
1702
3501
1455
487
2572
2569
1725
1221
928
1665
1664
2165
1348
1604
3020
450
3326
2236
3090
835
84
908
1796
1793
3507
766
908
1029
2011
46
1328
1484
207
602
43
137
42
1529
1359
2617
2509
1494
2385
273
1045
1651
1031
40
2743
2340
2339
232
2388
2090
2335
1474
1475
2365
1012
268
78
3381
2183
1966
299
223
407
409
331
3026
790
3028
1108
2551
1501
2929
983
1543
247
2036
1814
286
2025
2511
75
382
2392
2508
600
1367
522
2606
1801
1908
1059
1070
3290
3276
2113
2483
1729
1317
946
3176
1214
18
840
3475
323
1344
1345
1986
604
745
3013
2048
1511
191
1443
2463
1536
2840
2831
967
363
1975
2953
802
2536
1998
914
1025
3335
59
1915
-1
-1
1541
3120
1303
2870
2335
51
1892
2054
415
1461
1848
2521
274
3128
2297
839
243
873
389
1805
1393
903
507
3107
37
585
2459
1300
2286
891
578
856
855
719
355
2809
1123
1902
2245
1903
1168
910
2347
739
181
1677
2290
1990
395
2393
1247
1191
3231
1896
1220
1059
1909
1847
1829
1368
3275
2543
1266
2618
568
2557
817
2159
2639
573
2937
109
2541
266
540
2860
1652
2923
672
263
771
417
486
298
959
3317
3530
1793
3530
3332
3331
2611
1463
2314
1373
1372
2148
100
694
695
3428
2062
1008
1811
3543
237
1298
560
2176
1498
1920
1702
1695
788
385
3354
2271
3173
1407
-1
-1
3412
3218
3217
3303
885
2998
280
397
1087
2518
786
2289
841
2604
1453
168
3258
703
-1
767
764
-1
2527
-1
3285
971
1660
1654
1663
2570
1703
2742
2774
607
1844
2117
276
474
475
2401
1804
469
1233
1234
1594
1596
1630
2815
263
2172
2169
481
3128
727
188
1719
1285
2576
2888
1251
1460
42
1669
2479
580
1097
780
3425
983
1360
1047
854
1978
3432
1977
2524
1189
268
3130
1272
2318
1274
255
2082
1200
3277
421
2022
935
699
614
1778
-1
2045
1071
2090
2095
2503
1069
1225
1226
367
2761
1381
1648
215
3493
628
768
546
1809
2800
1422
1335
926
2302
291
508
1066
1172
158
905
1703
718
904
157
172
1090
966
3217
1321
23
2240
2014
2239
2619
1469
2014
1496
344
330
643
1486
1488
2758
1292
643
340
1788
2410
3080
2088
1142
704
122
2168
3478
3480
10
1052
710
974
814
1090
415
3015
159
965
2895
1166
645
1734
1480
1128
2632
228
1886
1270
1269
987
2689
-1
641
3409
2231
1963
1023
1024
1183
858
284
3388
1006
3494
91
3437
1115
3372
1218
953
757
1152
1153
1216
1361
1523
1857
3439
1173
853
2234
214
746
2500
369
135
2957
980
2862
2333
752
1614
1570
70
362
2306
605
2049
990
3349
1893
726
992
1546
1441
2560
1440
2561
2104
1763
357
2542
337
951
1256
1886
358
1105
3120
1107
1975
3262
374
1979
1392
1393
1806
2954
3340
1401
1464
2907
1452
1450
677
2543
1651
1369
3405
1187
452
2073
41
452
3296
960
1195
3170
926
3533
1416
211
683
3165
210
1391
3397
3399
2773
722
1742
187
485
2786
3007
152
2360
530
3186
3166
2395
806
2201
1862
516
3445
2147
1372
2727
2922
2956
1339
1609
2297
3129
3142
1118
2553
715
2819
52
479
435
2278
1853
3387
2133
1576
20
2135
377
1254
413
2939
1749
175
1506
1936
1607
2041
231
906
314
1400
230
613
48
1190
264
1410
2186
248
882
567
3450
3229
366
1812
2580
3435
3372
3369
111
1954
1955
1546
2621
3443
528
480
1773
335
1004
1003
2419
3294
1497
871
3395
82
3499
2340
2744
1311
2504
461
2086
851
3539
1592
2037
57
1194
1267
234
627
889
3101
888
2795
-1
807
3060
1894
3506
1676
3004
3411
1514
3153
3429
255
3449
3447
1708
254
144
2482
23
257
2633
256
9
2080
1533
308
511
2016
2586
2351
1386
1823
987
3403
2319
774
2174
263
262
133
103
2043
233
3141
2475
991
2411
726
541
101
3043
2362
1023
50
2164
142
3005
710
2849
1265
286
2443
2261
863
915
543
2428
507
45
3490
1881
1059
80
2099
999
1046
2266
844
1420
129
669
1647
3422
700
3361
1554
1163
397
656
2084
414
119
493
2377
1605
2127
2129
517
635
3529
-1
180
2426
1690
2010
1030
676
2560
58
270
2565
1030
2563
294
2880
2803
3276
3291
3277
1764
448
2934
155
1197
1912
1352
2277
2053
1702
905
1236
1054
1491
288
793
373
1047
1033
826
1116
1537
736
1117
104
424
618
52
1827
1111
3197
394
2997
2971
1331
1869
2060
1115
2747
499
2063
1724
2034
624
623
1158
540
527
2999
2911
1014
1971
1158
3009
258
462
1174
2972
2974
1331
1206
1173
1205
2300
1175
1170
1182
1264
1091
577
2365
1189
3011
231
1949
1400
3012
2593
977
1426
1338
2784
3063
1294
1752
1680
463
750
440
1112
2629
2031
715
2812
1865
1895
3344
3003
1676
3116
67
767
1754
1169
2347
2759
1066
2156
2327
2689
880
945
2272
380
1250
2130
1836
344
1838
1490
660
163
2059
53
1548
2720
659
2964
2627
334
2712
1414
480
333
1864
1003
1002
240
363
1986
922
2737
1721
197
664
1019
2767
1136
1709
1137
3315
166
3449
3058
2637
1307
2254
3058
1731
1037
1038
520
163
329
519
346
932
2921
2850
3062
345
2647
638
2646
2883
2887
369
438
1988
1556
2831
1760
1476
2814
2178
681
650
797
796
411
3071
1444
958
2315
1417
2808
88
957
3225
2881
2196
1673
197
783
2870
3414
199
433
432
2496
2425
433
1689
2306
1568
362
191
1246
361
72
336
3262
1922
439
2489
492
3133
1342
235
1340
1342
1227
1397
150
706
971
3284
188
1555
348
2575
1251
2653
3466
2776
2775
1921
389
2741
295
3089
1932
3433
201
2953
3181
2004
2567
3104
863
2262
707
1119
227
963
3101
1962
386
2342
1891
3209
3208
327
1291
2982
1083
59
3336
3233
552
2418
1959
2405
1958
1472
1480
1735
114
1403
379
1620
1517
1589
2217
637
3205
1515
372
82
390
712
389
874
15
3523
2378
1951
2414
3523
3197
1357
11
3321
3303
300
92
570
2288
1991
570
1989
279
15
119
1040
3521
2191
2477
3060
1457
3179
3476
867
-1
429
-1
-1
-1
974
768
2675
3114
1501
871
1144
2551
2818
1612
1873
1604
2555
2198
53
1153
2232
611
617
53
2199
1539
3070
411
1567
410
353
3013
1950
1576
1951
1464
563
227
280
1878
656
79
171
1089
1949
1207
773
103
1478
2374
598
2723
3242
2892
599
598
3291
1446
3474
3474
3473
145
560
3519
1833
1654
425
1412
1969
2215
298
423
2569
1585
428
496
1649
805
1186
1769
3044
426
429
401
428
1650
2491
464
2965
3307
1277
3444
359
1692
3529
360
359
2612
2847
1938
2909
224
2486
671
2478
2626
3061
3211
573
572
1987
349
2234
364
2722
1593
319
1573
3134
443
1595
1627
22
-1
-1
3034
751
441
1816
2242
1350
1493
3377
3040
1429
1854
2133
2316
1301
1608
290
3541
466
1841
3118
1693
3462
36
547
1476
736
2447
3295
208
207
1507
497
1181
2439
1051
1649
1902
1060
1138
830
2142
2139
458
3018
705
3352
457
3317
2278
547
2237
1854
3172
874
245
462
1146
461
2505
308
2855
1682
318
430
1715
846
2965
1721
696
2460
448
851
2735
1898
1505
3245
2532
2531
1296
1295
130
853
3213
1048
1361
537
1161
2203
1900
1172
2725
1065
2259
1126
2532
129
129
918
2390
477
3417
1073
3416
476
1697
2893
1413
1028
1939
224
2237
2711
334
240
1192
134
1925
588
1416
938
3164
683
1659
2610
1737
1306
214
2235
1286
1968
104
1828
1586
32
617
1890
517
757
953
954
765
2642
3248
-1
567
1093
1094
3254
365
2021
3256
281
1341
3432
686
1976
3438
2959
1978
426
3045
1508
453
3045
1997
3221
1008
1456
1007
303
2060
1297
974
1363
-1
3292
1641
3490
907
612
3158
1770
1064
2096
2095
1056
2503
1070
2098
2308
1191
1239
3106
84
272
2155
156
2218
1066
1065
2203
2585
625
685
3194
259
1102
1182
2525
2682
1528
1388
514
1726
513
603
2003
1862
1373
2003
2123
218
488
1214
282
3175
1213
1084
2092
1289
344
2583
1582
343
3482
1168
2605
2905
911
61
3350
1653
976
558
1355
3350
884
1870
1907
3324
2838
2971
2456
3010
305
1664
239
878
3388
2125
2124
3183
216
652
632
1196
2107
916
2076
1910
2043
2872
3348
3380
2999
2225
1087
1088
2085
848
818
1274
471
2726
1133
2763
2138
1296
1686
2368
1426
101
1846
305
266
1955
1845
1039
2213
2004
549
272
3181
1434
545
2156
2260
2759
544
153
2338
1237
459
1156
450
876
1852
3394
1817
543
1552
2348
1818
914
2418
1313
2121
2263
383
2240
2927
945
3207
3426
3410
2251
3102
1422
2801
1325
2178
2967
753
752
1993
1235
524
3075
1076
1075
1235
112
422
1518
701
2811
1554
1387
2903
986
413
2141
985
2167
703
1741
2244
1902
2139
3257
2205
1606
2495
491
234
2555
98
3368
1874
808
1177
396
949
395
2835
1365
2290
2154
2153
437
437
1941
99
3535
575
1460
574
1781
2054
896
2363
2185
1013
313
1024
2919
2158
86
752
2161
1923
138
777
582
2432
777
2691
580
2429
2666
2685
2328
2327
585
2229
3216
2863
584
85
1300
2317
587
1555
1078
586
2275
3077
482
1068
1994
733
2448
3162
2919
3460
2006
1594
2161
2334
3461
1866
653
2223
2625
1637
3179
2
2984
2983
1825
1876
1704
3408
988
3278
419
680
418
419
2416
2135
60
713
996
2899
1265
994
2330
42
21
1879
3271
514
68
1632
1627
192
745
1628
790
3027
1502
791
128
3026
2719
2718
1835
2058
1290
2583
2628
1538
893
408
2233
1057
2387
613
502
612
232
1881
2700
2189
147
2122
2002
794
3243
1079
18
487
2570
408
3144
3146
298
2308
2523
2309
2520
1897
1896
2505
2219
1171
686
2535
1471
304
1204
3160
304
2066
1615
510
7
1520
3487
685
2100
1094
2590
248
3222
1865
152
1865
2813
2361
633
3411
1583
2635
-1
2226
2789
531
1197
3410
630
2250
-1
2426
-1
1382
283
-1
2733
2193
-1
2464
388
-1
347
2648
2649
948
1683
2684
2466
-1
2399
2467
3362
177
2355
947
2683
165
164
2159
2672
1083
2673
2659
-1
173
2667
2642
2589
3160
1831
2035
2644
2434
2645
1482
794
1783
3082
352
1319
778
2693
1100
530
2110
2796
2539
832
593
2731
1644
2358
2291
2769
3015
2514
279
414
1728
1729
2484
1317
2792
2498
2963
332
1226
1835
330
2312
2210
810
2593
811
2412
2411
3122
812
2473
2171
2382
338
3151
1285
1150
1736
2029
1306
1288
3124
933
3211
868
1940
1418
2013
277
1688
3224
1123
1956
1710
435
2549
1031
102
2991
1074
1804
2992
2057
2562
2900
3025
676
285
2566
675
3024
1266
205
1032
2782
1029
2603
2724
2408
598
2136
1120
351
1326
2162
2242
3135
1574
483
211
3077
2925
2339
1149
626
3488
510
494
622
3487
3503
1136
2853
689
984
1911
917
1775
688
3276
973
2112
2346
2230
1535
1019
2382
693
3086
2033
692
109
2075
2771
2975
1559
109
2738
2799
465
1278
2798
935
1303
2492
2738
3267
2463
146
1354
278
2807
2810
561
2038
1252
2886
2884
564
122
881
3257
168
831
457
3019
1398
3422
972
368
1952
377
986
2350
963
10
1618
2880
3511
269
1362
170
1645
3379
1829
3171
1454
390
714
3375
600
2509
713
2508
716
223
320
2818
715
2702
1984
3240
3046
1432
158
2773
1820
87
2780
2779
1299
2176
2776
722
2774
721
3467
213
3225
1642
3168
1362
3006
2881
2860
1474
2336
2336
194
266
838
1244
134
775
1027
2293
2877
730
2173
729
2292
2751
3191
1376
1444
2951
2609
1384
2537
734
589
2449
3515
733
2833
1760
2832
451
3037
297
3142
2554
3037
1759
3147
3143
1005
91
1421
2280
2988
3427
3524
2035
1458
2911
1970
1012
2200
781
2175
1918
1919
3050
605
2307
68
187
1385
1712
2105
2562
801
800
2803
2105
2222
1644
-1
3032
319
2793
1629
1630
443
190
579
557
890
557
1068
2703
3315
2131
2529
-1
-1
2151
3353
1224
488
1249
183
2979
1495
2978
1084
3174
2977
2890
873
1852
1156
2279
3386
1332
2970
2081
884
3324
1869
1345
-1
123
489
3094
1890
39
3508
1795
123
1754
323
2337
153
403
2695
1750
2367
2713
1017
2367
103
2170
1479
2768
3123
2170
1478
3011
416
2374
2373
262
1243
728
2292
2173
2752
2174
580
2480
581
3185
3183
651
3425
2026
1096
1098
139
2930
743
806
2779
806
2396
1820
920
3038
357
3038
877
1673
-1
1807
-1
120
2371
2836
3052
2454
1329
114
789
1404
788
1590
3210
54
606
968
3288
875
607
3233
961
2574
3088
295
1767
649
2546
615
1482
2946
2545
352
1483
3192
352
3083
3079
1898
1194
1591
3215
1505
1592
3089
748
1945
1945
747
2057
73
2954
1587
2402
3536
1184
1427
3048
3051
3048
427
3047
217
782
781
2396
250
3281
569
809
3145
1931
3143
808
661
3122
3093
3092
813
662
663
2768
1545
811
2474
992
2102
171
2055
886
885
3217
836
1811
2996
2995
1811
98
536
2182
1080
2823
1273
2422
3113
898
3299
2468
2292
2469
3339
1345
3115
1684
-1
-1
-1
-1
17
2320
1820
3280
296
3370
3373
3370
1599
1601
3201
829
2915
828
3202
3041
2168
456
831
1343
704
830
653
2595
2731
3003
3345
2357
3522
15
2517
1010
3220
37
3542
816
1812
3505
1789
3434
839
2293
727
81
2295
838
1622
3471
66
1625
121
1449
1567
2268
2950
1016
3200
2050
2238
2015
276
1948
3246
2040
1700
921
464
3444
2366
2352
2181
536
1310
1726
2083
924
880
879
1765
3538
246
466
3524
982
2845
1900
470
186
3213
1522
140
87
2994
3397
2993
87
2321
2321
955
956
-1
-1
180
3400
956
2125
1124
3400
1691
1745
3283
6
2841
1982
3283
376
2427
271
2427
3105
2428
2871
1379
1770
2873
2475
3349
400
2220
1633
668
3212
1638
3454
1851
1840
3118
1211
1210
404
2117
242
1717
3500
1497
760
874
82
873
460
390
791
1841
1499
3462
548
3325
784
878
2750
877
3039
528
850
3363
1936
3362
850
326
1824
964
703
1747
1943
234
3198
884
3302
883
763
525
118
3412
815
1704
815
26
2917
1279
2859
3403
249
2351
988
3100
249
2287
1614
753
86
1067
2448
2827
893
2705
1509
610
892
3155
1446
2528
-1
3155
2526
1707
576
989
2097
1597
3451
820
3067
3064
3299
2766
2846
1242
1947
1009
3342
1401
3341
1933
2056
1392
2056
2991
83
158
1519
2597
157
2598
293
1378
1063
230
502
2386
1063
39
38
909
-1
-1
908
90
3483
2230
522
3481
2605
2097
1671
1908
1671
3132
2207
74
3194
550
2349
1314
271
3272
532
2685
2076
2829
689
1948
919
475
918
2041
2386
1722
783
1720
846
1699
2966
1974
336
2307
1245
1105
1107
1309
1727
849
3103
1640
3136
3136
155
209
2286
928
1814
927
2158
33
930
2145
947
3023
929
1062
3067
932
1424
931
2753
345
2581
667
1940
1581
2581
1638
146
697
3121
2491
1278
1714
938
-1
2275
2046
937
482
16
3391
2633
1980
16
28
942
2634
2144
27
29
941
2983
-1
-1
-1
2984
-1
553
1262
327
1213
65
3354
929
3156
642
3156
1752
639
570
1992
1042
1041
998
2519
2456
198
952
951
1887
2146
183
2152
489
489
2311
3097
857
-1
-1
859
2993
857
958
2806
355
3224
354
957
104
1758
1757
2072
208
1155
792
1054
1766
1054
3234
2196
708
2739
378
881
1386
1740
1141
1906
172
159
2103
1140
1985
72
2792
790
3384
3249
2891
2422
1080
1575
2415
2182
368
1510
125
706
3423
3419
690
3277
1802
500
402
170
2989
1658
1108
1655
3075
523
2985
1179
316
1207
3468
3138
980
1613
2228
189
2332
979
2697
-1
2163
2697
2164
852
56
139
2246
688
1544
2734
1741
986
563
985
562
707
3402
261
176
597
889
1280
896
2186
1259
1409
193
2183
265
1399
3092
2398
813
194
2914
1051
2440
2615
601
2441
2615
2442
996
2440
600
995
3055
998
3052
997
2017
950
2239
275
2263
2265
2393
2261
3414
3265
1107
1106
3457
335
241
1667
335
1316
241
2483
1006
739
3428
3495
181
1005
2062
499
1785
498
3495
110
3357
1010
900
3182
835
1009
2844
3111
3525
742
2845
50
2364
577
2064
2364
2065
306
2006
1988
1987
3199
843
1164
2715
2695
770
3346
2188
2699
338
692
1545
1545
2033
2384
3043
3228
2363
3228
1049
2185
267
179
1341
179
1706
577
1162
74
1026
1025
1818
1551
728
2910
1244
2910
2485
478
1293
40
678
285
2708
287
672
1032
46
1531
678
1031
1867
1117
296
1304
1305
2061
2635
2797
2109
2108
1584
3004
2557
343
2995
343
2313
2058
2517
542
3520
3520
398
3522
1042
950
2289
3053
1041
949
1044
1810
-1
3115
1043
-1
2389
45
1046
1045
1882
275
140
295
1048
1047
2960
470
1050
3141
1022
3140
1049
1598
993
2848
454
2848
170
1650
3006
2511
2197
961
962
294
2044
2387
1064
1379
2042
504
2828
1058
611
1057
1276
1586
62
95
274
455
1903
1847
2354
-1
1916
2354
1917
930
906
1064
907
1063
503
1055
509
2760
473
325
509
156
891
3251
1068
753
589
1067
2098
1071
149
505
2820
62
1069
2755
148
2755
1239
2091
2564
476
2561
673
3416
1296
2323
2325
559
1405
1406
559
2957
1078
1556
1077
2863
587
616
1621
1622
969
1273
818
1082
2980
1838
1495
1081
3175
644
381
2978
518
759
1495
2540
1634
1633
2540
1160
2670
2378
535
119
535
2379
2181
1972
1558
415
159
3016
171
1849
1188
312
2118
2623
2667
491
3334
2377
1282
627
491
2623
1263
2668
1097
2246
779
2194
1096
138
3424
780
2452
3424
2453
3186
651
1101
2027
1100
2805
2480
2120
1103
511
1102
1313
2348
1975
3265
2499
923
3267
199
1927
1002
2825
1001
200
923
975
55
3313
2875
1411
1967
1111
1828
1756
299
1110
2630
2343
2030
319
2030
1154
2793
3526
1607
3363
302
1116
182
1115
2061
296
1033
297
2554
222
1931
1930
377
1953
2408
2816
2724
680
2869
2975
2771
3305
2825
3415
1503
670
88
1688
1503
860
1126
3537
2531
1687
1125
474
1481
3099
1128
174
1127
2115
2663
-1
2160
1394
2960
1932
2959
3439
2960
3031
1433
-1
1439
-1
537
1135
3459
2837
5
1134
1466
687
339
2530
339
2132
2824
1909
1139
455
1138
2207
2140
1141
966
3302
1907
965
1140
2946
3079
167
3516
2088
-1
404
3497
3314
3074
1655
2989
461
1533
1
2069
1860
1148
1149
2340
1147
684
1148
3459
1718
2471
665
1718
2576
1883
2787
184
1215
184
2788
407
2629
1155
1113
1154
2630
960
547
761
1157
1156
1856
3463
307
1159
305
1158
1580
2861
2220
-1
1086
-1
-1
471
2518
1025
2370
2516
279
2515
1016
1165
2490
1164
2051
1628
173
2896
2274
2273
2271
1262
521
90
1169
2947
1168
324
1550
2101
311
1549
1175
621
2488
156
472
310
2488
186
1175
2299
308
311
1174
1171
2215
2901
3144
2901
2008
569
1686
1179
2531
977
2986
1178
-1
-1
1181
1180
1408
453
2524
512
312
1188
1850
179
3127
1185
803
1184
1588
1806
427
1961
1527
1526
206
1507
1091
1183
1189
142
1188
313
232
2091
1247
506
2309
93
1928
481
1926
1928
3456
2772
798
247
2800
3169
209
1337
531
2790
2930
291
2303
632
2867
2947
1755
2865
2864
-1
1801
145
1201
1200
3472
2908
1750
2855
1748
1749
1753
1887
623
1616
1917
2179
310
3438
2487
310
2180
416
978
1208
1207
3139
2375
1210
1863
1694
870
2420
1209
870
1212
2419
1211
3119
2484
518
946
3173
517
1891
65
2313
2558
1152
2312
184
2719
2718
2720
1547
2961
183
2717
1220
1897
1903
94
1219
3343
33
3269
1813
1422
3103
3170
1619
1481
1821
3098
3097
756
2151
150
3019
150
2310
659
2627
1228
367
1227
3420
3423
2602
1230
3084
1229
1743
1427
3202
1232
2617
1231
1572
2544
1712
131
1987
131
2267
3200
2052
558
559
2324
2323
293
2918
2656
546
2656
3109
-1
1072
1240
506
1239
2756
2521
1242
3091
1946
3090
1241
900
2909
775
2765
727
1027
1924
3266
923
3263
362
2462
1974
93
1248
1190
1247
2394
1882
2129
1250
757
1249
328
2717
370
136
2886
2885
702
2316
1254
3509
3340
2407
1253
227
1665
2166
1256
198
2457
1255
1606
2495
1943
1271
1824
1942
2224
1260
989
1259
2225
2065
2269
2659
2273
945
2928
1167
1095
1264
2681
1263
2624
312
601
1440
270
677
2614
97
1964
1746
248
1281
2592
2650
2434
2436
176
2433
176
1272
2318
1258
1747
143
3131
1270
819
3440
1080
3440
144
536
2199
1276
2827
1275
1349
1058
431
1700
1861
936
697
2023
887
3279
2688
2437
988
3402
2591
1268
1964
2589
1094
2019
3323
3198
3301
3323
3322
1467
665
1286
135
1285
3150
485
2757
1288
2584
1287
667
2582
519
1290
2059
1289
2093
609
2981
381
2506
165
3125
2423
2707
2010
1029
3297
317
2764
469
2138
2369
538
469
1074
-1
-1
500
1391
112
3396
720
2780
3396
3310
586
85
447
3310
2458
1559
2976
2737
77
698
2976
1724
2920
1034
3162
1867
1034
484
666
1731
1730
341
3082
-1
3281
-1
3446
2409
924
2842
2085
848
1312
2069
244
1
1311
2087
551
1314
1103
1313
2264
915
2639
-1
2154
2498
1666
1004
2791
658
64
1319
2610
1730
2951
1318
650
2637
-1
3081
160
1322
9
1321
3218
2055
3032
2794
1799
1484
3485
2967
1326
556
1327
681
1325
1923
3485
2538
1325
3484
41
2832
2298
3057
787
1332
3053
2969
301
309
2970
2454
1330
762
2143
1668
22
1335
2461
1591
1336
1334
154
2933
1335
3169
1912
1564
1195
2921
1339
316
1338
220
3139
366
3229
1341
493
1340
1023
1605
365
366
2204
831
2140
67
3117
3114
822
764
67
-1
-1
1347
1346
1885
1755
2149
35
2008
2149
2009
1276
444
1351
3250
1350
2243
2791
2898
292
1833
3398
1504
1503
3360
700
1660
524
2053
2038
3452
1705
1876
3453
3365
393
-1
-1
1669
-1
-1
43
2391
1767
140
1524
185
471
710
724
1363
1362
2882
500
1365
2836
2212
571
1364
2515
1508
1367
2439
1366
3405
60
96
1369
1527
3404
206
1368
2438
1534
3408
1534
2918
1535
108
2608
219
2607
108
515
3189
1375
1783
1374
1483
3078
731
3192
3188
3187
3189
2147
1400
3158
906
865
1056
2044
1381
2762
3318
151
1380
1398
3332
3528
635
-1
3332
-1
2785
2610
732
1512
2950
746
260
2740
964
2350
562
1740
513
2330
3382
3382
1557
1879
2276
3518
3398
3518
1298
212
1393
201
902
83
202
1392
2959
1130
1395
1394
1933
1979
-1
-1
2113
1647
1398
367
1397
1381
705
991
2476
2594
231
315
1378
901
1402
203
1401
3343
2245
2341
386
1404
1403
2931
788
3313
1076
3074
1076
3314
2322
1408
116
1769
1181
1407
1526
3348
990
1410
1409
2184
233
1109
1412
1968
1411
2876
423
478
1414
1924
1413
2894
333
1416
1905
2046
210
1415
482
3393
1553
354
3284
2208
669
1420
3127
1687
1468
1419
276
739
2281
1513
555
1222
154
1424
2784
3064
3062
1423
931
1426
2369
2850
539
1425
316
1960
804
1230
2935
1431
3467
2587
446
1571
2588
2916
3466
1428
2936
1743
2601
1519
718
1132
3311
1437
2257
544
2087
1436
3510
2136
2817
1435
2943
2577
1438
1433
1437
2578
-1
2259
-1
1133
1265
2900
195
1492
195
2566
2727
1443
1445
1442
2728
70
1569
353
731
1442
1569
3187
894
1447
420
1446
2852
18
3473
3475
1623
3472
1623
841
2904
2906
204
2903
1452
1952
204
1453
1451
1452
2908
121
712
2776
2742
2741
1703
31
1785
1790
498
3505
3435
399
741
1459
2698
1458
1831
-1
1461
137
574
79
21
1460
3528
3531
2497
107
1739
2012
1465
413
203
2142
1464
2244
1135
2838
1467
3
1466
1284
3126
1420
2015
162
1588
3126
1471
2536
2620
622
1470
2406
384
2120
2585
1958
2406
2241
725
2861
49
3329
3381
49
3036
451
350
3036
1761
1759
417
1479
773
1478
771
2211
174
385
1822
1223
1127
1822
3078
795
649
1375
3190
796
41
1324
1485
1484
2968
3295
2423
1487
164
1486
1489
2981
2506
2663
164
1487
2424
1490
2980
1489
329
294
2197
3512
2559
1441
1762
1830
445
1494
1493
3041
44
758
1082
1084
1837
163
1836
242
872
3498
3497
113
2322
1843
875
3454
3293
1840
1717
2778
404
55
2701
1815
606
1124
1123
1353
1353
3399
3401
799
3216
467
2458
1792
229
1508
453
1187
496
1507
1366
3418
893
2828
971
3418
2233
1713
1567
69
2949
1385
2785
1514
1421
2285
3268
253
1513
388
2709
-1
3208
3210
1589
3207
387
3206
3069
560
2597
1432
2600
904
625
2301
2101
2100
1550
1976
854
1523
1525
1522
3214
185
1914
1525
1361
1524
2256
1522
1527
1187
1408
1368
1526
1186
2329
513
1727
43
2329
1684
3297
2707
2783
2781
1032
2550
2973
2972
1859
258
2973
1146
1370
1371
2231
691
1371
2338
2537
71
2447
2446
297
1868
610
3421
2706
2705
1548
409
-1
-1
3282
76
2746
1542
2339
2926
1541
56
1544
1775
1543
2247
984
1019
1020
812
2383
238
194
2961
1217
1872
1539
1872
331
1550
1171
2180
1521
1170
1549
1552
2568
1026
2567
1551
549
1417
3285
2807
2806
278
561
369
2501
587
1077
2501
349
1389
1558
1973
1557
3383
1089
695
1302
2542
2541
1673
1672
2766
1562
1956
1561
3300
2550
1776
1564
1913
1563
3359
1337
1566
2924
3387
2548
1565
1710
1511
842
410
2048
3014
361
1570
1444
1445
3014
1569
191
1429
1572
3201
1571
2134
1232
440
3033
1574
682
1573
3035
2414
970
2379
412
226
2413
2522
2308
2520
1896
3232
2522
3330
1674
3000
1971
1675
1159
2580
934
2477
520
2534
2996
1584
2249
630
2111
1583
1036
2214
1969
425
2571
487
1058
1588
2620
802
1469
1587
1185
387
1516
1889
1695
1889
789
1592
798
1334
799
1591
246
1594
3199
439
131
1593
591
1596
2490
441
2489
1595
132
897
1598
3227
1597
2821
1050
827
1600
1602
1599
3371
1930
3369
3373
827
3368
1599
1873
1604
2150
2788
35
1603
406
3333
1342
281
2020
1257
566
1114
1608
229
1607
3527
447
3464
221
2074
1672
3087
2938
2116
1612
2701
1611
2778
405
979
2333
1996
890
1996
190
3009
1616
624
1615
3023
1204
2565
2564
1763
2879
709
1762
3098
1223
3096
3094
2932
386
1079
3244
2421
1624
840
1079
1449
1448
3471
3470
1622
3242
1626
2603
841
2723
1625
3470
1628
604
441
605
1627
1165
3366
751
3035
751
3367
132
1632
1985
2243
604
1631
3034
1085
2625
867
1085
2596
2813
3476
1636
2221
1635
3178
-1
594
2478
1638
868
1637
934
3410
3427
3411
925
2285
2282
3336
501
1642
723
3226
1641
1644
2732
-1
654
1643
749
3378
711
2935
2588
2587
2915
277
1648
1397
1647
2013
151
1650
426
454
429
1649
1052
205
1652
46
1711
102
1651
523
3351
1798
1797
126
423
1145
976
1656
2876
1655
1797
1658
2990
1966
975
1657
2552
-1
-1
483
1661
1354
125
1663
1660
2232
1663
1798
3360
126
1662
1661
34
3073
528
3072
34
1255
1316
2499
1667
1003
1666
2826
1333
3535
1669
1358
1668
137
1671
3450
3133
912
1670
913
2749
1610
1560
1560
357
784
1579
1675
3110
1674
3329
1580
322
252
2988
2987
2280
91
2248
2789
2250
3166
2249
2110
1749
1748
318
1682
1751
-1
463
1681
1683
639
1682
-1
1685
823
1529
1727
17
1684
3237
539
1178
3536
1126
1419
3337
670
1124
360
3337
1690
1691
284
1689
3389
1690
860
2425
2944
432
1694
3455
449
3326
1693
1209
3017
1590
114
1697
2563
3298
477
1696
2763
1699
2729
1722
2631
1698
921
1277
1701
846
1700
3308
2631
113
31
293
1455
127
157
1705
886
596
1356
2998
1704
2362
1707
1024
1706
896
2064
3448
255
3441
339
3504
2131
671
1566
2279
2547
1652
2544
2268
1233
746
2267
1511
2050
1715
936
2607
464
1714
1861
1921
3502
3500
3499
872
1500
1719
1151
1150
2887
1718
135
1721
2966
920
465
1720
337
1723
920
1698
3039
1722
2165
3153
1304
303
3268
33
3152
2843
849
514
924
1685
1528
3249
657
3029
657
3250
64
1731
1307
1318
342
1730
1306
1733
-1
-1
3168
1732
2882
1735
174
-1
385
1734
-1
3150
666
1737
484
2786
1736
1739
2612
2496
1463
1738
2761
1741
964
1387
564
1740
985
1743
2601
213
1230
1742
1431
1982
0
6
25
861
1807
1267
3130
1747
1271
882
1746
1680
2940
1202
228
1680
1203
769
1202
2352
2854
2716
1681
948
1753
318
1752
3157
1203
1755
324
767
1198
1754
1347
1757
2072
1110
2834
1756
959
3146
1759
959
1758
738
1477
735
1761
350
1760
2834
1477
1763
1618
1492
196
1762
1617
3540
290
2830
850
3540
3273
2573
961
2802
1360
2573
793
1918
3051
3047
3046
427
1407
503
1771
865
1770
3159
2874
1773
3196
2420
1864
1772
240
2450
2107
2929
689
2450
1543
2934
1563
1777
2829
1776
2451
1779
3517
147
2945
1778
2545
1781
2144
2634
575
1780
9
1783
2002
2148
649
1782
1374
3436
3542
3434
2747
1456
1007
2409
1787
17
1786
1788
-1
166
-1
1787
837
1790
2748
1789
3506
1456
1792
2459
3215
1506
1791
3539
1794
38
105
-1
1793
3331
1796
766
3099
38
1795
3352
1798
1654
1656
1662
1797
1653
1800
1323
2968
3367
1799
2177
1802
1200
61
973
1801
2868
1804
2402
1805
130
1803
673
1806
83
1803
202
1805
1185
785
1745
2001
2000
6
1981
2676
153
2655
2675
-1
1043
816
111
817
2534
236
836
1814
1221
2801
927
1813
57
1502
2343
3385
3384
3135
444
2856
2428
549
550
2856
1026
3280
-1
-1
825
719
782
2932
3095
1223
2931
1481
1480
1824
2319
260
1258
1823
881
1826
596
26
3002
1825
2481
299
1967
1828
1110
1827
486
3377
96
711
3376
1493
2508
647
1832
1459
1831
3161
-1
1834
422
1352
2598
1833
2324
1836
660
608
1496
1835
328
1838
1496
2128
329
1837
1081
1851
3455
3325
869
3395
1500
875
3289
449
3289
3029
3119
3293
1844
1499
1843
3294
128
1846
541
3072
540
1845
2457
1848
95
1060
1897
80
1847
2018
1850
1091
1849
3256
1183
869
1839
3394
548
3463
760
1855
225
2889
446
460
2889
3386
1853
1856
1855
2890
1157
1858
2726
185
2202
1857
1901
1860
2068
1532
1147
1859
2837
1862
1277
1715
515
218
1861
3196
2236
1209
3195
1773
334
321
629
628
2360
593
3345
1305
1868
1033
1867
3163
1537
1870
763
301
525
1869
1991
1872
2706
2964
1548
1871
1547
3021
406
1602
3020
1931
569
3001
4
1876
596
1875
1356
13
1878
1880
1877
2770
414
1880
603
1389
3270
1879
1877
1882
273
613
1046
1881
1248
2472
1151
2661
2471
2252
2028
2864
2866
1347
1887
198
175
952
1886
1203
1889
-1
-1
1590
1888
1589
1891
488
765
1214
1890
379
1893
2412
78
2411
1892
193
251
1895
3221
1894
3061
321
94
1578
620
620
1848
1219
467
1899
798
1898
2736
2037
1901
853
472
3214
1900
1858
565
89
455
1060
89
1219
1905
3532
3365
1415
1904
3261
1990
2291
965
1989
1141
525
2206
62
912
2206
1138
95
1911
2079
532
3430
1910
688
2106
1337
291
2106
2451
1563
2255
1524
2187
75
2255
2380
1917
1061
2658
1062
1916
1204
3491
744
1768
744
3492
2395
113
3498
3502
3501
1716
372
2721
364
2814
579
1326
1993
1925
1244
1413
481
1924
2712
3457
1192
2711
3456
1106
3306
1929
1192
1193
3129
1928
2075
1118
3021
1600
1118
809
1874
1944
1130
373
1944
902
1395
2193
2734
2195
2665
-1
2192
1937
879
229
3541
1936
3538
434
2766
2486
2485
479
2893
1941
668
933
573
1940
2758
1943
1258
3258
882
1942
1257
1945
1933
1932
800
801
1944
3286
1241
3342
3286
2942
900
2532
845
918
3235
416
314
3356
20
412
412
392
2190
1953
707
1451
1119
1952
2604
2032
238
2384
238
2622
541
1957
671
1561
2548
1956
2549
384
1473
1959
2121
1958
383
2936
3049
1427
3049
3275
1186
1963
3478
378
3483
1962
178
1965
1267
1281
3131
1964
2648
1967
52
1657
1827
1966
1109
1969
486
1411
1585
424
1968
2067
2844
742
2066
1580
307
1973
1089
3016
1557
1972
13
3263
922
1246
200
1104
72
1977
494
1521
141
1976
2179
1979
141
495
201
1978
1395
3390
940
2000
14
3390
1808
862
1983
1744
1982
3486
12
-1
717
-1
1986
967
1631
336
1985
68
1015
438
1233
1015
2958
349
1990
1907
396
92
1906
1989
1992
396
1870
949
1991
2969
1994
557
1923
589
1993
2538
1996
3148
2736
1614
1995
1613
-1
-1
497
3193
74
2519
3054
3056
7
2001
1808
1980
1807
2000
2822
615
2003
1782
2002
516
515
375
2005
542
2004
3219
3521
591
2007
1015
2006
3461
2331
1177
2009
1348
2008
2902
1349
1293
285
2011
40
2010
3024
2013
2209
1463
669
2012
1648
161
162
2015
844
2014
1468
2017
3054
259
998
2016
3193
3255
1849
2119
1282
2376
2118
2021
2494
1606
3333
2020
492
2023
146
2728
1278
2022
2608
3511
2025
2559
2024
3512
58
2027
2479
779
1100
2026
3185
2029
3151
1884
666
2028
2254
1112
2031
1113
2030
2344
320
3442
2621
1954
693
3442
1020
2035
3525
304
741
2034
647
3149
3252
57
3149
247
1899
2039
1355
701
3351
2038
3361
2041
845
3235
919
2040
230
2871
2043
1056
2042
533
264
2094
1055
1379
2094
148
2388
2047
938
1415
2983
2046
3260
69
1568
2049
2051
2048
192
2051
843
1713
1165
2050
2049
2053
1235
2325
1355
2052
292
2055
79
575
814
2054
1322
2057
903
902
674
2056
801
2059
609
1038
1289
2058
330
2061
302
499
1116
2060
1034
110
2063
1007
2062
3429
303
2065
1013
1707
1014
2064
1260
3111
1971
624
3110
1970
2912
2069
1
1859
1311
2068
1147
2071
-1
3184
2796
2227
2070
2073
960
1756
207
2072
2833
2937
1609
2075
694
2074
1929
532
2077
917
2076
3273
2830
2079
3431
-1
1910
2078
2686
2081
258
2455
2974
2080
762
2083
2842
144
849
2082
3446
3203
3270
280
1310
3203
535
2087
2155
245
1434
2086
1312
167
2089
1143
2088
3081
-1
2091
48
148
1190
2090
1072
2093
519
2424
1290
2092
2757
2095
2045
2044
504
149
2094
2502
504
3140
2820
897
912
2099
1069
505
2756
2098
274
2101
1521
626
1170
2100
1520
3218
2103
814
2102
3413
966
196
2105
2879
2104
747
748
2107
1913
1912
1774
2106
531
2109
1036
2356
2111
2108
1035
1679
2111
652
2110
1584
2109
2113
690
2865
63
2112
1396
2115
-1
-1
3508
2114
1128
2777
1611
3027
871
2777
128
2119
1092
2019
2624
2118
2018
2121
1102
1472
551
2120
1959
2188
2123
615
2122
3347
516
-1
-1
529
529
3389
859
-1
2320
-1
2128
282
3176
2130
2127
1837
2130
1249
282
328
2129
2128
2132
1709
754
1137
2131
3448
2134
446
225
1572
2133
2547
2136
599
226
680
2135
1435
2138
2764
2851
538
2137
1295
2140
456
565
1343
2139
1139
2142
2167
563
456
2141
1465
3534
1333
27
1780
3534
941
929
3010
2146
3157
2145
952
2148
219
1377
108
2147
1782
2150
1348
1349
1603
2149
2198
2311
1225
756
953
2962
2310
3178
3477
572
3177
572
1315
2156
508
2086
325
2155
544
2158
2920
3152
578
2157
928
2160
99
643
2640
2159
1129
579
592
2162
681
2161
2721
2164
981
2678
982
2163
268
2166
34
1723
1255
2165
2632
2168
564
2141
168
2167
830
2767
2170
133
2169
772
771
3327
664
2172
2294
2171
133
729
776
2373
262
776
2294
3068
2599
743
112
3068
720
2178
2815
1800
351
2177
556
2180
1205
1977
1206
2179
1549
2182
848
1088
818
2181
970
2184
990
51
1410
2183
2224
2186
576
1022
989
2185
233
-1
-1
1914
1018
2122
2189
614
2188
2546
2191
3356
1951
3182
2190
398
2193
1935
-1
636
1934
2192
2195
1097
2665
2247
2194
1934
2197
962
356
1491
2196
1053
2199
407
2150
409
2198
1275
3084
2201
743
2200
3085
217
2725
1858
2203
509
2202
472
3132
2205
1343
2204
3254
566
2207
1909
1908
1139
2206
913
1418
3393
2209
2012
2208
2315
2211
661
3012
3123
2210
1479
2213
2516
1364
542
2212
2371
2215
1585
2572
424
2214
1176
3205
2217
2710
2216
387
3259
2219
2504
508
621
2218
2487
2221
1160
867
-1
2220
1635
2359
749
2636
2358
2357
593
2225
1259
2184
1260
2224
534
2227
2797
631
2071
2226
-1
2229
2862
979
584
2228
2735
691
910
2231
1534
2230
178
2233
408
1661
611
2232
1510
2235
187
438
485
2234
2500
2304
36
1863
2304
479
459
2239
844
2389
161
2238
999
2241
161
552
2619
2240
1473
444
682
2243
1351
2242
1631
2245
565
1465
89
2244
1402
2247
983
1096
1544
2246
2195
2249
3167
1678
1679
2248
1583
2251
633
1678
554
2250
2303
1884
-1
2680
2679
-1
3059
2029
2679
342
2256
1914
1915
1525
2255
2391
2258
1434
2744
2260
2257
2577
3030
1439
473
3311
545
2258
2262
271
1000
376
2261
2309
2417
552
999
1314
2417
2265
2266
1000
2264
2394
2265
275
2268
1713
1234
842
2267
1712
2651
1261
2928
2651
-1
2660
115
2272
1167
2271
3355
327
2274
1167
1261
3174
2273
1166
-1
588
937
2897
1390
2809
292
2897
2810
2279
459
224
761
2278
1710
1677
740
2281
1421
2280
2282
2283
1640
2281
3137
2282
3426
2285
3102
3269
1640
2284
1513
3252
86
927
3251
3148
890
2289
2835
395
120
2288
1041
2512
92
571
2512
655
1906
821
775
730
838
2751
728
2403
2172
2174
839
2403
2752
2297
3465
2404
221
2296
81
2300
1329
2299
2298
2455
1174
2301
2298
311
3056
2300
1520
155
3137
2303
1197
2302
2251
2305
2237
2236
2894
2304
3195
2307
192
361
745
2306
922
1577
619
506
1191
619
2262
2311
2152
1226
954
2310
2151
2313
1216
660
1038
1215
2312
2315
3223
107
354
2314
2209
3309
447
1252
586
3309
2883
2319
1271
143
1823
2318
261
2321
825
2126
856
2320
857
2323
1406
1498
1236
1075
2322
2325
1236
1834
1075
2324
2052
3044
-1
-1
583
326
3272
583
-1
2690
2330
1528
1529
1388
2329
602
2332
2958
2007
980
2331
2334
2334
190
1613
592
2333
2332
2397
49
78
2397
726
725
2338
768
3117
546
2337
1535
684
1542
47
47
244
1148
2342
1403
3209
379
2341
3355
1815
2344
1112
2343
2702
2031
-1
-1
25
2347
691
3116
90
2346
324
2349
550
1103
2857
2348
915
2740
708
1387
2739
260
888
847
1750
3307
2366
3445
3347
2355
1061
1062
-1
2354
642
2357
2359
2108
2223
2356
833
2359
2223
654
2356
2358
2222
2361
1866
215
2539
2360
629
267
2363
1706
2362
1021
576
2365
1013
1014
313
2364
50
847
2353
2367
769
2366
770
539
3238
2369
1425
2368
1295
2371
1162
2568
786
2370
2213
2955
2878
2877
774
2955
2173
2375
774
417
2956
2374
1208
2377
3255
2019
281
2376
1093
2379
1087
391
1088
2378
1575
-1
-1
1915
2382
3328
3087
664
2381
692
2384
1546
2474
1954
2383
1020
3489
45
2390
907
3489
919
2388
612
1055
48
2387
2045
2390
1045
2238
2385
2389
475
2392
1360
2256
2574
2391
59
2394
93
1000
1248
2393
2266
2396
217
1919
782
2395
807
2398
2336
2335
2412
992
2397
2400
640
2654
3527
2399
2885
2402
130
3238
1803
2401
803
2404
2294
2295
3327
2403
2296
2406
384
3488
1473
2405
1471
2816
1254
2408
679
2407
1119
1309
2410
1786
2409
3447
166
662
1893
265
662
2398
1892
2414
1576
2416
392
2413
1575
2416
2891
970
599
2415
2413
2418
2263
2264
383
2417
551
2420
1211
241
1210
2419
1772
3241
1621
2422
969
2421
819
2424
1486
1292
1489
2423
2092
2426
1692
360
634
2425
284
863
864
2857
1817
864
272
2431
-1
582
2431
-1
-1
2432
2430
2429
-1
2431
581
2434
1270
2647
648
1269
2433
2643
-1
2688
1269
2643
2437
3279
1280
2436
3278
2917
1370
2440
454
1366
993
2439
996
2443
2442
994
2441
2914
995
2913
2441
270
2849
2913
2510
-1
-1
3507
2447
1537
2449
451
2446
1536
3515
590
891
3514
734
2446
2451
1774
1775
1913
2450
1777
2453
1098
2790
1099
2452
3167
787
1332
2455
2299
2454
2080
2457
951
527
1256
2456
1846
2459
1506
1301
1791
2458
85
2461
3358
466
2933
2460
1334
2463
3266
1246
699
2462
70
2465
637
2652
3206
2464
2927
2467
640
3526
-1
2466
641
3112
2765
821
2877
2754
821
2699
-1
2714
2472
1884
1150
-1
2471
1883
2474
3093
663
813
2473
2383
866
2476
265
2475
2874
1399
2478
399
1581
1637
436
2477
2480
138
2026
777
2479
1101
2482
14
1826
3391
2481
256
2484
64
1004
657
2483
1212
2486
1939
1028
435
2485
1938
2488
1206
2219
1173
2487
1172
2490
1596
364
1595
2489
1164
2799
936
430
698
3121
2798
-1
-1
2926
2020
3334
2495
1257
2494
567
2497
1738
359
2762
2496
1462
2499
1316
658
1666
2498
1104
2501
188
2235
1555
2500
1556
2503
2096
2821
149
2502
505
2505
245
2218
462
2504
621
2671
1488
1291
2671
-1
2664
714
60
1830
2616
714
44
2511
3005
2444
1053
2510
58
2513
2291
2290
2770
2512
2514
2515
656
2513
1163
2514
1365
2517
1163
2212
834
2516
1039
2519
1162
120
1998
2518
950
2521
620
1577
80
2520
1240
2523
1577
1578
619
2522
3104
2677
1182
142
2677
-1
512
2528
-1
895
2528
3290
124
894
2527
2526
3154
755
3503
2852
1136
3243
468
1125
1178
468
1948
474
2534
2584
2579
1582
2533
1812
622
3433
2536
1470
2535
73
2839
1536
733
1327
2839
1994
2596
653
2361
2595
1085
1086
2542
1560
100
197
2541
1559
205
97
2544
1711
2543
1232
2546
795
1779
794
2545
2189
2924
1711
2134
2923
1566
1957
2550
672
1957
1531
2549
1562
2552
405
55
2819
2551
1658
2554
222
3371
737
2553
1117
2556
568
406
2558
2555
2787
2558
1037
98
1215
2557
2556
2560
1492
2024
195
2559
286
2562
196
1073
747
2561
674
2564
287
1696
1617
2563
1073
2566
287
1617
676
2565
1441
2568
1552
375
1551
2567
2370
2570
32
425
617
2569
126
2572
1586
2902
32
2571
2214
2574
1766
1767
792
2573
2392
2576
370
2662
1151
136
2575
2745
1437
2258
2745
-1
1438
2580
2533
2582
236
2579
1581
2582
933
934
1288
2581
2579
2584
520
609
2533
2583
1287
2586
510
1472
7
2585
259
1646
3172
1429
2775
1646
1430
2590
1282
646
627
2589
2591
2641
1281
2590
2641
-1
1268
2594
315
661
3159
2593
1399
2596
2540
832
1634
2595
2539
2598
904
1518
905
2597
1834
2175
2600
2602
2599
3069
1519
2602
1432
1742
2599
2601
1229
1625
679
2604
121
2603
1953
521
2606
911
2605
2948
61
2608
1373
1714
1372
2607
2023
732
3070
2949
1384
484
1318
2612
107
3338
1738
2611
433
2614
3025
2899
1266
2613
3374
3375
994
995
3374
2509
2618
2618
44
1231
2616
2617
97
2620
162
2241
1587
2619
1470
2032
239
2622
1955
2621
3073
2624
1095
1092
1264
2623
2119
2626
594
1633
436
2625
2812
3421
1227
332
3420
610
3419
2630
1154
320
1155
2629
1111
2730
1699
1701
2729
175
2166
2634
939
257
941
2633
1780
2636
631
1035
-1
2635
2222
341
2638
1320
2637
3059
-1
2640
1315
99
-1
2639
2160
2642
2592
2591
646
490
2641
2644
2435
2436
-1
2643
648
2646
-1
648
-1
2645
347
2648
347
2433
638
2647
1965
2650
-1
638
-1
2649
1268
2652
2270
2269
-1
2651
2464
2654
-1
370
-1
2653
2399
2656
-1
1809
1237
1238
2655
2658
-1
3161
-1
2657
1916
2660
645
1261
-1
2659
2270
2662
-1
1883
-1
2661
2575
2664
1129
1488
-1
2663
2507
2666
1935
2194
-1
2665
582
3247
646
1092
-1
3247
1095
2670
-1
2732
-1
2669
1086
2672
2507
2506
-1
2671
644
2674
-1
644
-1
2673
2895
2676
1810
403
-1
2675
1809
2678
2525
2524
-1
2677
2163
2680
2253
2254
-1
2679
2252
2682
-1
1263
-1
2681
512
2684
-1
642
-1
2683
639
2686
583
916
-1
2685
2079
3108
2918
2917
2858
1279
2435
2690
177
326
-1
2689
2328
2805
-1
581
2804
2693
-1
651
2694
2692
2693
3184
-1
2854
769
1017
2715
2714
-1
2698
981
982
-1
2697
1458
2700
2470
1018
-1
2699
614
2702
1502
1611
2344
2701
716
2704
-1
754
-1
2703
3504
2706
1539
892
1871
2705
1538
1530
2708
1293
2707
3298
1030
2710
-1
1515
-1
2709
2216
2712
480
1926
333
2711
1925
2714
770
3346
2696
2713
2470
2716
1017
2696
1751
2715
-1
2718
1218
1250
608
1217
2717
2720
608
1216
1217
2719
331
2722
1922
2162
439
2721
3460
2724
1626
418
679
2723
1120
2726
2202
473
1857
2725
537
2728
1442
219
1443
2727
2022
2730
2632
1698
2939
2729
2631
2732
654
832
1643
2731
2669
2734
636
3430
1934
2733
984
2736
467
2229
1899
2735
1995
2738
337
1302
698
696
2737
2740
2351
963
1386
2739
2350
2742
1455
372
127
2741
1454
2744
47
2746
244
2743
2257
2746
2578
2577
1541
2745
2743
2748
1785
302
1789
2747
3436
3086
1672
2750
3443
2749
877
2752
730
2293
776
2751
2295
2754
2878
932
2469
2753
3066
2756
1072
1071
1240
2755
2099
3125
1287
2093
3124
165
1941
545
2760
325
2759
3312
1065
2762
151
1739
1380
2761
2497
2764
538
1697
2137
2763
1294
2468
2847
1243
899
1561
1938
2768
2169
338
812
772
2767
2770
13
655
1878
2769
2513
2772
1121
694
3306
2771
1193
2774
213
718
721
2773
127
3171
2588
371
371
721
1454
2778
2116
2117
1612
2777
1501
2780
720
781
1299
2779
719
2782
1531
3065
678
2781
2783
2784
1530
2782
1423
317
2783
2786
1384
1512
1737
2785
214
2788
1152
2556
1153
2787
1603
2790
632
1678
1196
2789
2452
2792
1317
1351
658
2791
967
2794
750
1113
1323
2793
3296
-1
250
3492
2797
2071
652
2226
2796
1035
2799
2492
697
696
2798
2491
2801
154
1194
555
2800
1813
2803
3088
1766
748
2802
288
2805
2692
-1
1101
2804
2691
2807
1554
957
700
2806
1553
2809
355
2811
88
2808
2276
2811
701
2277
561
2810
2808
2813
321
2626
629
2812
1634
2815
351
1922
2177
2814
132
3510
2407
1120
3509
1436
3287
2819
716
405
223
2818
2552
2821
2097
1070
1598
2820
2502
-1
-1
2001
2824
819
3244
3441
2823
1137
1122
1106
2826
3264
2825
1667
2828
892
1275
1509
2827
1057
2830
1777
917
1764
2829
2077
2832
350
71
735
2831
1328
2834
735
2073
1761
2833
1757
2836
571
2288
1364
2835
786
2838
1134
1860
1466
2837
526
2840
2537
2538
71
2839
3484
-1
862
-1
2843
1310
2082
3204
2842
1726
1970
1011
2845
1012
2844
852
2847
3113
899
2765
2846
434
2849
1052
1051
269
2848
2444
2851
346
1425
3063
2850
2137
2853
2530
1447
687
2852
3154
2855
2695
1751
1202
2854
463
2857
1817
1818
2427
2856
2349
2859
2688
-1
887
2858
3108
2861
725
101
1474
2860
1159
2863
189
2228
1078
2862
585
1199
1885
-1
2866
1199
2112
1885
2865
2867
2868
1198
2866
2948
2867
1802
2870
1121
3305
77
2869
358
2872
2042
865
533
2871
2873
2874
866
2872
2476
2873
1771
2876
1109
2990
1412
2875
1656
2372
2469
729
2372
2922
2753
2880
1618
2104
709
2879
288
2882
724
356
1363
2881
1733
2884
348
2317
2888
2883
702
2886
1252
2400
702
2885
1251
2888
1719
348
136
2887
2884
2890
1853
1854
1856
2889
760
2892
969
2415
3241
2891
419
2894
478
1939
1414
2893
2305
2896
173
2674
1166
2895
2977
2898
2276
2277
3519
2897
1352
2900
601
2613
1440
2899
675
2902
1177
1176
2009
2901
2571
2904
1451
562
10
1450
2903
2906
522
2907
3480
2905
1450
2908
204
2905
1453
2907
1201
2910
1243
434
1027
2909
1028
306
2912
742
2911
3000
2067
2914
2443
2444
2442
2913
993
2916
1646
828
1430
2915
3378
2438
887
2687
2687
1237
1371
2920
578
590
2157
2919
1304
2922
1338
345
2878
220
2921
2924
2548
102
1565
2923
2547
2926
684
3164
1542
2925
2493
2928
553
2465
1262
2927
2269
2930
56
1774
780
2929
1196
2932
1822
1404
1620
1821
2931
3359
2461
1336
3358
1776
290
3274
1428
1645
3274
1960
1431
2938
2074
100
3464
2937
1610
2940
228
2730
1748
2939
3308
-1
3335
-1
2943
3357
1947
20
2942
1436
-1
-1
1692
3516
1779
2946
795
1142
2945
2948
1169
1198
2606
2947
2868
2950
1512
2609
1385
2949
842
2952
732
1319
3071
2951
3191
2954
73
374
802
2953
202
2956
2372
2373
220
2955
2375
2958
189
1077
2331
2957
1988
495
1131
1394
1130
1131
1048
2962
1218
1547
2152
2961
2963
2964
659
2962
332
2963
1871
2966
465
430
1720
2965
921
2968
1324
556
1485
2967
1799
2970
1330
1992
762
2969
1331
2972
301
526
1532
309
2971
2974
1532
1533
309
2973
2081
2976
695
1121
1302
2975
1303
2978
759
2896
758
2977
1083
2980
758
2982
1081
2979
1490
2982
1291
1487
381
2981
2979
595
943
2047
595
12
944
3236
977
3138
3236
3245
1179
2988
1677
3008
740
2987
1676
2990
975
1145
1657
2989
2875
2992
673
903
3417
2991
674
956
2994
856
2993
3401
855
2996
817
1037
816
2995
1582
2998
3453
300
1705
2997
118
3000
306
534
2912
2999
1579
2
1875
3002
8
3001
1826
322
833
3004
252
3003
1036
3006
269
2510
724
3005
1053
3008
215
3344
3494
3007
2987
3022
1615
307
2145
3022
527
3012
314
773
315
3011
2210
3014
69
411
1568
3013
1570
3016
172
655
1090
3015
1972
-1
1695
-1
457
3353
3019
705
3018
1225
3021
1874
35
1930
3020
1873
3023
3009
3010
1616
3022
930
3025
677
2011
2613
3024
675
3027
54
607
606
3026
2116
3029
3288
54
1842
3028
1728
3031
2259
3312
-1
3030
1132
3033
750
1323
1573
3032
3366
3035
443
1632
1629
3034
1574
3037
1476
1477
736
3036
737
3039
784
783
878
3038
1723
3041
445
3379
1494
3040
829
3230
3451
3227
3230
1021
267
3045
428
2326
496
3044
497
3047
1769
717
805
3046
1768
3049
805
804
1960
1961
3048
3051
744
3085
1768
3050
804
3053
787
997
1330
3052
1042
3055
1999
2016
3057
3054
997
3057
2301
1999
1329
3056
3055
3059
341
342
2638
3058
2253
3061
251
399
1895
3060
436
3063
1424
346
317
3062
2851
3065
898
1423
3300
3064
2781
3067
3112
2754
898
3066
931
3069
2175
2176
2600
3068
1518
3071
410
2609
353
3070
2952
3073
1665
1845
1664
3072
2622
3075
1145
1405
976
3074
558
3077
-1
-1
588
3076
683
3079
1482
1375
1142
3078
797
3081
167
3083
2089
3080
1320
3083
650
1307
797
3082
3080
3085
2200
1229
2201
3084
3050
3087
2749
693
1610
3086
2381
3089
793
2802
373
3088
800
3091
1242
37
1241
3090
3231
3093
811
991
2473
3092
810
3095
1620
765
1821
3094
3096
3097
1619
3095
1224
3096
954
3099
1619
1224
1127
3098
1795
889
3409
3101
249
3100
378
3103
555
2284
1222
3102
925
3105
376
2523
864
3104
3106
3107
507
3105
84
3106
3232
3109
2687
2859
1238
3108
-1
3111
2067
1674
1011
3110
2066
3113
2468
3066
2846
3112
820
3115
1344
403
822
3114
1044
3117
323
2346
1344
3116
2337
3119
870
449
1212
3118
1842
3121
77
199
2492
3120
935
3123
663
810
772
3122
2211
3125
2758
667
1292
3124
2757
3127
1468
1469
1419
3126
1184
3129
81
134
221
3128
1929
3131
143
1746
1272
3130
1965
3253
2204
913
365
3253
1670
3135
3385
440
1816
3134
682
3137
926
925
2302
3136
2283
3139
978
2985
1208
3138
1339
3141
1050
2096
1049
3140
264
3143
222
737
809
3142
738
3145
618
1176
3147
3144
808
3147
1758
618
738
3146
3145
2287
3149
1995
3148
2036
2037
3151
1736
1286
2028
3150
665
3153
1725
2157
253
3152
1724
3155
2529
2853
895
3154
894
3157
948
947
1753
3156
2146
3159
503
1378
1771
3158
2594
3161
647
623
1832
3160
2657
3163
1305
590
1868
3162
3514
3165
483
2925
211
3164
3458
3167
1679
216
2248
3166
2453
3292
1733
723
3170
1195
1336
209
3169
1222
3172
2775
712
2587
3171
460
3174
1213
115
759
3173
2274
3176
518
1082
65
3175
2127
3178
2154
-1
1636
2153
3177
3180
400
594
3477
3179
3212
3220
375
543
3219
1010
2191
778
530
3184
2694
3183
2070
3186
778
2027
216
3185
1099
3188
1377
1445
3190
3187
1376
3190
1374
1377
1483
3189
3188
3192
731
2952
1376
3191
796
3194
1998
2017
914
3193
511
3196
1864
2305
1772
3195
1863
3322
300
393
1283
883
3320
3200
1016
1593
843
3199
1234
3202
828
1571
829
3201
1231
3204
2084
2085
3271
3203
2843
3206
2216
388
1517
3205
2465
3208
1517
553
380
1516
3207
3210
380
2341
1516
3209
789
3212
668
437
868
3211
3180
3214
854
470
1523
3213
1901
3216
799
1791
1505
3215
584
117
160
815
117
2102
1322
3220
3182
2005
835
3219
3181
3222
498
1894
3496
3221
628
3224
3338
2314
670
3223
958
3226
723
356
1642
3225
3234
3228
3042
1597
1021
3227
1022
235
3230
1340
3229
3042
3043
3232
94
3091
1578
3231
3107
3234
792
382
962
3233
3226
3469
1949
2040
3468
2986
2985
3238
1686
3537
2368
3237
2401
3240
-1
-1
717
3239
3491
3242
2421
2892
1624
3241
418
3244
616
2530
1621
3243
2823
2986
3246
468
3245
3469
845
3248
2667
2668
490
3247
-1
3250
1728
968
1729
3249
1350
3252
2287
1067
2036
3251
2286
3254
3132
3133
2205
3253
492
3256
2018
2376
1850
3255
493
3258
704
566
122
3257
1942
-1
-1
2217
3261
2
2047
4
3260
1905
3263
200
363
1245
3262
1974
3265
3415
2826
1001
3264
1104
3267
1245
2462
1105
3266
699
3269
1725
1514
1221
3268
2284
3271
1880
2084
603
3270
3204
3273
916
2327
2077
3272
1765
3275
2936
2935
1961
3274
96
63
289
690
973
289
145
3279
2438
597
1279
3278
2437
3281
1819
825
1308
3280
807
3283
25
1540
861
3282
862
3392
1418
368
1553
3392
125
3287
1947
1946
2817
3286
3341
3289
791
3028
1841
3288
1842
3291
63
2527
289
3290
420
501
-1
3168
3294
1843
1500
1844
3293
242
3296
452
1485
208
3295
2794
3298
1530
1294
2708
3297
1696
3300
899
820
1562
3299
3065
3321
1283
3320
3304
883
1140
3319
118
394
3319
3302
3413
3306
1122
2869
1927
3305
2772
3308
431
2352
1701
3307
2940
3310
2316
2317
1301
3309
1300
3312
2260
1433
2760
3311
3030
3314
1405
1108
1406
3313
1144
3316
340
754
-1
3315
-1
3318
105
458
3531
3317
1380
3320
3304
3303
3198
3319
3301
3322
3301
394
1284
3321
3197
3324
1283
1284
763
3323
526
3326
876
1839
36
3325
1694
3328
2171
2404
2381
3327
3465
3330
1475
1675
3380
3329
1579
106
-1
1794
106
1382
1383
3334
2021
1605
2494
3333
1093
3336
75
2941
382
3335
1641
3338
1688
1689
3223
3337
2611
-1
822
-1
3341
203
1253
901
3340
3287
3343
901
1946
1402
3342
1220
3345
322
3007
833
3344
1866
3347
1018
2713
2123
3346
2353
3349
1409
533
193
3348
866
3351
523
524
1653
3350
2039
3353
458
1796
3018
3352
756
3355
115
946
2272
3354
2342
3357
1950
2190
2942
3356
1009
3359
2934
2460
1564
3358
2933
3361
1354
1662
278
3360
2039
3363
880
641
879
3362
1114
3365
3452
4
1357
3364
1904
3367
1629
3033
1630
3366
1800
3369
1602
568
237
1601
3368
3371
827
826
1600
3370
2553
3373
237
182
1601
3372
826
3375
2616
2614
713
3374
2615
3377
1830
3404
445
3376
1829
3379
1645
2916
711
3378
3040
3381
3330
534
1475
3380
51
3383
1389
1388
1558
3382
21
3385
1816
968
3134
3384
1815
3387
1855
761
225
3386
1565
3389
529
180
2125
3388
1691
3391
1980
1981
939
3390
2482
3393
3284
3285
2208
3392
1417
3395
1851
548
1840
3394
243
3397
1298
1299
212
3396
855
3399
1353
1390
1504
3398
212
3401
859
860
2994
3400
1504
3403
987
1280
261
3402
888
3405
1369
3376
206
3404
1367
3407
19
24
29
3406
3513
3409
597
1370
3100
3408
178
554
1639
633
630
1639
252
3413
117
885
2103
3412
3304
3415
1001
358
3264
3414
1122
3417
477
1074
476
3416
2992
3419
1509
1510
2628
3418
972
3421
2628
1228
1538
3420
2627
3423
706
277
972
3422
1228
3425
1098
1099
139
3424
779
3427
554
2283
1639
3426
740
3429
110
1005
2063
3428
253
3431
1911
2733
2078
3430
-1
3433
494
141
2535
3432
374
3435
837
1784
1457
3434
236
3437
1784
2748
3543
3436
182
3439
495
1205
1131
3438
186
3441
1274
1273
1708
3440
2824
3443
2032
2033
239
3442
2750
3445
847
431
2353
3444
218
3447
1309
2083
2410
3446
254
3449
1708
2132
254
3448
340
3451
235
1670
3042
3450
897
3453
1356
3364
2997
3452
1357
3455
869
1499
1839
3454
1693
3457
1927
1193
1002
3456
1926
3459
5
3165
1134
3458
1149
3461
591
2722
2007
3460
592
3463
876
450
1852
3462
1157
3465
1609
2938
2296
3464
3328
3467
371
1430
722
3466
1428
3469
3236
978
3246
3468
3235
3471
1624
1626
840
3470
1623
3473
1449
1201
421
1448
3472
3475
421
420
1448
3474
66
3477
1635
400
2153
3476
3180
3479
169
1962
3481
3478
3482
3481
2906
169
911
3480
3479
3483
521
3479
910
3482
1963
3485
1328
2840
1324
3484
1327
-1
-1
1983
3488
626
686
685
3487
2405
3490
2385
2386
273
3489
502
3492
1918
3240
1919
3491
2795
3494
3496
152
181
3493
3008
3496
1006
1008
3493
3495
3222
3498
1498
1144
1920
3497
1497
3500
1717
243
872
3499
1716
3502
1921
31
1716
3501
1920
3504
687
2529
1709
3503
2704
3506
837
1457
1790
3505
251
3508
39
2445
766
3507
2115
3510
2817
1253
1435
3509
2816
3512
2024
709
2025
3511
1491
-1
28
3407
3515
2449
3163
734
3514
2448
3517
2945
1143
1778
3516
-1
3519
1391
1390
422
3518
2898
3521
1040
1039
398
3520
2005
3523
834
1040
391
3522
392
3525
741
852
2034
3524
1011
3527
1114
2466
1608
3526
2400
1382
1462
3529
283
3528
432
3531
106
105
1462
3530
3318
3533
11
1904
30
3532
210
3535
2143
2144
1668
3534
574
3537
1687
803
1125
3536
3237
3539
851
1937
246
3538
1792
3541
1764
1765
448
3540
1937
3543
836
1784
111
3542
3437
