70
2456
653
2788
2027
2940
3415
1530
89
1542
10
15
622
891
623
14
433
1701
345
2680
1529
947
609
608
609
3272
3446
438
2763
2201
262
17
3
801
1175
1459
21
14
2097
186
2034
197
12
1305
5
2470
-1
3
2561
2034
186
10
2982
608
24
2968
1304
1016
3379
3278
3445
651
2526
1379
12
37
3013
3526
866
1160
3460
1159
2967
18
873
2824
492
2016
984
1796
1672
1382
-1
1145
3449
478
184
2743
2158
3478
1429
2036
197
3243
1247
1131
1959
3141
2091
931
-1
-1
3123
2329
287
2858
1845
696
437
3110
43
71
3415
21
1624
654
2276
2022
2805
75
940
472
1614
2392
371
2020
1099
3085
79
2702
1649
36
2069
78
998
346
423
924
2886
701
3352
405
2855
1563
294
2646
2141
3285
300
3280
2530
2858
1399
1320
581
334
1103
1110
289
361
3471
3469
2051
3392
498
2778
528
815
2333
268
1129
69
3192
2882
3208
3494
2043
752
3511
567
2808
64
1716
2406
256
2629
524
821
1541
2908
2071
466
60
1339
985
1311
668
2502
1327
1665
2290
2429
3034
702
1976
2368
2722
788
57
1406
3462
0
403
2096
37
2097
1656
2702
1460
1778
445
3364
251
1475
933
401
39
1782
1610
2068
1138
1404
674
1614
44
2676
714
494
223
42
683
2450
2358
800
1605
1748
3165
2124
3166
317
1262
1156
3177
728
729
2428
1203
1733
327
104
2727
2878
2877
414
142
180
3468
2172
1379
2
2396
646
645
2245
92
2416
483
2771
91
230
3241
1323
1964
1708
2101
2019
2195
937
317
2722
1040
98
388
2173
1530
97
2172
373
2785
1418
3296
359
3044
1045
2286
557
2373
2866
2400
819
3028
2242
86
260
3028
519
3394
943
2140
1384
1728
1935
1762
900
1019
119
386
929
195
1641
3144
1360
1630
1450
2994
833
2963
2705
164
228
2381
1195
2872
1192
2871
3255
3544
2442
735
3377
2870
2937
734
2586
1199
3437
193
108
3442
1518
363
1751
1117
1762
1936
1763
1586
1503
775
2164
1797
1309
1527
1752
224
2778
3328
3498
1816
1671
2160
1294
2385
1847
2422
1604
585
1960
909
352
3187
957
1721
2122
563
2025
3005
1371
1926
1833
845
369
484
3119
2768
-1
2266
136
541
931
135
1967
3063
287
1265
534
1264
3494
1261
1041
889
1436
219
960
420
3432
3373
320
88
169
1182
1183
188
2862
1555
519
2105
2383
2519
1258
200
838
1242
2454
1666
2759
-1
551
2838
2972
2130
2396
2128
255
1944
2438
2910
1714
762
755
3243
1694
3250
1173
1825
2541
2813
2782
547
3081
2841
2208
1105
3029
1048
779
2330
483
780
2408
3235
1941
2260
505
314
821
229
2642
1776
358
3547
2994
1194
3386
112
1195
1793
1790
167
1307
342
3386
1553
166
3158
1292
3157
2547
143
2435
1044
248
3127
2902
690
2307
1922
799
917
1179
3385
2295
2621
2379
1927
3235
2338
2263
2848
1167
1168
3522
488
2741
497
1739
288
882
3061
2134
88
1865
1427
946
2325
2328
2764
1311
971
2683
2156
1736
2453
459
28
2082
3309
1266
16
13
3227
3302
2106
1353
2180
144
1064
3340
3306
1911
2059
3285
3283
3175
816
1961
3518
1158
2567
2588
118
1020
456
2300
2650
109
3385
2298
-1
2999
2922
30
1245
13
1133
1134
959
3143
1278
1756
146
707
2816
308
2906
2518
746
3016
1881
3076
2955
1081
3429
895
1935
682
1691
1219
1219
1220
645
2380
1592
1591
1919
1216
2943
2015
976
789
2388
518
-1
764
2014
-1
2011
1824
2992
-1
307
1210
2292
1976
791
741
2743
1259
1036
2885
1231
1814
825
449
404
2488
1284
2192
2191
140
2605
635
2604
965
2233
1532
549
3507
2552
79
3202
1744
285
124
864
1623
1628
1753
2460
3527
2461
2304
3084
2550
544
113
1791
3178
162
2846
1913
1402
93
671
2073
1462
703
871
941
2144
1096
1832
1762
422
927
929
2724
1924
2279
895
1213
2293
2140
482
3155
3216
3427
418
1669
3251
3215
3155
1047
1267
2082
3207
2923
1597
3187
2995
1723
1026
1267
3208
973
2900
640
1389
2600
636
2609
2914
657
442
170
3533
1482
2305
1450
1747
2977
2535
2305
3060
936
74
3173
470
1166
1331
1333
2008
959
3121
3310
1293
151
968
967
1893
61
3003
2980
879
2980
3004
3409
2243
2712
2915
664
2243
104
2803
1449
2798
2981
10
2028
2747
1631
3148
1835
1094
1730
2358
1059
1512
684
2964
2852
612
2249
1888
56
2334
551
2687
3325
2181
368
3405
950
2223
2284
1122
3532
1485
2284
2360
1494
2287
3376
1104
3029
2505
506
-1
917
1735
1083
716
715
3439
2725
2227
1024
1025
692
2226
2433
1074
1684
3194
1075
1479
1939
583
1840
1839
583
1075
1173
675
2895
3170
224
1651
2752
2351
2750
137
1940
34
1576
3043
178
3052
1522
52
3350
2092
1265
517
3071
2721
3012
1344
643
2976
2356
1512
2294
48
2293
1800
520
529
2637
375
2997
2987
1640
2986
3027
819
2731
1363
1364
479
49
2058
500
3225
1719
1190
2387
579
2384
1444
347
2080
1555
2861
1634
2862
697
2859
307
2959
1828
213
306
1211
470
1003
201
1002
475
3300
3269
2991
2992
1554
3200
1635
3251
2219
3368
1926
1004
1925
161
2302
1540
1918
908
1269
875
600
601
517
96
83
2115
3069
1975
3410
509
1410
142
508
1864
1405
829
2389
810
2998
647
1375
617
1454
677
2916
2398
2495
567
1916
1313
2736
2727
1991
1595
86
2729
1415
956
973
908
1362
3486
685
2209
628
1757
-1
333
3022
807
1593
332
394
1056
51
2920
3538
1769
2419
1328
2564
1655
1246
3337
3279
1332
3277
481
536
2443
1446
720
1135
2510
813
1291
963
1164
2964
166
1923
1347
795
3239
2125
1618
389
6
1139
812
45
1164
303
2532
3256
525
3253
2671
2661
2123
3406
3338
1676
1264
479
909
1931
2790
129
1364
512
1997
1026
2791
3345
1960
2913
710
2439
1346
1345
1407
1451
1053
910
1706
163
774
1388
3042
100
1486
1487
2320
3470
53
1428
2655
2497
-1
410
120
421
2384
1294
421
1319
1281
705
1634
1089
1064
3467
826
1033
822
270
826
133
3418
1652
1712
2769
467
41
3508
930
3334
2194
1475
694
99
695
926
3314
811
296
1509
620
2616
1198
3453
769
3231
1141
2150
770
769
2718
3040
2078
2567
386
1519
2061
490
688
1387
688
1688
1298
3051
623
1524
3170
1663
1549
650
1162
629
108
380
1221
968
970
97
2679
3184
2679
345
1058
1139
1140
1785
429
1354
1341
640
2905
2580
593
2304
1248
2168
333
1511
2777
1887
825
2961
3353
2962
3102
398
2274
397
3103
400
1810
656
400
3497
398
399
3032
75
2108
807
3024
884
2042
1616
70
-1
-1
218
1897
47
2519
1258
706
686
1013
2746
1001
2896
2898
1446
1671
1817
898
1750
363
1850
1037
1533
2572
3048
548
2248
1274
1275
1686
87
1683
3412
3162
3462
2220
2976
2065
1617
469
1926
906
2330
239
1397
3431
982
2888
141
1741
1743
364
363
531
234
1763
898
45
1529
3248
924
2451
1579
2866
1363
1187
559
1045
1977
1874
1875
2113
1218
2584
3523
1373
391
2561
980
979
2108
2043
1700
974
2685
1642
1917
-1
-1
5
2188
1308
1795
1794
589
1195
1648
1649
1657
3109
36
2494
586
9
2425
2033
2562
3209
2379
3038
-1
3452
-1
1842
2911
1243
247
1292
762
1943
445
785
-1
73
444
3475
1038
1853
2152
927
899
900
825
859
1954
217
455
1815
3130
946
1682
680
3473
2828
520
1982
731
3229
529
2146
1815
1890
2145
449
1892
2660
619
194
1287
2814
1303
1302
912
2791
1240
184
1934
1931
2471
568
2132
2864
1909
808
2699
671
2697
1658
466
1030
465
3067
1609
485
464
2855
463
2696
63
2695
370
604
1230
1123
573
2218
417
1846
3524
308
252
747
3015
2251
40
3039
1403
-1
940
1615
3015
2088
3160
309
3436
600
1825
1663
1650
723
3079
1662
28
3450
667
1806
299
351
1802
3277
2039
-1
338
-1
3154
3426
237
2772
92
159
1834
134
1328
3066
465
1014
1196
-1
-1
1196
3536
2948
1872
1873
177
803
2310
1636
381
2433
1077
2960
1773
2388
25
2204
3401
3084
1099
1461
804
79
2169
2990
721
722
2258
1720
3398
2051
178
1523
1949
1739
54
1776
1867
2847
3203
1582
300
914
941
870
1655
1562
3067
1644
1366
-1
2301
2137
1984
2301
161
1985
275
1087
1571
969
3371
1681
320
3372
3105
319
3411
2823
2822
1863
1167
3276
1332
3234
3346
353
2072
1941
2263
1942
3400
828
1632
1208
1777
2663
2084
792
1963
2536
291
317
210
2205
-1
1065
145
105
295
452
1719
3284
2059
3225
789
2103
2795
3150
2792
2015
2342
62
3260
3530
2342
348
2632
3093
-1
1664
2632
1242
55
681
2397
453
3230
295
2212
893
2196
1118
2387
421
3092
1664
836
2993
1450
2306
138
2093
3103
3544
3257
1181
2442
339
2080
2555
1443
2086
1853
2151
3315
2154
1128
2152
2319
1420
1999
2709
2056
136
543
2787
694
2195
542
3088
2380
228
1646
2264
2188
1794
2527
1569
1021
3080
156
1905
412
3049
2887
3506
222
1704
1401
3242
3230
1691
149
268
2774
2113
1638
2310
2111
2112
727
1626
2277
3318
628
-1
2285
3399
2865
2283
101
2006
2260
1720
2259
3398
2285
426
-1
1702
-1
3459
1160
-1
2533
967
633
131
1476
572
2180
3325
1093
3510
752
2840
2240
1224
2239
325
59
952
460
2403
2731
3468
2182
855
3471
680
3025
3062
1967
2948
563
743
1123
742
1005
468
1947
1114
2348
-1
-1
1439
864
3490
1629
907
2349
865
2197
1118
2345
302
1619
2531
2894
918
3514
843
1318
51
1106
1107
1661
282
1197
283
590
2469
2424
128
983
1750
588
438
2066
1227
2201
748
3209
2763
586
435
3357
1792
2421
584
984
2424
2201
2200
2174
859
2164
1764
393
2375
1189
595
808
594
1188
2399
3004
597
1168
596
1573
1102
879
2077
661
935
2459
2202
316
1544
475
1736
2157
316
1250
2831
2179
2593
-1
2178
1689
2908
467
2477
2478
2566
1796
1797
2165
3134
2174
1391
7
1902
17
7
8
1841
3237
655
995
655
1775
2415
1534
267
756
2246
3112
2244
615
2268
2407
1356
614
780
1324
928
2280
323
2544
1325
2649
704
-1
621
456
1179
2545
2032
375
2299
619
2296
3476
4
1925
724
4
383
2252
687
1274
3424
2311
1685
1079
687
2446
687
2253
2504
555
1903
331
3040
386
2568
3224
1199
1956
2599
-1
1979
3361
2611
3383
693
3158
562
3010
3095
715
220
2606
2607
246
1122
1485
3542
1326
702
3366
639
1149
2030
3535
638
2063
392
245
1435
2339
-1
1169
2038
2464
292
2465
2359
-1
-1
1285
206
2395
90
90
681
682
648
322
1212
1854
647
3316
650
2288
1519
839
649
385
20
2676
652
651
2069
2068
0
654
1625
653
2487
38
610
611
1869
399
996
2642
247
2017
2912
1539
1538
2486
2391
1737
2686
2390
1699
875
2458
598
869
2162
1352
2929
3443
903
2486
2711
260
1594
2214
1185
2402
1415
669
2257
1918
670
478
65
2765
1780
666
2730
2452
2257
2453
667
462
915
231
2697
2696
1658
3378
1017
1770
2804
1771
77
2351
2753
284
2750
2749
1320
3267
324
2471
3268
2236
1244
1170
2657
1788
570
451
1786
528
2779
646
1878
205
646
2356
1578
80
2963
266
2975
330
686
2185
685
3487
406
624
627
626
382
1108
381
1342
2903
3083
171
1342
3007
2593
2179
2829
2813
3361
279
2782
633
2781
2784
373
542
3089
373
1422
906
3212
35
305
1229
1845
2637
1141
2954
767
1995
1161
1891
701
1232
46
824
700
1411
67
637
2426
1411
232
618
1302
852
3072
3200
365
406
2520
2184
200
2211
3423
-1
2940
-1
2912
1714
2911
355
2018
1514
3116
993
712
711
831
975
1272
2801
2798
3271
2431
78
3008
634
277
2340
277
2574
1330
3279
1760
3337
2510
1760
720
2509
2897
2746
340
719
495
2428
1062
2622
3036
495
3051
477
2481
2481
2216
623
3098
1744
3489
2703
2701
1656
-1
-1
554
84
2644
1914
84
1095
2640
901
1560
1981
1190
452
902
1402
3132
1440
1913
2833
2646
117
2577
-1
1104
116
1192
1577
932
1417
3042
3299
3043
3216
1565
1731
3148
1477
3338
1882
2171
994
2365
215
2367
3145
3139
573
1359
3145
572
2251
1856
1601
3219
1473
3096
2088
202
877
2942
471
1858
2762
1228
587
2200
1227
2983
1022
3082
3081
3009
3008
3007
565
59
2496
1233
1483
3126
782
3113
3244
782
153
3111
612
1589
1216
3056
1248
2549
1857
878
2882
3189
2666
787
1292
3159
2811
1716
1378
2812
443
1717
152
1293
3157
1943
2825
211
-1
1900
951
3511
952
2761
953
3520
699
1861
769
2839
3206
378
768
377
378
2974
2838
2125
3240
2766
1225
3169
3166
1945
2925
1493
1031
358
2927
1502
3261
122
1235
3264
2466
1729
2407
1047
2473
2772
2267
2268
892
158
159
2245
615
2245
1034
2411
3416
754
755
3364
784
2665
783
3365
1767
444
1828
-1
-1
3475
-1
759
1767
2856
3191
69
2663
209
522
3150
3199
1280
1088
2084
214
2490
516
1237
1276
794
1818
992
1070
793
990
893
2213
343
1347
1924
2193
2555
1501
-1
916
3165
3169
2806
916
172
3312
2826
81
3274
11
2516
1644
2498
1685
2739
489
3017
3201
494
3180
1526
3489
3202
2705
990
1647
3023
402
332
461
594
1207
1909
2865
3188
2997
322
1679
3316
1830
374
1528
346
2950
1793
341
1552
2131
2149
816
2131
1548
55
191
1252
814
3175
2872
3176
2133
2914
2238
298
103
2237
1798
3254
3545
62
2343
161
3404
368
1599
3307
1051
2126
701
2887
1036
217
448
395
368
2797
367
3068
2114
2721
514
829
3197
828
3401
321
3116
2880
2883
2101
3395
712
2565
2692
1812
920
921
111
2611
-1
1150
836
1768
1574
1665
835
532
3288
1386
3294
3294
147
2617
2287
650
1551
1494
2361
2871
1730
842
2275
841
3427
1731
-1
581
-1
3204
3419
1580
133
1015
3421
1690
920
1705
1028
2476
2414
1780
3408
2501
3408
1863
2823
888
1584
1585
2208
1011
3486
1300
1301
704
1376
3456
1697
2182
3469
3025
3124
3373
569
857
2932
868
1201
856
2764
3403
2144
1816
448
2177
592
2715
2951
1939
2321
3291
3297
883
863
1526
1753
3491
862
224
576
1172
1115
867
577
22
1623
1624
865
1805
3273
2929
1779
856
2930
2202
661
1654
2564
501
1326
3541
232
-1
3107
-1
2788
2507
24
2507
-1
-1
2158
316
660
3478
1260
1259
994
1488
746
758
1489
3117
257
598
1491
1490
881
1949
880
935
1951
2513
179
3065
1622
862
1621
2693
1511
402
2818
2235
3319
2235
2935
3377
1193
1808
1104
1809
850
2842
1443
140
2086
3168
1225
2192
4
3477
2493
1356
2410
779
530
795
3239
2212
2197
1282
236
1283
204
2279
1101
1282
983
1675
1670
983
409
422
447
1832
926
447
1830
107
2846
730
2643
1560
1466
731
663
1557
1989
3374
1409
3125
918
2318
1055
1400
696
417
-1
1116
577
315
3450
329
129
3359
351
2082
357
911
910
1157
2083
3344
458
3343
1959
3344
3347
2142
501
1462
671
2700
2072
799
798
2868
2868
276
172
580
1315
905
3514
1820
3513
846
833
3547
833
2477
1746
2008
923
1771
922
3106
1615
925
424
45
938
924
1289
1829
374
899
1831
447
234
616
2295
2538
3384
109
235
931
2056
371
136
930
33
736
1972
1974
1973
934
74
933
1974
1952
881
599
2134
251
3525
3334
1474
3096
95
3011
2451
925
3414
1929
1289
-1
40
473
501
2143
232
2143
2075
2427
2117
1091
105
1277
1091
1032
969
946
1407
450
181
945
3271
7
948
1449
947
2982
2123
2662
1476
3406
2797
270
1908
952
765
951
766
567
954
766
1907
2916
1916
953
2256
1416
1415
971
2738
328
130
3188
3399
2681
2374
2373
2889
254
198
1740
141
1414
962
1352
2163
2673
961
1736
2273
964
341
2949
1306
963
1323
221
966
1383
1913
965
562
256
2404
387
2534
255
3370
507
945
1346
1408
387
182
956
972
971
1416
1201
974
329
244
431
1269
973
2100
2881
712
209
2383
2102
1432
978
1622
977
2042
1625
430
3228
1988
3227
430
1373
3121
-1
-1
419
2889
1012
585
897
898
2200
26
590
64
1906
1958
1957
1296
2910
2335
-1
-1
2302
-1
-1
3020
990
3023
806
794
989
992
3087
3024
1431
991
793
711
3117
1964
1963
877
740
996
1811
610
656
995
1868
2276
1626
3013
999
1057
44
3183
998
2431
3257
1413
3431
1180
407
2896
3435
309
2518
308
2514
3064
2219
3252
313
2559
3369
573
2160
1007
2176
1006
2161
2165
3070
2536
1054
1052
1051
1677
1105
2234
3376
851
3030
2842
1013
982
1136
2888
1012
407
485
1898
1015
845
3118
1014
1017
19
1330
673
1016
1331
2048
3224
1081
3441
108
3041
2575
-1
193
1025
1023
546
3094
3010
750
2227
2726
1021
1152
3367
278
1377
279
1021
353
243
1942
1723
2996
1722
3246
847
1775
2820
1255
1833
463
2070
1946
2925
774
2186
2118
944
2116
1238
1975
367
781
2417
3417
1535
1536
1537
2884
216
824
3049
411
2884
2971
2151
446
2154
2153
1890
1261
96
2291
139
1260
2044
2934
2936
2938
2933
1215
2207
3532
170
1390
426
101
2223
2283
2282
1899
240
777
2004
2003
158
1398
2011
3073
3214
1088
2795
1089
1009
2054
823
2053
1009
1599
357
2928
1394
2535
2978
1008
2483
1372
905
2652
334
3182
998
3184
1058
1137
1057
389
265
2359
2038
2037
-1
-1
1119
1978
1120
1357
2444
721
1710
1357
1120
366
2104
188
2104
519
1090
2599
1980
1121
1977
1119
2258
2378
1574
1928
3092
1575
-1
2957
794
2706
1617
2957
1885
3018
1637
-1
3017
1366
1755
280
2523
2110
281
2524
283
1754
1755
1685
1683
2876
490
2875
1687
3389
2874
3388
626
2956
3077
1509
203
1018
1956
2166
1395
1086
276
1084
1395
1083
1938
2606
1734
1442
-1
1087
2506
1082
506
1086
2605
790
1050
1635
366
1050
2103
2688
2181
1065
944
2688
943
3324
2687
1876
564
2026
2863
264
1095
2293
729
2294
1094
233
1097
1829
1096
2145
2153
1099
1745
1656
493
42
1098
1101
2537
2213
896
2280
1100
2447
2848
597
2446
52
2199
274
735
887
1904
1010
157
2951
582
1940
582
2952
2320
1109
2716
688
3291
1108
3298
52
2447
2370
2369
2052
2051
-1
-1
1743
1948
2353
1114
574
1113
2347
3504
2461
865
907
-1
2348
2344
1118
120
578
531
1117
1067
1061
1358
1063
1061
1980
2222
1122
1066
1121
271
636
468
1124
572
1123
1696
2026
2319
1419
1660
-1
2269
2271
2270
2000
2709
539
1129
2971
1128
2155
56
1920
3244
1217
31
2550
1461
-1
3266
-1
2039
198
1781
198
2850
1136
2040
2314
340
2745
1012
1134
1138
2069
1058
76
1137
1785
2669
390
345
390
2670
3303
698
2638
377
1678
3315
2491
1144
2539
1148
3439
1143
2613
-1
3509
27
1147
3152
2003
2560
2002
1146
2597
1143
1149
1148
2540
638
2636
1153
834
2635
-1
2413
3382
1153
1024
1152
3383
1150
3366
1155
2413
1154
3367
2635
1157
1547
83
1394
1156
911
192
3519
2207
2096
23
1930
561
23
1702
699
1162
1518
1161
3499
385
2852
1578
2357
2853
342
346
3300
1470
1883
2517
2942
252
176
1864
510
176
1862
596
-1
-1
642
1271
679
1171
1170
2591
2594
3505
1651
864
1438
284
154
2898
1175
1176
11
3275
1174
1177
2890
1174
1295
1176
1749
2987
1521
-1
2297
173
619
1181
1001
2443
2888
1180
535
143
2548
3002
143
2328
1249
2215
2734
1185
665
1184
2732
2403
2472
1188
2402
2401
425
2401
1186
595
2400
594
1910
301
731
2057
3226
3054
1962
114
1193
735
2060
887
1192
1791
164
1647
435
165
113
2947
487
486
583
2437
1478
376
2946
-1
630
118
2587
2892
1643
2684
2931
857
972
2845
1411
2337
85
2845
2262
1205
3182
1319
2315
1204
1554
1907
1207
2398
1206
2441
808
1827
515
1209
1208
2664
1211
1773
-1
213
1772
307
1209
1456
647
1453
3428
1455
236
1496
1215
2585
1043
2937
1214
208
1217
756
1216
1130
2247
-1
428
-1
2334
206
205
206
2572
3458
1222
387
2548
2553
2534
1221
1224
2241
1915
566
1223
1244
890
772
1226
1225
3167
1348
749
587
1795
748
1838
3357
697
2863
1695
2834
1696
468
1889
1232
216
1231
2660
700
3128
753
1900
1343
3128
3510
1591
776
1236
1235
2467
2265
2489
1238
792
1237
1033
2118
2374
1240
2790
1998
458
1239
1242
3295
3090
147
1241
527
442
1517
2239
2238
1224
678
1246
2708
197
1458
337
1245
31
1920
2549
757
3057
393
2326
2625
1183
2326
602
2623
3529
1550
3329
816
3529
1548
1254
2050
1334
3115
2672
1253
1029
1256
2769
1255
2821
1689
1667
1966
2185
146
406
2210
2291
215
876
876
3479
1041
139
1262
1040
1261
3495
83
2584
3430
-1
350
138
2747
290
138
1912
3304
2187
185
3308
241
244
1269
1700
2685
974
1268
315
2500
2648
2657
2656
1170
2828
1304
713
1273
1272
2799
2789
3388
413
624
413
3389
2879
2116
1707
792
2970
944
2119
199
2209
1966
1965
1666
-1
790
2011
2794
365
2921
2009
1283
896
894
895
1282
2345
3163
1285
218
1284
3075
644
1287
2589
2297
2371
1286
456
3247
1531
1530
925
3247
939
1838
1291
1792
1290
1341
341
168
760
443
3156
763
255
364
127
1850
1849
1847
1177
1516
1517
986
2462
1338
2840
3050
383
1648
3098
3492
1822
1303
2615
852
852
3454
-1
704
2650
457
3455
1300
457
2800
1272
18
14
2800
1469
964
1307
1553
1306
2950
166
434
3348
2984
3348
1391
123
2735
1313
2729
182
65
2737
2728
2732
1367
1310
326
1367
2652
2316
2318
918
2895
2317
2700
1317
3346
1316
1499
1492
581
2922
2921
2920
365
1204
676
51
2653
2749
2751
-1
2023
1703
2551
2232
965
93
1325
616
1455
2296
1324
617
637
1412
871
2418
1769
66
1329
336
484
2563
1328
1713
1016
717
3233
3233
253
1017
511
338
1333
253
1332
1758
2049
2767
1253
1798
1337
3253
3259
1413
3258
1335
1799
2672
1297
2463
1906
64
2809
1905
2562
1341
1837
1340
391
1291
690
689
3009
3082
1234
2841
292
1930
2095
356
2439
2966
2438
356
970
343
796
1348
3240
1347
1226
1350
2050
2532
2049
1349
1619
1352
2674
2203
961
1351
662
187
1354
1374
1353
2273
391
1693
3109
2412
2411
892
615
1063
1062
1358
1119
1357
1733
3483
743
3146
110
3483
3149
1425
3293
3359
3292
3308
329
425
299
1807
299
2867
352
1366
3018
-1
1073
1365
503
1313
1312
2734
2733
2215
1933
3498
1504
3390
3390
2779
2778
132
1372
1400
1371
3006
1055
980
1374
429
1373
2109
1353
3448
323
1452
1955
853
3076
2812
1025
2808
761
2811
2783
89
1380
21
1379
2803
2801
3218
3220
1766
3474
27
3217
2832
966
2474
106
2832
2473
1607
1896
3295
837
3289
1606
3299
382
2198
3298
359
3297
2362
1390
245
1389
1484
1044
1309
1392
607
1391
3349
2467
1546
1394
2306
1393
1157
1053
1082
1396
1083
1395
2167
1922
1844
1398
418
1397
2560
1048
3212
2484
50
3211
906
1371
1441
550
2130
1801
732
230
3451
2525
472
2525
2677
77
3198
321
1772
69
2883
1724
2327
356
945
2327
3002
970
904
3375
1538
1539
2713
319
1202
702
703
1326
3543
3540
1336
1414
1000
1413
3260
960
328
666
955
955
3327
972
3333
3434
736
3332
1421
99
2000
2271
1125
540
1487
3332
1418
3333
1422
695
1421
1973
2494
1424
2409
1423
3323
1668
3292
1361
1426
1425
2091
2919
2503
1428
180
1427
2504
361
2515
30
1430
2066
1429
2033
3086
992
3502
3222
2041
977
1434
2465
2094
2464
1433
2651
3007
641
2308
140
1437
3168
1436
3137
2869
2350
1173
2347
2352
1948
575
3242
732
1800
3241
1401
2129
3136
2556
1085
3136
889
537
2531
303
1445
1444
2081
2385
1848
339
408
1848
2891
2081
2430
2173
3183
2430
948
261
533
111
249
2927
357
2187
2032
2546
1375
2031
1454
1212
1453
323
1455
1213
1454
1324
3428
3317
1212
3317
3429
1830
3336
1246
2036
11
2899
1726
1461
72
1694
493
1460
1131
1463
231
914
2698
1462
2563
3420
1581
3422
3418
3381
3380
902
1559
2058
3380
1653
1652
-1
-1
1741
-1
-1
1305
1165
1471
2099
1470
3301
1545
3172
1859
2857
745
3218
2019
2194
3335
937
372
3089
74
563
949
3147
739
1566
1567
3465
1479
1197
1478
3537
281
2537
1481
1923
1480
2538
3384
3126
248
2689
753
3129
2903
1390
2363
1485
272
1484
636
3433
360
2322
360
3434
1420
1489
2089
877
878
1488
2754
3392
2459
880
3393
2052
879
3140
1959
1317
3305
3140
773
273
840
1495
3519
1494
2933
2206
1214
2596
2568
2206
2078
1499
2699
1658
1317
1498
1945
1501
2988
-1
1640
1500
797
3134
775
1953
122
2944
2776
1369
1996
3205
3231
1507
2954
2956
2953
1508
1505
3520
1508
1506
1507
1860
2953
1080
375
3179
2169
2303
884
3179
394
1513
293
265
3074
2065
1512
1515
2966
710
2965
1514
3444
2463
1296
1958
1296
2522
1243
1519
119
1161
380
1518
649
1521
2985
2298
1178
1520
2372
289
3053
2198
497
3052
2369
3195
384
3079
2704
3196
3050
3488
805
862
3492
124
3171
1529
812
2107
423
1528
6
1288
98
2
1288
3248
2680
2551
2474
221
1703
2024
411
2324
612
2246
2248
1035
3506
1035
2324
2244
1035
2416
2771
658
3105
1409
3104
658
1410
1541
314
2364
62
1540
1740
2027
3
1880
2939
-1
-1
600
2159
3301
1884
1471
2366
2535
1547
1393
1546
2536
1156
815
1252
3329
3328
1550
385
1251
1551
1549
1550
3331
839
1553
3387
813
167
1552
1306
2529
1205
311
2860
304
144
3185
2017
2915
903
3444
3186
1559
2837
3203
1871
1558
1466
730
1561
902
1560
2847
1871
502
2757
2289
1608
1607
47
1631
2748
1836
738
3153
1630
1477
3149
3146
1477
3147
1603
1569
2528
3080
546
1568
2809
-1
1571
-1
1570
506
2603
2052
1573
3003
1572
2370
597
1068
1575
835
1574
2377
1069
3042
288
3045
3044
1738
736
1163
1579
683
1578
2853
424
3422
1582
844
1464
3421
2817
1580
1583
500
1582
3423
3281
850
3283
3280
850
3281
2211
2943
122
1587
1586
2376
3057
1589
2962
2944
2961
1588
756
2375
3262
3264
3263
1235
207
3021
1593
207
1592
333
1765
1595
2714
664
1990
1594
327
1597
2924
2373
242
1596
1910
3466
3068
3071
822
3466
1052
3219
3097
2857
2856
1859
744
1603
3340
3339
2662
1602
1567
128
1674
1675
81
2827
2420
1607
1386
2520
1563
1385
1606
1609
1895
1563
2289
1608
464
1611
76
1782
2677
1610
2805
1613
3452
1841
3451
1612
3445
1615
40
77
473
1614
923
403
3287
2221
2220
1071
416
1619
2196
344
579
1618
1350
3201
1621
3202
1620
3222
883
1623
883
977
866
225
1622
1625
38
866
653
1624
978
554
1627
997
1626
2278
1805
3526
1629
225
1628
2460
576
1631
1565
110
263
1564
1630
2881
3397
514
3197
1724
2880
1635
366
304
1088
1634
311
1637
489
2775
1072
1636
-1
552
1639
-1
1638
1875
2583
297
1501
2087
2985
2724
109
1643
2893
432
1200
1642
2686
1645
802
503
2497
1644
-1
3019
3021
544
806
3019
1194
2493
436
1298
436
3322
43
1651
1852
476
1172
1650
285
1467
2820
369
1467
1866
2415
2756
870
3541
2756
502
336
726
72
1098
2701
2704
436
672
463
1498
2695
2698
1713
2138
1661
1125
1660
3123
582
3512
1820
477
476
3512
384
532
527
3091
66
836
3091
1667
148
1279
2455
1666
1257
1669
2331
1424
239
1668
3477
1671
897
1673
126
409
1670
1673
26
2161
2421
1672
1670
1604
2423
2420
1604
2468
897
350
3339
1911
3306
3341
1009
1854
1142
1679
1678
2492
810
2592
2655
-1
3124
1682
507
1681
2183
450
414
1077
1684
2740
1683
280
625
1076
802
2311
2499
413
2877
2879
1078
2876
2875
382
2476
604
1256
3245
2477
846
205
1692
551
1691
1879
2839
3108
1355
3416
3110
153
1460
1696
2835
1229
1230
1695
1124
2543
1698
853
1697
3448
2546
660
1970
3479
431
1969
1268
1702
2097
5
1160
1701
560
1322
1533
1704
549
1703
3048
2071
2909
846
3546
358
2926
1708
2755
1276
94
1707
2117
2577
2938
2818
2445
1063
2601
2444
-1
2622
2768
370
1713
1329
1712
1659
709
1715
152
1714
2913
1944
2810
761
60
762
2810
1957
1719
3226
2146
301
1718
520
558
1721
496
1720
2261
130
1027
2923
2261
243
1027
1941
1633
1725
1406
1724
3198
2664
2509
1727
1459
1726
3059
2035
1729
3154
106
2267
777
1728
3426
841
264
1836
842
738
1733
3236
2259
85
1732
1358
3485
1085
2608
276
2869
1937
183
601
962
2156
2684
659
1577
3045
1971
498
1971
178
1741
960
1541
420
1740
1468
2889
3432
3120
1112
3120
420
725
1745
223
1744
3099
1098
2565
1747
921
1746
1813
249
1749
81
2423
3275
1748
1177
1751
410
585
120
1750
1763
124
3493
3491
3490
863
225
3412
1076
2312
1076
3413
1073
1757
3320
199
331
1756
2581
2007
1333
3174
3106
-1
-1
2512
717
718
2511
2313
3276
107
121
234
422
121
1751
2168
593
1765
1593
1764
3263
3474
1381
3365
787
784
3220
1769
3539
835
335
1768
1327
1771
2021
673
674
1770
922
1773
1211
1405
491
1210
1772
2277
-1
-1
611
3238
1028
1868
499
162
2666
3190
515
2665
1827
73
868
2930
2077
2979
848
668
3310
2658
1133
1783
75
1610
2109
1782
1784
1785
3302
1783
390
1784
1138
680
2829
2830
3130
2831
2325
2654
2592
679
3424
2648
2499
1791
165
3387
228
1790
1194
1793
589
1290
165
1792
813
3356
435
545
1227
3356
434
2983
606
26
606
2984
123
3255
1335
820
1337
3256
2050
2570
295
1440
2569
1402
2645
-1
-1
480
-1
-1
1947
1805
2461
3014
867
1804
1627
1807
479
1934
1363
1806
2214
887
3055
3282
3282
888
3030
2093
1811
399
1810
2691
995
3351
1813
832
1812
2127
1747
3402
2177
217
449
454
3402
1817
126
858
409
1816
1831
793
2958
3503
3502
3286
2041
919
1821
1662
1820
3515
2482
1823
3196
1299
3195
1822
3171
212
3000
-1
1826
476
154
3513
1825
2894
1778
1208
1828
785
1827
306
1853
926
1096
811
1457
900
1832
927
1817
899
1831
233
3119
133
1029
3118
484
3066
3496
2640
264
2274
1731
1564
1838
3210
1340
1228
1837
1290
1840
283
2061
282
1839
2716
1901
609
1612
-1
1901
441
3369
2218
2834
3368
2559
1397
35
697
1846
469
1845
2835
1295
127
2891
2890
1447
1446
1850
1295
2422
1294
1849
410
2346
1852
3504
1851
3250
1650
446
538
1829
3314
1678
648
-1
-1
2013
744
3161
3189
2250
2089
758
1859
3173
747
1472
1858
1601
1861
2047
1508
3442
1860
767
1863
3409
1168
849
1862
510
1167
1865
320
1864
2849
180
1653
1867
1869
1866
1870
499
1869
1776
996
1866
1868
655
3380
2836
1867
2836
1559
1561
2062
488
1874
488
3194
3464
3522
427
1872
427
3523
1639
1092
1877
2122
1876
2970
3407
2779
1879
682
1878
3391
1692
-1
-1
1542
1882
202
1884
2085
740
1881
2941
2517
1165
2098
1545
1881
1886
3100
1071
2975
1885
2706
3516
1892
395
3352
2961
267
2659
1231
2155
454
2659
1039
1892
3517
700
1887
1891
455
1894
2554
256
2534
1893
2533
1608
2290
1896
1385
1895
3090
2854
405
2816
2854
2817
1014
2690
3533
1046
2689
765
1233
1902
1841
1842
608
1901
2470
628
3319
3321
3320
1105
3143
1906
1339
547
985
1905
1338
2440
1206
953
2760
951
2690
461
809
1910
1189
1909
1597
189
1912
1676
1911
3307
1265
966
733
230
2645
2294
728
1916
2917
1223
954
1915
325
3326
1918
432
1917
667
315
1920
208
3056
1247
1130
1919
1986
3530
2807
2137
172
1396
1924
343
1480
796
1923
235
2216
313
622
417
313
132
2989
174
1928
3539
1927
1068
1930
3011
939
1344
1929
1159
1932
459
351
3449
1931
3293
1934
2452
1368
459
1933
1806
1936
107
204
121
1935
2344
3484
1938
1735
1937
3485
1084
2436
282
860
287
2436
1106
160
513
1723
1026
513
2075
1944
763
443
151
1943
1715
1946
773
1499
2926
1945
1030
1948
574
1803
1439
1113
1947
880
1950
498
1949
1952
1972
1952
881
3061
1950
1951
934
2776
2175
1502
2175
2777
448
2479
1376
1956
630
1955
1081
1958
986
1717
1516
1957
985
1492
32
913
3358
129
354
1962
191
2147
2873
1961
1191
2755
994
516
2754
94
993
1966
1279
2582
1257
1965
1278
571
137
1968
2332
1967
-1
1970
2391
1700
1699
1969
2044
1972
1738
1739
932
1971
1950
1974
933
1422
934
1973
932
2489
318
1033
214
68
2114
1978
1067
426
1061
1977
2222
1980
631
2602
1066
1979
1120
1982
3133
730
2570
1981
452
3265
2302
2301
2167
3265
504
2136
505
3531
2806
2136
1921
3379
1988
2707
1987
3032
979
2485
903
2711
2713
1595
1994
1993
327
2736
2502
1993
2737
1994
1991
1992
1990
1993
3410
699
3521
1996
1504
3499
1995
353
3347
3343
3342
1240
2682
2000
540
2785
1127
1419
1999
2002
3139
3144
1147
2001
3153
2004
1048
1146
2268
2003
1047
2281
2864
2441
2281
557
2286
2008
1758
3107
253
2007
922
2999
2010
1281
2009
3214
3072
1280
1049
212
2991
3270
3151
2014
2992
1855
3269
2013
211
523
3396
209
2792
3151
25
1556
2018
657
2017
3186
710
2020
95
1473
2055
2019
41
2804
2022
1770
2021
39
3031
2394
2024
1322
2023
3458
1533
2026
3324
131
1093
2025
1124
1
2028
1542
2027
2789
262
2598
2030
2046
2029
639
3480
2032
1453
2998
620
1452
2031
2034
439
1430
16
2033
13
2036
2516
1727
30
2035
1458
2038
1060
3074
642
2037
1059
2851
1133
480
2850
1135
2745
1432
3501
1819
3286
403
978
2044
431
58
1970
2043
1041
2046
3481
-1
2029
2045
-1
2048
2955
1860
2717
1018
2047
2125
1334
1350
1253
1799
1349
1111
54
497
1111
1572
1491
2054
1052
3070
1051
2053
2978
2786
2195
2020
541
2786
930
2058
3284
1190
300
2057
1466
521
190
3055
3054
1193
2873
2432
381
1839
3193
1872
2111
2307
640
2901
2065
3075
3162
1513
2064
416
2067
1430
586
2826
3313
2066
76
2678
652
652
44
1137
2071
3546
1030
63
1705
2070
2073
915
512
231
2072
2074
2075
2142
2073
942
2074
1942
2077
2979
2765
598
2076
1779
2079
379
1497
2576
2078
2595
2081
303
536
1445
2080
1447
241
185
910
3495
3207
911
2171
791
516
2170
1882
2365
889
2087
537
2086
2191
1640
474
746
2089
1857
2088
1488
2091
3358
3345
1426
2090
32
290
3351
2224
2224
1810
534
2095
3461
1433
3460
2094
1344
3414
71
1159
1701
71
12
2099
1884
3016
1470
2098
2941
3396
975
2382
3394
831
94
2103
976
2105
522
2102
1089
2105
1065
1064
145
2104
2102
187
3303
2272
3046
2669
1528
2109
430
401
1374
2108
1783
2111
2309
1074
553
2110
2062
2113
2775
553
552
2112
427
827
2115
1976
2114
318
2490
2117
1276
1032
1708
2116
943
2119
1032
1238
1277
2118
2796
2121
3172
3097
3524
2120
3335
2123
131
1876
349
949
2122
82
3115
2767
344
771
2049
2127
3350
823
1813
2126
2977
2129
150
2395
1441
2128
2232
2720
150
1401
2719
814
815
2237
3267
460
2242
818
2236
935
2135
179
2134
2203
2354
2137
1985
1986
504
2136
1922
3122
1660
2269
-1
-1
3122
237
2141
106
2140
48
2833
2143
914
2074
941
2142
942
2145
233
858
1097
2144
454
2147
453
1718
2149
2146
1961
2149
2720
3229
814
2148
2147
2973
378
2491
1038
2973
538
2153
539
446
1039
2152
1097
2155
539
1039
1129
2154
1889
183
1737
2157
601
2156
2390
29
2159
875
2158
2744
1544
2161
1006
126
1007
2160
1672
2163
662
2932
961
2162
2683
2165
123
592
606
2164
1007
2167
1082
2336
1396
2166
1984
2303
1764
394
1510
494
3085
2171
2085
2292
740
2170
2084
2802
89
98
1448
2802
97
2175
592
607
1953
1954
2174
2177
3403
1006
1814
2176
859
2179
603
2624
691
2178
602
2181
564
188
269
2180
1090
569
854
2183
2182
3026
1682
2185
706
3289
685
2184
1257
2187
3305
1031
1266
2186
1451
545
2189
434
2188
2265
3349
2723
2986
2191
219
2190
2087
2193
219
890
2723
2192
796
372
1474
3088
2055
543
95
2386
530
1618
2386
578
894
2199
1522
1387
1103
2198
2874
591
749
984
591
9
587
2203
599
869
2135
2202
1351
492
2205
2389
2204
2825
518
2207
1496
1497
1043
2206
1158
3142
157
851
1278
3142
330
2211
1258
2843
707
2210
1585
2213
530
894
795
2212
1100
2215
665
1807
1368
1184
2214
724
2217
1925
2216
2482
3005
2219
469
1843
312
1004
2218
2221
1617
415
2958
2220
1616
2223
1121
1978
1045
271
2222
2692
2093
2092
2691
2566
3237
2227
279
3382
278
1023
2226
2229
2527
2726
3095
2228
3440
2231
2552
2773
2474
2230
2473
2233
1323
2129
221
2232
2394
1010
3321
2235
885
886
2234
2237
2133
678
819
2236
2132
2239
1244
818
566
2238
1243
2241
566
2522
1223
2240
2495
2243
2133
103
260
259
2242
2417
1536
613
780
91
781
2247
613
1534
3113
2246
1217
2323
1535
412
267
2323
2886
3161
1857
3192
3160
744
471
2253
624
2500
627
2252
2254
2255
3470
2253
3473
2254
2656
3326
955
2257
666
670
2256
2259
496
1067
558
2258
1732
2261
558
160
1721
2260
1722
2338
3236
1203
175
2427
513
2265
545
2381
2189
2264
1236
135
-1
2270
2408
1729
778
614
779
2004
1126
-1
2138
2271
1127
2266
1419
2270
1126
2273
2106
3047
1354
2272
963
2275
1836
397
841
2274
3496
2457
997
38
2457
1774
554
-1
-1
1627
2280
896
236
1101
2279
616
2282
2006
2005
1046
2281
2760
2284
557
1046
271
2283
272
559
556
2286
101
2285
2006
2288
839
273
649
2287
3518
2290
1609
1562
1895
2289
66
2368
1259
1040
2367
214
2170
294
237
1094
1914
294
1095
2296
173
928
621
2295
1325
2298
1179
1286
195
2297
1520
2300
621
2544
194
2299
2814
1983
505
504
1983
988
314
2304
2168
1510
393
2303
227
2306
249
250
533
2305
1393
2904
2063
171
-1
2904
1435
2310
2740
2110
489
2309
553
625
1686
2312
1754
2311
2878
2314
2851
1761
1135
2313
2512
3181
1205
2530
1314
3181
2484
2318
1315
2753
905
2317
1314
2320
540
1125
360
2319
1107
2715
861
2322
2952
2321
1486
2324
2248
2249
1536
2323
1534
1787
2326
181
2325
1250
1249
3001
1408
1407
1183
3001
181
-1
-1
34
2331
418
158
1668
2330
2410
-1
2948
1968
2571
56
2885
2571
1219
268
2336
987
3266
2506
2335
2166
2426
2338
1202
175
2262
2337
641
3008
2340
-1
2339
716
-1
2508
-1
525
2343
524
2342
3531
821
2345
1117
1936
578
2344
1283
3249
1851
2349
1438
3249
1114
2349
1116
574
577
2348
2346
2351
1438
2353
286
675
2350
2353
1439
2751
1113
2352
2350
2355
3065
2135
2907
2354
2674
293
2357
683
2356
3101
1163
2359
265
80
1059
2358
643
3331
2361
273
2360
3176
840
2363
1389
2579
1484
2362
2610
-1
-1
1540
2366
741
2085
2744
2365
1545
2368
2292
741
68
2367
2291
2370
1111
1523
1573
2369
1110
2590
1287
2633
2589
-1
1521
958
102
1596
958
1239
2867
2376
1590
593
3261
2375
1587
2378
-1
1575
2379
2377
1068
174
440
2378
2381
544
207
113
2380
2264
2383
2100
3395
976
2382
145
2385
364
302
127
2384
1445
2387
2197
2196
531
2386
302
2389
210
491
2204
2388
321
2391
660
2157
1969
2390
659
3509
41
3217
3508
-1
-1
3457
2023
2233
645
3457
2128
2397
90
150
528
2396
2719
2399
324
1206
2472
2398
595
2401
1189
102
1187
1188
2400
2403
1187
665
568
1186
2402
2405
2781
967
2557
2404
2406
-1
2405
61
2408
614
777
159
2407
2267
2410
2412
1423
892
2409
2331
2412
1356
781
2409
2411
1355
1154
1151
3480
2415
847
2821
611
2414
1653
2417
91
1537
1034
2416
2244
2419
1327
2757
335
2418
3540
2469
1674
1605
2468
590
1673
2423
128
1849
1674
2422
1748
2425
591
584
438
2424
2827
2427
2337
703
2263
2426
942
2844
85
721
2990
67
2844
2431
1449
1448
714
2430
999
2433
2061
2524
490
2432
280
2623
-1
2626
2625
-1
169
2437
1939
1940
1197
2436
3063
2439
1346
151
1345
2438
355
2441
1907
2761
1207
2440
2005
2443
536
115
339
2442
1180
2445
1711
1062
-1
2444
1710
2448
1103
626
2448
1102
1110
2449
2447
2446
2849
2448
2503
2451
3012
80
938
2450
424
2453
669
1933
670
2452
184
2618
147
2631
2758
1667
3288
0
3463
2488
2667
2277
2276
2459
3393
661
1490
2458
599
1629
226
3505
1115
226
1804
2521
1297
2496
2521
1516
1338
2465
1434
642
1433
2464
643
2467
776
3135
1236
2466
1392
2469
2421
1675
584
2468
2420
-1
15
1902
2472
460
677
1186
2471
2399
2231
778
1384
1532
2231
1383
2476
3245
2909
847
2475
1689
1690
605
921
605
3246
3238
2480
1955
2616
2615
3456
2479
2482
724
723
2217
2481
1821
2484
3211
1055
1399
2483
2316
2486
1989
2714
663
2485
658
2488
2667
654
218
2487
2456
2490
1975
1237
2115
2489
791
2492
1142
2150
1679
2491
2638
3323
1648
891
3322
1423
437
2496
325
2241
752
2495
2462
2498
1645
362
802
2497
3425
1789
2500
1686
2499
1270
2252
2502
848
3411
65
2501
1992
2504
1427
2449
1428
2503
627
2506
275
-1
1086
2505
2336
2508
874
873
2341
2507
2939
3058
1726
719
718
3058
340
2512
1761
3234
2314
2511
1760
3060
882
2514
1003
3525
2513
2516
1429
3313
2035
2515
801
1883
1166
2518
1002
2517
201
2520
146
405
706
2519
1606
2522
2463
2462
1517
2521
2240
2524
3193
1074
1075
2523
2432
2526
1404
1403
2678
2525
20
2528
546
2228
1568
2527
3094
2530
1554
2861
2315
2529
50
2532
1444
579
347
2531
1349
1894
562
3156
1222
1894
968
250
1054
1546
1008
517
1547
2538
1480
1100
1481
2537
928
1143
3440
2540
1149
2539
2725
3360
155
2780
2619
-1
2612
3447
1697
2815
617
3447
2299
2546
620
3077
1452
2545
1698
2548
169
2628
1182
2547
1221
2550
1247
757
1131
2549
227
2552
1532
1322
2230
2551
222
2554
1222
2627
1893
2553
2630
2556
537
797
1442
2555
-1
3363
2405
-1
2780
2619
3360
1844
1005
3138
3138
1147
1398
2562
16
429
439
2561
1340
2564
1329
1463
336
2563
870
2566
832
1746
2225
2565
605
2568
380
192
629
2567
1497
3133
1801
2644
3132
1982
1800
2572
2334
2333
1220
2571
411
2597
-1
2614
2613
-1
716
2576
1020
2718
-1
2575
2079
734
1709
2578
-1
2577
3318
2580
-1
2362
-1
2579
392
2582
-1
1757
-1
2581
1965
2584
-1
1639
428
1263
2583
2586
-1
1214
-1
2585
117
2945
2616
1199
-1
2945
193
2590
2372
1286
-1
2589
2371
2592
-1
1171
1788
1680
2591
2594
603
691
-1
2593
1171
2596
-1
2079
-1
2595
1496
3535
2573
1148
3534
2029
-1
2600
631
1066
-1
2599
246
2602
-1
1710
-1
2601
1979
2604
-1
1571
-1
2603
220
2606
220
1087
635
2605
1084
2608
-1
635
-1
2607
1734
2610
-1
246
-1
2609
2363
2612
834
632
-1
2611
2542
2614
2574
1144
-1
2613
2573
1300
2480
3453
2587
376
2479
2618
2758
838
-1
2617
2454
2558
2620
2542
2619
3363
-1
3036
174
3033
3035
722
1711
2624
2434
1250
-1
2623
2178
2626
2435
1249
-1
2625
2434
2628
-1
2553
-1
2627
2547
2630
-1
61
-1
2629
2554
2632
-1
2454
527
526
2631
2634
-1
2371
-1
2633
2649
2636
1151
1155
-1
2635
1150
2638
698
296
1141
2637
2492
2640
3497
2641
1835
2639
729
2642
3177
2639
162
2641
656
2644
3178
901
728
2643
2569
2646
1914
1801
48
2645
733
2648
3425
2654
1789
2647
1270
2650
618
2634
1302
2649
194
-1
-1
1434
2653
1056
1314
1320
2652
2752
2655
1788
2647
1680
2654
362
2657
1271
2255
679
2656
1270
1781
-1
-1
2660
1889
1890
1232
2659
455
2662
349
3405
949
2661
1603
2664
515
788
1209
2663
1725
2666
1778
783
759
1777
2665
2668
2457
2487
-1
2667
-1
2107
2670
1139
2669
3047
1140
2672
2807
348
1254
2671
1337
2674
962
3436
1351
2673
2355
2676
3446
3272
651
2675
78
2678
1611
1404
2068
2677
2526
2680
389
388
6
2679
1531
2682
958
2924
1998
2681
2996
2684
183
2163
1737
2683
1200
2686
432
1268
1643
2685
659
1092
269
2969
1091
2969
1090
2690
1900
1482
1908
2689
1899
2692
2225
1811
832
2691
2224
2694
884
3087
3180
2693
3221
2696
1659
467
672
2695
466
2698
672
462
1659
2697
1463
2700
462
1498
915
2699
1316
726
1657
2702
72
2701
43
2704
726
3099
1657
2703
1525
2706
806
112
1070
2705
1886
2708
3278
1987
1245
2707
3228
2710
541
1127
2787
2709
2784
2712
664
1989
259
2711
3185
2714
1990
1410
1594
2713
2485
3290
2321
860
1108
3290
1840
3223
2048
3441
3437
379
2575
2720
2131
2397
2148
2719
2130
2722
291
827
96
2721
68
2724
2190
2193
1641
2723
235
2726
278
2540
1023
2725
2228
2728
326
86
3027
1312
2727
2730
328
1310
669
2729
2733
2732
298
568
1312
2731
1185
2734
1368
2730
1184
2733
1367
2736
1310
2738
326
2735
1991
2738
1311
1992
956
2737
2735
2740
803
3413
2309
2739
1684
2742
-1
177
-1
2741
2947
2744
29
215
2159
2743
2366
2746
1136
2040
407
2745
720
2748
263
1264
1564
2747
3102
676
1321
-1
2751
676
286
1321
2750
2352
2753
286
2653
675
2752
2317
2755
1964
1489
1707
2754
1963
2757
1655
1654
1562
2756
2418
2759
2455
2617
148
2758
-1
2761
1908
2282
766
2760
2440
2763
3210
748
588
2762
9
2765
182
857
668
2764
2076
2767
771
3167
1334
2766
2124
2769
1712
134
370
2768
1255
2771
2773
3507
92
2770
1537
2773
483
778
2770
2772
2230
2775
552
-1
2112
2774
1636
3354
1953
1503
3354
395
1954
1370
55
125
1370
1878
681
3362
2558
2541
2404
3362
693
2783
693
155
3159
2782
1378
2785
694
2710
99
2784
1999
2787
2055
2056
542
2786
2710
2789
1
873
2028
2788
1273
2791
352
1239
458
354
2790
523
2016
2793
3397
2792
3400
2795
1280
2991
1050
2794
522
2797
3407
2119
950
2796
826
2799
713
261
1273
2798
2981
2801
1304
1305
713
2800
1380
2803
2172
2173
1380
2802
261
2805
2021
674
39
2804
1611
3164
799
1986
2671
3114
1921
2809
60
1377
1339
2808
1569
2811
1716
1717
1378
2810
760
2813
1377
761
155
692
2812
2815
457
2300
3455
2814
2543
2817
1897
200
1898
2816
1581
2936
885
1709
2935
2934
2870
2821
1029
1652
1256
2820
2414
2823
510
3104
849
2822
509
2825
25
3270
2205
2824
764
800
2067
2827
1605
2826
2425
2829
451
1271
1786
2828
691
2831
3131
1786
1787
2830
602
2833
1383
1384
733
2832
2141
2835
1230
1843
1695
2834
1846
1870
2837
1871
2836
3381
1558
2839
770
149
768
2838
1692
2841
565
1297
1343
2840
156
2843
1011
888
3487
2842
2210
2845
2428
2429
1203
2844
1202
2847
901
229
1561
2846
499
2849
176
1102
1865
2848
2449
2851
2040
1134
2313
2850
2039
2853
1163
266
1579
2852
1164
2855
1897
1898
47
2854
465
2857
1601
787
1472
2856
1600
2859
35
50
305
2858
2860
2861
1555
2859
304
2860
2529
2863
305
144
1229
2862
1093
2865
461
2005
809
2864
556
2867
425
102
1364
2866
2374
2869
917
916
1735
2868
1437
2871
116
2819
114
2870
840
2873
114
817
2060
2872
1962
2875
1079
2199
1688
1078
2874
2877
1688
1077
87
1687
2876
2879
87
2312
1687
2878
1275
2881
1633
830
975
1632
2880
2883
57
758
1406
2882
830
2885
1036
1037
216
2884
2333
2887
46
2249
824
2886
548
419
1013
1181
982
1742
959
2891
1848
1176
1447
2890
1847
2893
1200
2931
1642
2892
3327
2895
580
1826
1315
2894
284
2897
408
1001
2899
2896
719
2899
1174
408
1459
2898
2897
2901
245
3127
2063
2900
2902
2903
171
2901
689
2902
1483
2905
2307
2308
392
2904
-1
3064
2907
201
2906
2355
3435
2909
63
604
1705
2908
2475
2911
152
986
709
2910
442
2913
709
657
1715
2912
355
2915
247
818
1556
2914
259
324
2917
954
2916
3268
1915
2919
3304
3309
3141
2918
1426
2921
1319
334
1281
2920
1318
1318
-1
196
2924
242
1722
1596
2923
2681
2926
1031
773
1706
2925
1946
2928
1451
774
1053
2927
2993
2930
868
662
1779
2929
869
2932
1201
2892
856
2931
2162
2934
1043
1495
2819
1042
2933
2936
2819
886
1042
2935
2818
2938
117
1215
1709
2937
1042
2940
1543
2508
708
2939
1
2942
1883
2099
1166
2941
747
2944
1586
208
1503
2943
1588
2946
2587
2588
1198
2945
-1
3464
1196
2742
2332
487
571
2950
964
3046
1307
2949
812
2952
1106
860
1107
2951
2322
1506
1509
2954
1505
2953
698
203
2956
2047
2955
1080
1506
2958
1070
1071
1818
2957
2221
306
-1
-1
-1
-1
491
1888
396
1589
1588
396
3355
2964
684
112
266
2963
342
2966
1515
3370
1514
2965
1345
2968
24
-1
18
2967
-1
2970
2687
2688
1877
2969
1277
2972
1038
1128
2974
2971
149
2974
2150
2151
770
2973
2972
3101
1886
684
3100
293
416
2978
250
2127
1054
2977
2054
2980
1780
2076
257
258
2979
2982
262
2799
17
2981
948
2984
1796
749
1797
2983
1308
2986
1641
1520
2190
2985
297
2988
297
1178
1500
2987
-1
3034
1927
3542
3033
2429
495
310
2012
2794
2013
310
212
2994
533
2928
111
2993
163
2996
243
3342
1027
2995
2682
2998
810
296
322
2997
2031
3213
2009
196
1824
3213
-1
3002
2327
2328
1408
3001
1182
3004
257
1572
258
3003
596
3006
132
2217
1372
3005
3515
751
1435
690
751
715
2339
3010
751
1342
1022
634
3009
3012
938
1929
2450
3011
292
3014
22
997
3527
3013
1804
3016
474
471
202
3015
2098
3018
1073
803
1365
3017
1072
3020
1646
1647
3022
3019
989
3022
1592
1646
332
3021
3020
3024
807
989
402
3023
991
3026
854
570
2183
3025
3131
3028
298
2728
103
3027
104
3030
157
274
1011
3029
1809
3032
3378
2022
1988
3031
401
3034
2990
2621
67
3033
2989
3037
2622
-1
3037
2621
722
3038
3036
3035
440
3037
-1
472
-1
-1
379
3041
629
3040
3438
1019
359
737
1576
288
737
3053
3045
1577
100
1738
3044
1576
3047
2107
2949
2670
3046
2272
3049
412
1704
548
3048
1037
3078
1298
1525
3078
723
383
3053
289
1523
1522
3052
3043
3055
2060
1191
1808
3054
2059
3057
757
1919
1248
3056
1587
3059
2509
2510
1727
3058
3336
3061
2513
251
179
3060
1951
3063
571
3465
137
3062
2437
3065
2906
1003
2354
3064
882
3067
485
1834
464
3066
502
1598
3069
827
3068
3467
318
3071
1008
2053
291
3070
1598
3073
705
2010
3199
3072
1049
3075
1513
2037
2064
3074
1285
3077
203
1376
1080
3076
2545
3079
3051
3050
477
3078
1524
3081
547
1568
156
3080
750
3083
1343
750
3129
3082
689
3085
493
227
42
3084
2169
3087
1431
3501
991
3086
2693
3089
2194
543
1475
3088
695
3091
1241
1896
1664
3090
1665
3093
532
1069
526
3092
-1
3095
1022
2528
634
3094
2229
3097
745
937
1600
3096
2120
3099
725
1299
1745
3098
2703
3101
2976
1885
2357
3100
2975
3103
397
2748
398
3102
534
3105
1539
2822
1538
3104
508
3107
1759
923
872
3106
2007
3109
1693
3111
1355
3108
437
3111
1694
36
755
3110
3108
3113
3417
613
754
3112
2247
3115
3164
2807
2124
3114
1254
3117
711
830
993
3116
878
3119
1834
1015
134
3118
1833
3121
1742
1743
254
3120
981
3123
2138
2139
1661
3122
34
3125
855
1681
3372
3124
904
3127
1482
753
170
3126
2900
3129
1233
1234
1483
3128
3083
3131
1787
450
2830
3130
3026
3133
2570
732
1981
3132
2569
3135
1502
607
3262
3134
2466
3137
1443
1442
1437
3136
3484
3139
2560
2559
2001
3138
742
3141
1492
1493
32
3140
2919
3143
2208
2209
1904
3142
199
3482
110
2001
743
3482
742
3147
1566
1359
1567
3146
1476
3149
739
263
1566
3148
1360
3151
523
789
2016
3150
2012
3153
3215
1146
1565
3152
2002
3155
482
1728
240
238
3154
3157
1293
2533
763
3156
168
3159
168
633
760
3158
2783
3161
2251
474
1856
3160
2250
3163
415
2064
3463
3162
1284
3165
2806
3114
798
3164
82
3167
772
82
1226
3166
2766
3169
890
1436
772
3168
798
3171
285
384
1527
3170
1823
3173
1472
2120
1858
3172
252
-1
-1
1758
3528
191
817
2361
3330
817
3178
84
2641
2643
3177
229
3180
1510
1511
804
3179
2694
3182
2315
2316
1204
3181
1056
3184
999
1448
1057
3183
388
3186
1556
2712
2018
3185
1557
3188
130
242
957
3187
809
3190
759
1856
1777
3189
3191
3192
788
3190
57
3191
2250
3194
2062
2523
1873
3193
281
3196
1823
1524
1822
3195
1525
3198
1633
828
1725
3197
1405
3200
3073
790
705
3199
311
3221
1620
804
223
1620
805
3204
500
1558
3381
844
3203
3206
1504
3232
3391
3205
768
3208
241
2083
244
3207
58
3210
588
439
2762
3209
1837
3212
1400
2483
696
3211
1399
3214
2999
3000
2010
3213
1049
3216
240
3152
238
3215
738
3218
1382
2392
1473
1381
3217
3220
745
1600
1381
3219
1767
3500
3201
2694
3500
1432
1621
3224
2717
3438
1018
3223
630
3226
301
521
1718
3225
1191
3228
980
186
979
3227
2708
3230
453
2148
529
3229
550
3232
1505
377
3521
3231
3205
3234
1331
1330
511
3233
2511
3236
175
160
2262
3235
1732
3238
610
2225
1775
3237
2478
3240
344
893
771
3239
1348
3242
1441
93
550
3241
1440
3244
31
153
1130
3243
754
3246
1690
2475
2478
3245
1028
3248
1288
1289
1531
3247
423
3250
2346
2347
1852
3249
154
3252
312
239
1004
3251
3476
3254
1335
348
820
3253
3259
3256
1798
115
1799
3255
347
535
3258
1000
3257
3545
1336
3260
1336
3254
1414
3259
524
3262
2376
775
1590
3261
3135
3264
1591
1765
776
3263
1590
3266
1983
1984
1132
3265
2335
3268
677
2132
2917
3267
678
3270
310
2014
2012
3269
2824
3272
947
714
8
3271
2675
-1
-1
867
3275
801
3312
1175
3274
1749
3277
511
1761
338
3276
480
3279
19
2707
717
3278
337
3281
1584
49
1585
3280
1583
3283
1809
1808
1584
3282
190
3285
521
2057
190
3284
49
1819
3287
2042
3286
3503
1616
3289
837
2455
1386
3288
2184
3291
2715
2716
861
3290
1109
3293
1425
1362
1361
3292
1932
3295
838
837
1241
3294
1385
3297
100
3433
1388
3296
861
3299
1388
1109
737
3298
1387
3301
1165
309
1471
3300
1544
3303
187
1784
2106
3302
1140
3305
1266
2918
2186
3304
1493
189
1677
3307
1912
3306
823
3309
1267
1362
185
3308
2918
3311
1781
254
-1
3310
-1
3313
800
3274
2067
3312
2515
3315
1854
374
1142
3314
538
3317
811
648
1456
1457
3316
3319
555
2578
1903
3318
885
3321
1904
1756
2234
3320
1903
3323
2494
1649
1424
3322
2493
3325
1092
2025
269
3324
564
3327
2256
1917
1416
3326
2893
3329
1549
125
1251
3328
1548
3331
3528
3176
1551
3330
2360
3333
1418
1420
1421
3332
1417
3335
372
936
1474
3334
2121
3337
1458
3059
337
3336
718
3339
350
739
1676
3338
1602
3341
189
1602
1677
3340
3404
3343
1998
2995
912
3342
1997
3345
912
913
354
3344
2090
3347
512
1316
1997
3346
913
3349
1309
1308
1392
3348
2189
3351
290
2126
2092
3350
1812
3353
1888
46
396
3352
3517
3355
2777
2776
3516
3354
2962
3357
1794
1795
589
3356
1228
3359
1960
2090
909
3358
1361
3361
2541
2558
692
3360
632
3363
2780
2781
2620
3362
2557
3365
783
73
784
3364
1766
3367
1154
638
1155
3366
1024
3369
1844
312
1005
3368
1843
3371
969
2965
507
3370
3374
3373
3125
508
855
3372
142
3375
904
3371
1409
3374
3443
3377
274
1010
116
3376
886
3379
673
3031
19
3378
1987
1465
1870
1467
1465
3204
2837
3383
1152
2226
1153
3382
632
3385
929
1481
195
3384
173
3387
167
164
1552
3386
1790
3389
1274
1079
1275
3388
1078
3391
1370
1369
1879
3390
3206
3393
1490
54
2458
3392
1491
3395
2101
105
831
3394
2382
3397
2100
2015
1632
3396
2793
3399
559
496
556
3398
957
3401
514
2793
829
3400
492
3403
1814
1815
2176
3402
858
3405
822
3341
270
3404
2661
3407
950
349
2796
3406
1877
3409
849
848
1862
3408
258
3411
319
1994
509
3410
2501
3413
1754
414
1755
3412
2739
3415
2096
939
37
3414
2
3417
782
1693
3112
3416
1034
3419
1465
369
844
3418
3420
3421
1464
3419
1581
3420
845
3423
1580
1464
1583
3422
707
3425
1789
625
2647
3424
2498
3427
1730
482
842
3426
238
3429
1456
1213
1457
3428
204
1263
-1
-1
3432
419
1000
1742
3431
141
3434
1486
3296
1487
3433
1417
3436
1002
2907
475
3435
2673
3438
2718
118
3041
3437
3223
3440
1144
277
2539
3439
2229
3442
1019
2717
119
3441
1861
3444
663
3375
1557
3443
1515
3446
20
1613
2675
3445
8
3448
2543
2544
1698
3447
1375
3450
28
1932
478
3449
908
3452
1613
1403
1612
3451
441
3454
2615
376
1301
3453
-1
3456
1303
2815
2480
3455
853
3458
2394
2395
2024
3457
1220
3460
561
-1
23
3459
2095
-1
-1
2094
3463
70
415
2456
3462
3163
3537
2947
1873
3536
1478
3062
3467
1598
1599
3069
3466
367
3469
569
88
854
3468
53
3472
361
2254
3472
570
53
3473
3471
3470
451
3472
2255
3475
1382
1766
786
3474
445
3477
622
3252
891
3476
1669
3479
876
29
1260
3478
1699
3481
2030
2413
2045
3480
-1
3483
3144
3145
1360
3482
1359
3485
1937
3137
1938
3484
1734
3487
330
851
686
3486
2843
3489
1526
3493
805
3488
725
3491
1753
576
863
3490
1752
3493
1527
1299
1752
3492
3488
3495
139
58
1262
3494
2083
3497
1835
2275
2639
3496
400
3499
1369
125
1996
3498
1162
3501
3222
3221
2041
3500
3086
3503
1819
1431
3287
3502
1818
3505
1115
1851
2460
3504
1172
3507
549
1535
222
3506
2770
3509
2393
371
1145
3508
2392
3511
565
1234
59
3510
765
3513
1662
1663
919
3512
1826
3515
919
580
1821
3514
3006
3517
1887
3355
1891
3516
3353
3519
192
2288
1158
3518
1495
3521
767
1507
1995
3520
3232
3523
1874
177
1875
3522
428
3525
470
2121
2514
3524
936
3527
1628
22
226
3526
3014
3529
3175
3330
1252
3528
1251
3531
525
1921
2343
3530
1985
3533
1044
272
248
3532
1899
3535
2598
-1
639
3534
2597
3537
3465
487
1479
3536
3464
3539
335
3543
1768
3538
1928
3541
1412
2419
871
3540
1654
3543
637
2989
1412
3542
3538
3545
535
115
3258
3544
820
3547
1706
2070
163
3546
920
