-1
430
-1
17
3019
-1
-1
1805
843
530
2569
958
-1
449
-1
1600
3414
1422
-1
-1
2319
2781
1488
1369
531
3519
3421
1217
2231
3413
14
3521
2811
904
3022
2005
1709
2233
1708
2387
25
1708
3520
10
959
1975
1976
2062
252
19
1288
3018
1
-1
2369
2257
179
16
2570
1299
21
2805
1596
430
20
572
1595
572
1596
1298
1450
761
2486
527
2387
13
564
345
125
1540
2276
1414
382
1173
2017
508
926
2433
2436
974
1408
1393
1402
2683
970
2577
1945
2251
100
929
1174
2507
-1
2286
-1
-1
-1
1401
222
936
353
3280
1521
1522
1693
1191
1627
3350
837
2244
928
2865
90
2877
2879
395
1500
388
2481
3436
631
3070
2723
1593
2720
3196
3158
2735
583
72
3371
3346
1043
1741
919
3486
1317
316
1722
1568
797
2886
1817
355
2166
1416
1211
649
2404
259
3047
260
723
3466
2903
3529
2808
1004
1483
2210
777
1421
3079
1422
596
1391
982
380
2558
3375
2547
2011
1473
680
2047
136
612
2665
2386
3510
1420
1625
988
393
291
1626
3425
3422
2892
1098
907
1560
2151
233
891
807
3018
159
309
2953
710
2562
880
288
3287
157
814
1742
46
2199
161
1196
931
2458
930
1681
1650
1238
1549
2501
1922
86
3431
491
1943
584
2112
1581
2029
410
675
3447
3207
3398
132
1338
3476
177
1214
2413
2410
2097
953
954
2099
1968
656
2834
942
77
1886
3080
677
2292
624
3381
2417
1702
2170
293
2786
40
1697
1046
2853
779
1788
3297
1364
1741
1988
2463
313
724
2177
755
199
3347
2840
732
1480
1745
1629
176
171
2462
2873
3364
2104
364
2255
935
32
342
2360
2357
3489
918
3485
3313
183
3440
1977
1306
1976
1431
1160
2253
1148
2223
357
147
1022
973
1537
1538
1607
1142
2762
1440
1753
1317
1247
1850
1849
1151
3185
3040
1846
1803
1158
503
2322
385
1375
441
939
233
2950
3128
738
804
1843
1728
2218
231
1841
3244
1457
1458
1197
1906
477
130
796
790
777
434
2295
2518
2520
1427
3290
1433
1171
2331
522
26
1166
2489
533
285
2511
1277
3015
2000
1164
1744
1116
1898
3134
1385
121
1434
1651
2552
81
3399
2763
1604
1432
1431
972
1994
1035
748
2698
2992
2317
3330
61
162
2378
273
1928
2325
2313
3388
778
2307
592
1135
141
173
140
823
144
2200
143
-1
929
142
2315
142
2506
1654
3039
574
2258
3254
244
2187
1673
107
2148
678
2226
3036
520
2023
2940
2834
260
2995
3517
1321
923
2512
2176
-1
1807
-1
2143
2176
813
1610
2686
3295
3425
2746
1241
1278
475
71
2687
3232
1611
3368
69
3553
1085
2198
3151
73
2315
557
617
137
1473
987
3180
1423
3016
969
2923
2362
612
2365
2639
-1
1918
1667
2353
659
2404
-1
2485
3247
3101
1563
1382
700
3240
2461
98
248
2919
3450
1349
652
141
1252
1308
704
1329
-1
-1
2767
1970
1477
97
750
1287
82
2256
2370
917
18
1733
1732
377
3159
716
2212
644
1041
3441
3445
387
1274
1272
103
197
3482
1795
841
2267
2837
499
3099
1187
999
2061
1589
319
2776
1221
1221
2742
544
3145
3253
200
687
920
558
3408
515
2060
3228
683
1755
717
2376
2708
3354
835
3359
2107
2837
1666
880
184
403
1530
1778
2921
95
3060
2963
2047
190
1066
1185
1455
1964
1446
1618
264
3326
785
1122
685
1707
3116
2273
2272
1824
1524
731
2568
1518
729
730
1648
521
1649
2436
3015
2468
2347
536
328
811
2014
1979
-1
1825
-1
3004
312
1240
631
3437
1006
859
3213
2274
2860
2308
826
908
1996
552
3434
1319
3023
396
-1
-1
396
2875
2682
1858
453
935
286
36
1415
2846
1258
331
3542
2847
3256
1155
1407
2260
2825
316
1176
921
316
1665
1314
2476
3454
2704
1137
1470
2292
1782
775
118
551
639
1098
2893
1955
433
67
115
3506
1770
2421
434
2967
2294
2565
2025
3272
1675
594
3202
1224
1144
547
1135
2305
2099
2232
1709
2161
2954
749
2160
2348
2503
720
1810
3204
3101
3194
1172
146
607
1206
845
2759
1707
684
298
3419
1797
2814
1331
171
1819
250
401
249
2249
1818
2569
3413
2231
2880
958
16
2282
1689
962
2275
2696
1759
265
2430
2193
836
3515
1814
1811
513
1260
2456
733
514
3046
53
2216
150
424
53
2389
1641
2744
415
2809
2087
2740
720
2502
202
764
3111
1104
255
595
3483
2189
636
2425
273
618
986
1838
3253
2583
494
3003
578
3494
509
1507
909
1136
2910
719
800
267
3210
137
3535
1319
961
1864
3260
3263
3062
1572
2915
1025
2925
1024
1582
3456
3474
463
1093
3315
1088
870
1040
3314
2749
2750
1942
1646
1928
3344
1344
1339
2496
474
2407
1192
127
1191
3056
3316
222
503
3028
1161
562
71
372
3522
290
1083
289
1057
1613
64
1637
2182
1085
2139
1195
3446
675
89
1047
3270
377
1340
3544
1209
3206
1120
1122
2543
2542
298
297
2038
247
599
1394
1787
1403
3120
2690
2029
582
1374
460
1869
2800
2043
1125
1358
1409
1162
2043
985
2877
3188
502
2069
2670
2031
538
1752
1785
967
611
69
3369
1585
1677
1118
1795
312
3005
1836
213
311
-1
3249
94
712
3358
847
3183
2382
990
2462
227
49
226
823
3172
2168
2393
2167
1245
868
188
702
2742
2098
2409
494
2627
2311
3274
2126
2254
677
3081
2665
3230
1497
1871
468
1530
1498
1446
1809
1564
1938
2095
2428
210
834
835
444
1037
3326
2984
1296
2983
623
223
661
625
3533
783
1309
663
2602
1332
3405
2812
2771
619
1328
1354
1353
2788
1989
1990
2290
930
2456
2291
1799
400
1828
2147
2980
1092
2749
1213
1934
1049
101
611
621
2362
492
2482
900
2093
565
25
1299
406
2040
1499
1499
2041
2669
2763
798
1339
2277
2802
3333
1664
1193
990
2246
2405
2814
353
354
1010
1860
352
36
352
1861
1138
537
51
1751
3276
2223
3096
2254
604
106
943
1097
520
3064
2179
1003
2969
1421
1366
3078
1421
2161
3126
1486
1219
2709
679
1254
972
3035
99
471
3237
3236
506
1745
648
2116
2786
1819
3320
526
1548
1533
1790
370
3318
1534
369
3296
3559
1358
1684
741
288
787
2214
2215
2144
1902
1131
719
2911
2909
3270
2156
2375
1089
180
294
1920
1865
1864
2236
2155
2154
1683
59
597
815
3215
1387
27
821
1931
3006
763
1891
1426
3557
2934
114
976
3000
1410
2438
1392
873
182
1595
42
856
899
1556
2923
1592
831
3273
523
3034
972
2649
1994
2104
555
64
2748
465
465
1802
1636
789
41
2874
789
220
219
3073
3103
3050
2836
1152
1153
1178
1619
1036
339
1178
2350
2117
249
1062
1821
3146
2046
197
1796
1437
2936
1574
2298
2934
1525
1024
3536
346
903
1032
1033
1610
2338
498
2184
1408
780
3092
3123
79
977
1181
3247
2975
488
1180
2095
3193
1448
1206
482
1873
1650
944
262
1645
2760
2201
947
684
420
2269
2947
851
2064
1606
1538
1604
417
3339
2039
2651
1609
3117
1798
3418
3046
1578
3505
1404
260
2835
2217
2216
1577
532
1058
1059
1933
1933
3524
3523
1250
-1
-1
1504
2883
2450
2450
21
0
2465
994
3016
575
3492
2699
1634
1075
233
122
794
235
3348
1561
436
435
1783
438
1736
2219
3137
854
1076
436
2611
440
574
439
2623
2033
3392
770
115
1726
1727
1729
1178
1800
1179
2350
329
1120
2498
916
637
613
3013
2478
448
820
2453
-1
447
3460
4
450
1422
1400
1366
449
1101
696
2364
2887
797
2363
454
1945
221
936
453
1859
457
1713
456
1844
2631
455
575
455
2118
1658
1054
2118
1988
2801
1869
3351
302
814
2046
680
1963
745
925
971
2705
279
2004
1696
3164
715
743
394
393
909
2182
2550
1687
3196
1351
1780
325
1776
3114
2619
791
2333
1566
698
1626
3266
365
815
3514
3214
1377
1376
1388
284
2497
2191
157
956
1684
2843
1114
2067
742
1428
120
1210
3113
791
2608
2999
-1
2945
1115
1796
1898
839
1867
608
414
1434
3345
2803
1681
1947
1946
1950
3074
963
2695
714
672
1350
2738
824
949
1413
412
1874
1877
1764
3100
3030
2940
1501
1862
606
77
1914
343
1112
3002
1914
651
269
321
1917
3487
919
1753
1212
2305
592
1430
2768
592
408
3095
569
3098
186
803
3008
1738
2347
1482
3155
2402
1921
306
2041
2042
287
113
1216
555
1163
2447
2738
950
709
366
1454
2018
2979
3167
28
3550
998
694
270
2795
2955
2993
1730
1124
2340
1126
638
2718
1606
257
1363
514
793
513
258
192
3409
516
515
968
3032
2633
2446
3218
2446
3305
-1
1967
941
1579
149
941
358
208
3541
876
125
2330
801
2419
2030
390
1460
3540
2037
2045
2753
1365
368
3321
2045
2727
1975
24
1978
2102
678
1009
3503
2818
3412
3
3519
3518
8
1830
1680
1798
425
3471
1336
126
1516
535
1515
534
1961
594
210
2164
1511
758
2165
355
307
3044
758
1739
3299
2033
2499
1169
3390
2942
1169
2478
553
552
2101
1219
1220
3127
2765
1546
189
822
2100
2048
2133
1144
2131
549
2204
238
628
2288
2136
2203
547
1145
639
804
1840
231
2186
2671
542
3127
217
3379
542
1978
3282
973
3034
504
392
1804
2506
2713
2197
2197
1085
161
728
191
2548
920
3140
1474
1418
1762
1285
1291
1984
1761
3286
288
3288
787
-1
2213
25
2388
2482
2230
345
2570
2237
613
2238
1099
3013
1476
2589
-1
2337
682
498
1078
2643
-1
1412
2247
3448
992
22
1672
21
3442
1182
1595
439
3302
145
3491
432
457
2553
577
1472
576
2859
1137
2142
270
2141
2554
3027
2849
1130
2210
2703
2175
922
795
1411
2322
301
3217
46
3214
78
766
2258
769
3401
2329
1811
2910
2964
2145
2997
1495
3042
1129
1059
3507
1633
3043
1228
2185
3107
2185
2221
3104
496
140
497
2922
1556
1515
237
2466
535
1105
265
596
1999
58
595
380
1462
1492
912
-1
-1
2306
299
1364
1878
1622
643
3246
1180
1876
1018
1012
1763
3048
1945
1944
357
1225
1226
1912
1911
666
491
848
1887
3544
245
1905
1119
1239
482
1623
3067
610
1648
1647
609
342
2358
308
1493
62
165
566
1280
446
897
960
1320
864
1352
-1
1281
1282
2812
2377
162
2012
2473
1131
267
335
2772
1327
2397
1263
2007
1380
343
1094
2007
1015
651
3076
331
1919
3080
88
3081
1587
332
693
2691
2439
2579
2391
1251
1435
1362
548
2138
2289
2145
1132
2713
1268
2458
43
214
933
2000
3458
1391
1163
1164
1390
2939
3449
1194
2939
991
2826
3283
980
266
917
2239
445
736
512
1431
1842
550
231
3110
1177
1939
2976
2978
-1
773
911
1509
2211
3388
600
181
3385
3259
665
2088
819
667
3011
2271
680
1479
1478
2914
1572
366
52
2752
650
649
1721
1073
493
1265
622
2082
1430
173
2391
705
2392
918
874
3500
1773
2791
2055
85
3429
1441
3037
2020
2342
1757
1583
-1
3069
167
2637
3549
2484
-1
3477
2639
331
2637
2823
2344
333
2303
-1
2618
1643
-1
1908
645
2673
2158
2243
605
819
646
1527
1862
2089
1910
1190
-1
-1
2876
789
1316
2667
1272
2297
486
3149
2677
1777
1779
2679
1539
1853
1984
293
80
2120
677
2666
1894
87
323
676
148
1306
528
363
1253
2728
461
61
647
1963
1455
1821
2183
569
1959
193
3229
1551
685
417
246
3338
684
204
726
2537
2544
2577
191
2576
2928
782
3481
2655
2660
2653
3128
1419
3511
2657
1058
2656
693
2108
1155
625
692
2479
2648
509
1808
2276
2121
1539
451
2913
3332
1565
3233
2545
470
1457
2745
1347
3471
1165
170
1349
3342
1328
1332
2769
2769
319
1546
869
1330
704
1310
703
174
653
2580
2598
1246
2774
1436
-1
2787
-1
1454
1571
1569
2737
2448
506
1652
70
1342
3334
1653
2281
313
2178
1980
754
2694
3248
3497
3148
486
3362
2705
464
3122
3121
180
3158
1089
194
3174
719
2908
272
375
718
263
3203
242
2898
1293
2902
723
3470
3465
895
722
54
94
2694
2920
2920
1848
1150
2829
686
2832
2832
1175
2831
2575
558
2010
207
731
2202
1824
207
2758
729
2540
206
96
792
2838
1526
1070
258
2933
886
1653
1653
3335
2530
737
2717
638
1443
736
2253
1586
2949
116
3532
3553
1620
3288
912
3284
372
2556
3054
2748
477
1113
1113
1117
465
2274
1760
1062
2492
462
2491
1233
2284
2491
2284
2282
2492
843
135
842
241
3142
2232
3278
177
3227
2783
2248
1819
1379
1498
3230
3473
2153
1378
2884
713
1200
3058
756
95
755
3059
3061
3420
2880
957
3461
537
538
3044
877
3461
761
1288
2092
2804
760
23
3358
1007
763
383
3354
762
264
3168
2977
2017
1657
3551
584
2115
1924
1540
801
1682
2423
893
1647
1942
585
1983
441
1952
1953
1954
1632
3225
2646
3336
-1
2522
642
1957
1782
2293
1228
887
2261
230
2777
1933
1932
1130
122
56
139
3389
2855
2854
2851
91
409
2852
1044
3092
1467
3090
688
879
1535
3053
2107
332
2982
1296
1948
203
1121
2471
3232
832
3325
3324
373
563
1610
2874
2879
670
395
396
1384
3361
121
469
2608
478
732
852
3062
1259
514
1069
434
3496
1633
3454
3453
581
121
-1
-1
452
50
826
348
2887
2571
2996
1362
1990
1903
2965
272
767
522
2327
1682
2328
1651
2589
2338
499
550
117
1727
1023
3357
2711
2318
1829
1831
68
2057
957
3538
960
2225
3260
2224
1506
2693
1198
1199
2891
211
1511
2697
1731
1107
1731
3494
154
460
72
1466
983
472
381
2373
1810
1764
3203
1810
2374
3030
2525
3431
3010
667
645
447
1836
1832
382
3460
2453
1135
545
3171
3171
317
141
487
2085
3041
1005
3083
1936
797
1818
216
3475
2170
1701
1628
2864
1699
3314
1286
2003
2031
2420
3045
3272
390
1756
786
1565
3238
3322
2214
2162
328
1512
1982
195
3008
328
1465
256
2516
39
3351
2517
3360
1384
3138
481
3134
3361
2532
841
915
2266
185
840
1703
748
1256
934
748
2
1827
1854
1340
1904
245
1207
1150
2867
847
314
1981
846
1910
2087
606
1513
1645
2086
3049
3317
851
418
850
3319
792
2841
2299
1479
1480
2839
1736
438
855
889
3107
854
388
3313
872
2149
903
2006
3396
1614
3395
2764
215
1061
894
861
3213
1690
2275
860
2044
1011
1415
1011
3181
1533
2962
615
2788
2904
2801
1741
1353
1042
2962
3374
1461
3372
2775
319
2770
3222
703
3221
2850
2212
280
2212
3387
3384
873
1450
856
3440
387
872
654
1774
1235
1095
3490
2310
2320
1929
521
759
2320
3407
-1
-1
3285
782
2929
3050
3481
197
70
3240
2278
2916
2075
2469
2615
3342
3241
3240
1336
3472
2844
2001
2821
2353
734
2973
2280
888
775
1489
1588
3380
887
3106
855
1370
1369
1784
1630
2514
2318
68
1623
3259
3066
768
1291
1417
1946
860
1615
2500
723
1550
1710
3269
-1
2224
614
2227
1505
1506
1940
1298
900
388
344
2907
899
1231
2650
2459
1597
3267
2154
857
3535
406
2495
11
2062
2076
2431
2377
2012
3367
2076
66
3084
2052
2174
217
1220
271
466
1137
3197
1510
2957
642
3162
2519
740
1133
598
3284
3322
3286
1152
3053
3533
2836
3051
840
445
1725
2256
2336
637
178
102
1095
654
495
1754
48
1723
559
191
3366
227
2077
581
2143
1314
3516
2995
152
1517
2568
2540
952
1517
462
1889
2451
28
1698
928
1970
927
40
1992
143
-1
33
2455
338
74
1236
1237
74
3417
933
2924
1930
631
932
2794
2698
843
100
1183
221
1944
454
36
1562
1631
1630
1771
2524
2422
3224
1635
115
3132
2966
3506
520
3037
519
1863
86
1096
3528
358
1096
2808
415
3464
1579
2621
1441
2621
-1
1405
1923
948
416
947
2234
1719
1063
950
487
1028
505
949
962
3281
2493
2567
925
2493
2286
84
1986
84
2287
2131
1106
956
2510
955
2863
475
757
1503
807
252
3421
3
-1
-1
14
808
961
614
960
3539
274
253
963
951
485
1549
962
967
1786
1858
1786
1247
1861
1893
2664
1381
308
964
1048
516
1927
1592
164
1205
1591
1823
1567
31
3020
1068
462
391
364
134
554
3432
107
1162
1468
29
2435
2467
1803
385
2323
1392
1374
1045
410
2195
1103
2192
1232
3237
2459
636
981
1598
980
3433
2989
58
2438
1814
3216
815
1388
1481
1128
3245
2878
305
2670
3180
268
1883
2426
1030
163
2747
64
2956
2619
3115
1051
315
2077
350
635
1194
1193
3177
2643
571
3254
1204
1447
1712
2700
431
996
3047
3046
3418
1168
995
3301
998
1827
997
3298
508
1928
187
1000
999
1925
3400
1166
1337
2543
2833
1337
1336
2022
3251
359
1639
2180
55
1890
825
1425
1833
2925
214
762
3184
1008
1846
1891
1007
1027
529
1583
352
1303
1416
862
863
3056
602
3117
2373
1528
3338
1018
1747
1611
3324
2629
3547
622
1674
1017
2712
1016
1733
1605
3116
602
1013
2652
1719
2899
1021
2901
1037
2503
1020
2502
107
1674
3357
3035
805
3364
405
277
1660
2924
277
2264
2469
1616
1758
3502
1009
1758
1029
950
1851
3149
1897
1028
987
3211
2908
2426
1424
1473
2069
407
2878
407
2730
2685
1103
1035
1993
1034
2196
134
2502
2351
399
2351
1020
329
1419
3129
1767
1634
2422
3349
1041
1284
280
1285
1040
181
1043
3347
866
47
1042
2904
2689
1576
780
1071
2690
977
1403
91
3124
3124
294
3121
1184
1049
967
1381
342
1048
1051
1837
2620
3138
1050
989
3294
1053
1748
1052
3295
1611
458
3039
1655
3038
1658
-1
2549
1636
1612
290
3523
2549
691
426
3522
426
2658
588
2058
2054
-1
859
1062
1817
1061
744
401
3480
949
1847
1849
3480
3186
1838
2909
1812
1838
2317
200
3252
3145
1234
971
2575
2490
1070
2299
793
1573
1069
733
2689
1045
1080
1576
1544
3093
1074
2613
650
2607
1073
1210
433
3348
1559
438
3136
1559
3560
1960
1266
1960
1516
569
2032
1189
2876
1575
1071
1375
2434
1392
1391
1536
2662
2660
2659
2655
289
3150
1236
1362
557
160
292
2895
1132
2412
2410
2895
1398
2156
280
2146
717
377
2375
2707
1093
2706
2735
3497
2300
1093
2708
340
1090
1092
279
621
1915
1917
918
875
1774
1967
942
943
358
3529
2180
66
232
1669
3012
567
3192
3332
2571
2363
2120
451
1702
2636
2018
2451
978
1034
2194
2429
265
2408
1376
595
1813
2862
955
2496
812
2513
2993
1255
2015
2992
1760
1110
1456
1109
1974
1822
2792
2368
1367
2365
1261
492
2842
743
742
476
1907
1899
480
1116
1794
1115
2067
129
743
2843
2066
1801
2945
310
3205
608
1341
296
1855
444
785
3327
2984
203
2472
296
1124
2715
2042
2897
511
1123
303
3029
1372
2716
511
2718
2401
1864
1242
984
2401
2746
588
3495
1932
3495
777
580
618
1327
374
1086
629
1399
912
3289
2326
2130
1223
2100
140
239
822
2859
2848
271
229
577
909
1302
354
1301
3234
1248
3229
2761
1142
2721
2719
1593
2183
1140
109
2723
2761
2722
1248
546
2441
238
2441
1195
549
2205
1147
2199
1146
2206
2208
3105
1227
106
3105
1226
2672
725
846
2177
1848
2921
111
398
914
1621
3073
3051
398
3478
2343
-1
1749
225
692
1666
3068
1519
2339
3365
1537
1965
2897
113
2671
1160
1432
1159
2672
105
1162
2435
287
304
974
1161
2467
633
504
633
2468
128
2489
1679
699
1797
126
1001
2038
2541
1334
996
3353
1502
541
1170
540
1169
2943
1955
124
2551
3193
2551
2112
244
3087
3509
27
2356
3071
33
727
1176
1568
1175
2926
226
640
2371
-1
400
443
399
1618
443
1656
601
1181
412
1180
411
2428
573
-1
1672
2126
1184
935
1183
1892
1048
2785
2116
201
1478
1991
1964
3382
1275
186
1439
3382
2724
1190
3188
1079
1273
1189
669
38
285
2334
2510
285
1694
991
2873
350
991
634
2872
1145
1196
292
1195
2442
73
2890
2889
120
810
3249
1826
810
1857
3059
2731
754
2693
2884
1987
3231
2102
1203
2226
1202
1491
1475
993
3017
2700
3017
3255
969
245
3545
413
845
1448
3492
1888
3303
3300
1888
3301
295
3112
478
1074
1343
52
2483
2986
-1
496
341
2026
1971
1934
82
2750
2430
2970
2194
2871
1993
504
1709
9
1218
3078
1217
1601
3517
543
362
543
2505
908
2774
189
188
2105
1246
2168
2098
2106
1134
2130
238
2097
604
2255
2931
604
2868
1149
1148
3109
3097
2220
590
774
3262
3308
2236
2154
1242
3262
2990
1312
901
3236
979
1663
1234
746
1881
1067
1884
1233
2054
2059
874
1084
931
2290
931
3151
2457
1670
1345
75
608
3206
1872
1738
3009
213
1242
3267
156
1230
1241
1127
2439
1244
2604
1243
3220
2601
1251
2392
318
1222
706
1251
110
1301
965
1139
1300
1143
2262
2595
2082
3410
428
2083
627
1245
1246
2167
2394
173
679
2710
1977
3141
1486
363
3402
1108
2955
2015
1401
842
1258
3257
3068
223
1257
2345
2841
1260
793
1259
2129
257
1112
1264
1265
2792
1406
2080
620
2398
1919
1261
2366
2368
1261
2081
651
3095
2605
1077
3094
2338
2337
630
1930
3416
1930
2714
3071
2631
-1
2119
1272
2668
1373
671
1271
183
3187
1190
2667
2296
183
2125
1187
2609
2590
2590
3243
-1
1558
2546
127
1557
2511
157
2189
3484
2335
613
2241
1941
2431
616
2380
616
2432
2461
-1
3411
-1
1972
2027
1040
1972
1041
560
1287
3279
829
177
1286
2750
760
1289
16
1288
2449
2881
3447
2229
1762
893
561
1418
2902
2900
1294
721
2899
1550
1292
2503
2349
2900
2903
2985
330
1297
784
1296
2985
1951
2092
899
23
345
2093
19
1301
1318
1248
1247
1300
1138
3234
1303
1138
1302
3235
1010
1305
2906
2063
2481
1304
2005
678
2495
104
1975
2063
2388
3130
174
2815
1451
333
1311
1311
704
3131
3220
1310
1309
1231
2989
2460
3423
1597
2988
2475
228
922
2476
2799
2209
-1
-1
670
110
48
1318
1300
1317
2762
218
1320
274
1319
3435
614
1322
151
1485
1730
1321
2954
2675
1324
2597
1323
2676
2392
1326
3049
3048
3316
1325
1944
1131
2474
619
3404
701
335
2958
1532
174
703
3223
2958
248
2815
2813
701
334
1531
2757
1523
2759
2270
1167
2268
-1
-1
1504
533
884
1002
1002
2927
1001
1344
1671
81
348
2572
283
1341
295
844
3291
1340
1119
1437
1438
710
2751
1211
2933
283
1345
1338
1344
3345
1238
3241
1348
2844
2278
699
1617
1346
3343
2824
700
172
2826
486
2678
2301
2300
3457
467
615
2963
-1
336
2564
866
1463
336
3372
2787
2789
3373
1916
1357
2357
1356
3293
3490
303
1359
371
1358
1361
1790
1361
2065
3318
1372
1360
1359
799
628
1084
1989
2291
513
599
92
1548
525
1460
1547
450
2817
360
2385
1368
1111
1367
2386
2418
1370
890
7
1783
1369
889
2715
2065
1372
1371
1361
1125
3444
3441
1271
1375
977
301
1080
1374
114
473
2408
1105
2407
473
2862
2028
1688
753
2152
1775
752
2361
621
1916
2359
1049
966
2918
170
2917
2559
2074
-1
838
790
-1
130
1901
1386
1385
1900
-1
2558
1815
381
1815
473
983
2193
1390
1999
1389
2871
633
58
632
1081
1081
976
386
30
2961
2856
299
2307
2856
1396
2807
2553
2806
1395
2475
2074
2560
2917
2766
1087
2412
2411
1132
2144
2816
450
1686
1256
2816
35
30
2857
2853
2852
1046
300
1405
423
1442
2586
1404
946
1262
1407
1750
1406
2793
225
3091
30
409
3558
1467
304
2437
386
2245
2244
582
1692
2302
1735
570
3376
2122
488
-1
27
-1
1416
862
222
51
1415
1010
3258
1623
893
1291
560
3258
690
1038
2657
63
3511
2656
361
57
360
449
57
5
2009
1424
163
1423
3161
1031
1661
2509
1005
1936
384
1660
1428
2747
123
477
1427
2111
2767
1430
2083
1429
497
652
133
105
638
133
1842
1159
124
3291
1434
482
131
1433
1436
2691
627
2776
1435
706
3189
1342
403
1342
3190
2529
3499
1704
1188
3486
3499
109
1442
656
945
2835
1441
1404
2946
737
2869
2252
3049
2946
2094
1938
-1
2974
326
202
1448
3194
993
413
1447
1207
1450
1596
2805
872
1449
23
3131
1452
1309
1451
2406
1734
1937
3557
2733
506
708
2084
201
1456
681
1455
2117
1109
119
3245
698
119
1566
2688
3540
1648
2036
3406
524
1365
867
1464
3370
3374
3373
597
3370
2564
1354
1461
3375
3215
3217
836
1466
1465
2517
814
781
1468
1409
1467
3093
974
2778
3527
3524
2778
3525
229
1472
2476
2475
2798
1471
576
60
162
1031
2011
2548
559
1476
2400
1203
1941
1475
567
176
2756
2914
3554
1186
647
3330
853
647
853
3331
96
1482
984
2730
2068
501
1481
2415
56
1484
2052
1483
2295
1486
3142
1321
1254
1485
362
-1
-1
2668
7
1489
1781
1488
2782
887
1668
1491
2101
1490
3192
1203
-1
-1
597
2664
612
2359
2663
1893
3277
3173
1496
587
1495
3174
1902
324
3231
1988
752
325
2885
346
347
2125
3312
42
3310
3047
1502
490
1501
1168
3011
957
2881
2883
2882
429
1335
3308
898
2241
898
3309
809
2181
271
3197
2956
1510
2518
1510
3198
642
910
1509
1508
1512
536
811
834
1511
1980
2743
849
1514
3377
1513
1913
593
1555
534
1078
534
1958
925
924
3020
2539
207
2538
3257
1520
1156
1519
2847
2108
37
3281
1549
37
1923
1524
1333
2758
2202
2201
206
1522
405
2935
2265
2264
733
1717
667
2039
2674
2673
1013
2159
2694
2885
1530
325
198
1529
1532
2959
1332
1329
1531
2813
3321
369
863
370
3319
3057
2662
782
2654
2661
1082
1677
2711
108
1157
108
2712
419
695
674
2331
26
767
2803
3001
3459
1543
3000
1543
1575
1542
1541
1544
1072
1543
2433
1546
2766
2771
544
1545
702
1548
1365
1879
368
1547
1364
963
76
1521
2234
895
1293
3200
683
2722
3199
1553
2565
1552
3200
1554
1959
1553
2719
2025
2566
1515
593
389
2024
1558
1278
3239
1565
1277
1557
1560
1075
1076
2110
67
1559
435
3349
2524
2523
1771
937
1809
2975
169
326
2740
1619
832
697
1558
470
2545
1458
970
2829
2831
2830
1175
49
3556
708
2937
3556
1937
2085
1572
3063
708
276
1571
648
2298
1070
2265
404
2937
3063
1576
1080
1542
1044
1575
1072
425
3504
3503
3504
423
2818
2341
945
519
2341
-1
2622
1688
79
1714
1687
278
1688
1009
1584
658
1583
2819
-1
2949
309
1631
2948
738
3510
3552
3532
625
3175
2480
888
3032
1925
187
2259
3033
1591
1592
969
1590
389
1591
968
44
1594
1141
1593
2724
3099
573
22
387
1449
22
20
1313
902
1598
1597
2155
980
-1
2215
-1
1602
5
3079
3412
1602
1218
1603
1600
1601
3521
1602
3518
1605
133
419
1843
1604
1017
1607
419
512
108
1606
2340
1609
2652
2348
421
1608
2374
407
155
788
1014
1053
158
1613
1056
1678
290
1612
2659
858
1615
3212
1614
3397
894
1026
1617
1679
1616
2470
1347
1619
1179
202
399
1618
1564
3306
1621
739
1620
3307
1152
600
2036
3067
1417
892
609
3102
3072
2948
2653
3102
63
3426
65
471
38
3426
3236
3279
828
2003
97
1700
1698
937
3369
890
937
2950
1585
771
2893
2967
2966
794
589
1635
1039
433
939
3133
1634
1056
1637
394
1636
3526
291
3463
2355
2780
2022
1004
3463
1643
2354
1644
261
3119
1642
1643
1641
-1
664
1640
1642
1645
2744
1640
849
1644
415
282
2424
2324
610
2324
768
1459
208
610
208
1929
2325
75
1651
414
1650
802
131
2561
710
2530
711
735
734
1655
145
1904
1054
1654
3491
1657
3168
1179
3167
1656
765
1055
458
1659
1658
2119
-1
1661
1426
1024
1833
1425
1660
1663
2971
1693
2192
1662
1232
1665
3144
350
3143
1664
227
1667
1156
196
2267
167
1666
3191
1490
1995
3328
2070
1098
1671
1238
1873
1338
1670
2982
1182
-1
572
147
2369
1732
1732
1016
1022
2465
237
1676
1675
1711
1712
1678
310
1536
1802
1677
1612
1165
1680
1616
1679
532
3502
1682
75
483
767
802
1681
2557
380
3055
2555
372
475
3546
2629
-1
1400
-1
-1
3195
467
1582
1378
1581
1582
253
1973
2696
2695
861
3075
3165
1692
2028
1691
3166
1411
1694
38
1662
1192
1693
2497
2072
1700
1746
2004
2073
464
3530
2783
90
2864
927
1629
1700
2073
828
1695
1699
1629
2309
2861
827
2309
89
1101
-1
842
-1
1439
3500
1705
3383
1704
2059
1707
2760
1718
246
1706
204
2230
12
13
240
12
1217
2626
896
2625
1676
3201
1844
1713
994
1676
2699
1712
455
1715
3195
1581
3159
1714
3122
3416
1717
2455
1716
3417
1526
1719
2651
1706
1019
1718
948
1721
2752
3190
650
1720
3153
3366
3139
49
3139
920
2578
1725
2499
3393
916
1724
1726
2109
442
1725
442
2150
804
1733
1729
117
1728
2257
442
2994
1322
510
812
813
2512
179
1674
1673
179
1728
1017
1735
2303
1452
1412
1734
2247
2185
437
854
3136
1840
2110
500
1240
-1
1889
539
1740
2452
1739
2574
865
93
47
2800
2905
72
3152
1744
1867
1743
1794
129
366
1746
97
1745
2448
1695
2213
1748
1014
1747
2682
1052
2847
1750
1155
1749
3543
1406
1752
355
3235
307
1751
3228
495
110
1785
919
3488
3485
1756
2030
193
831
1755
3199
1758
658
2616
1027
1757
1026
1760
254
1973
744
1759
1109
1762
561
3208
560
1761
1290
2242
2159
602
489
2242
816
1766
2123
1912
1877
1765
2243
1768
1038
1769
2658
1767
3042
1770
3507
1767
234
1769
1772
1562
938
1772
2951
1771
1770
2079
655
1774
1095
1773
874
3473
1776
1379
1775
3474
468
1780
673
1778
1777
2680
198
673
3457
2301
3456
1777
468
1782
3106
1488
230
774
1781
1784
1370
436
890
1783
2523
1786
308
1753
964
1785
965
1788
299
2960
3296
92
1787
1790
3320
3297
369
1789
1359
1792
3055
1962
3054
1791
3289
1794
3153
3189
1744
1793
1115
1796
184
310
403
1795
480
2488
1166
247
532
2488
422
3550
1800
339
1799
3551
443
2066
1118
1802
394
1801
1678
1804
113
975
1966
1803
555
-1
1806
2
1805
1807
2794
153
1808
1806
1807
3337
694
326
1563
2739
817
243
816
2702
586
257
2701
2316
1065
1814
3216
1105
256
1813
982
1816
1388
1387
2863
1815
2555
1818
50
1061
826
1817
250
751
249
367
2248
2784
3227
1822
402
681
1885
1821
1110
2828
970
2684
2537
730
205
212
3061
1857
1856
1198
1979
1828
844
997
1855
1827
339
806
-1
2035
2056
2811
531
2810
2056
806
2509
820
1835
2508
1661
1006
1835
3006
1890
3005
1834
1832
820
-1
311
-1
-1
1050
268
1065
1066
2316
2702
2129
1737
1841
550
1840
3137
118
1843
639
1432
117
1842
1605
2625
456
1711
2625
-1
2632
112
2734
1008
3040
3186
1063
725
1151
2866
111
1064
2866
3479
111
2680
1028
3479
2677
3207
1853
2121
1852
3208
674
1855
3205
844
1120
1854
1828
1857
1826
2013
1199
1856
1825
1859
221
964
454
1858
1860
1861
353
1859
354
1860
965
2525
668
491
3430
942
3428
1127
378
275
378
3157
3261
1867
3114
3113
481
1866
1743
1870
3350
3166
1870
459
302
1871
1869
1868
324
1870
2152
1873
1239
2472
414
1872
1670
2641
2171
488
2641
-1
2390
2122
1877
601
1876
1766
489
1879
600
2306
2037
1878
1547
1882
1881
2490
1880
3170
1233
3169
1880
2010
986
3169
2009
1234
3146
1885
2285
1884
1822
86
1887
3528
1886
606
2809
1905
1208
1209
3298
1739
926
3082
1005
1834
1008
3082
383
1184
2127
1893
1494
966
1892
2222
1895
676
1894
3265
2293
1897
3164
2072
1029
1896
2447
1899
481
129
3135
1898
1114
2889
-1
1386
1385
3135
2888
374
1496
2425
2997
800
3173
2034
845
1654
2034
1888
607
1907
2842
120
1114
1906
2888
2158
1909
665
1908
1911
2089
2090
848
668
605
2090
1909
1913
605
1765
2091
1912
1514
493
1915
492
1914
3003
1094
3292
1356
1380
494
3292
1094
1919
166
2594
623
1918
1263
3156
378
2402
3154
2068
502
1923
76
2235
1522
1922
947
1925
3033
766
1589
1924
1000
1927
3409
3273
968
1926
2024
282
138
999
876
2312
1649
1268
1269
933
3087
382
3436
2703
776
1129
776
427
426
1935
1214
341
2169
1934
2228
2733
1426
825
1570
1453
3513
1445
327
1939
-1
1938
640
2227
2399
898
2399
1476
1280
3400
769
282
2114
78
2327
603
936
1326
603
32
453
484
3467
894
3468
484
3465
1949
3398
784
3397
1948
1950
1951
484
1949
3466
1950
1297
770
3393
3390
770
3391
3224
1955
771
3391
232
1954
1170
2848
1957
3198
1956
2647
773
1959
1516
2566
682
1958
1554
1077
1961
1078
1960
3561
535
-1
-1
1791
1964
681
461
201
1963
1186
2339
1158
1966
2103
1965
1804
3429
1096
519
3428
85
2941
3554
2755
1992
2755
176
927
1213
1972
2229
1971
1284
1285
1689
1974
1759
1973
2283
1110
527
15
1307
15
2728
104
1978
104
1253
553
528
1977
1980
211
1826
1512
1979
712
847
3359
1982
2178
1981
834
2527
2424
769
561
2528
674
-1
-1
1986
2304
1985
953
2731
2463
1201
93
459
1497
2964
337
1363
337
2965
799
1992
2785
1186
928
1991
1969
1216
1034
1994
134
392
1993
1996
3085
1668
2071
1995
217
2174
2053
1998
1997
3089
2071
2000
596
1389
128
632
1999
2638
885
2533
2352
2267
2266
2004
829
1628
463
2003
1696
3311
1305
11
3310
857
2124
2008
622
620
2630
2007
2593
3160
1423
1883
728
3160
1882
60
1474
2012
617
2011
906
2014
-1
1856
-1
2013
211
1108
2016
1256
2015
3403
2817
2018
765
28
1102
507
2017
2582
3218
2443
2581
-1
657
3219
2581
3036
2617
1003
1639
2179
3065
149
2025
1556
1927
236
1555
2024
1213
2981
2027
1284
2026
2146
2029
1378
1691
79
2028
301
523
2031
1755
2030
830
307
-1
1079
-1
3303
440
539
3302
1905
1904
1829
-1
2810
2037
1459
1622
524
2036
1879
298
1167
3352
2270
420
1527
346
3537
2041
347
2040
502
3029
503
1123
3028
303
304
3182
862
2166
3181
525
526
2047
461
402
61
2046
200
2049
545
2106
3172
2048
2105
2606
3094
2591
3268
2626
3560
3089
1484
907
1997
2173
3088
1060
1235
2055
-1
2054
655
1831
1830
2057
807
2056
3420
2059
1060
2610
1235
2058
1705
2061
2726
192
2313
2060
187
2063
15
904
1307
2062
1304
2065
2716
418
1371
2064
1360
2944
1801
1117
1116
2944
476
1921
1482
2729
2729
1032
306
1669
3329
3085
3084
1996
1998
2073
1695
1896
1699
2072
1696
1383
1397
2075
-1
2074
882
2381
905
906
990
2381
921
2583
-1
2628
2790
1773
2311
2367
1262
2396
1265
2367
2397
2083
652
1249
1429
2082
1250
2085
2737
1454
824
2084
1570
2087
2091
849
848
2086
262
2089
2526
645
668
2088
1909
2091
1910
1911
2086
2090
1913
2093
1298
760
344
2092
1299
2095
1445
2642
327
2094
412
-1
3444
-1
2098
1224
83
320
1223
2097
2100
239
84
545
2099
1134
2102
542
1490
528
2101
1202
2104
3365
1966
99
2103
392
2773
1222
2049
1223
2741
2048
783
196
2108
692
2107
1520
2151
1726
3392
2150
1560
1737
-1
-1
1428
1172
2113
78
2112
2552
2328
2115
1943
2330
766
2114
3401
1185
367
2117
1456
2116
401
2119
458
457
1659
2118
1270
2912
1101
675
695
2912
1852
1413
2123
1876
2122
3377
1765
2125
3312
2006
1274
2124
1499
322
2127
1183
2126
3275
1892
2129
2840
3331
1260
2128
1839
2131
1224
1134
546
2130
954
3147
-1
2206
2134
546
2287
2135
2133
3147
2442
2134
2205
2137
548
2414
2139
2136
2203
2139
3150
628
292
2138
2137
2141
2807
2806
3026
2140
578
2143
578
2806
922
154
2142
2145
374
1399
629
587
2144
2147
1088
2027
2376
2146
340
2494
148
3434
3534
857
3311
2151
2110
1727
67
2150
2109
2153
1379
1871
753
2152
3165
379
902
1230
379
3483
1598
376
2157
1088
2156
3271
2850
2159
666
1908
1763
2158
1528
2968
3402
241
361
2968
240
3238
2163
833
2162
3239
3287
-1
2891
536
537
3462
2166
51
2165
2044
318
1252
2168
1222
2167
317
2170
3476
1935
827
2169
89
2172
3376
1874
2743
2171
2389
3453
3455
2053
3452
1997
908
2176
581
2504
154
2175
152
2178
94
1150
712
2177
1982
359
2023
2180
1004
2179
1097
2182
1507
2957
466
2181
291
2184
682
1141
408
2183
3098
590
591
1736
2218
3108
551
3283
2188
147
2187
2190
2370
266
1279
2190
2189
2336
2188
2971
2429
474
2970
1663
978
2870
1389
255
1103
2870
1215
2459
2196
978
2195
2650
1035
2198
557
556
160
2197
2457
2314
73
1146
142
2314
2207
2202
1524
416
729
2201
1523
2204
549
2137
547
2203
2413
2206
1146
2135
1147
2205
2132
2208
-1
2200
-1
2207
1147
2210
2416
1315
56
2209
580
3385
643
3066
870
871
181
-1
1747
563
373
3325
833
373
3323
1599
2217
425
259
3505
2216
424
2219
2186
118
3104
2218
437
3265
2221
1228
2220
3097
591
3264
1894
3276
356
3274
106
809
2225
897
2224
3261
808
3341
148
1202
3340
1940
897
2229
3446
1935
1290
2228
1971
2231
1708
565
9
2230
251
2233
240
749
12
2232
2486
2235
1550
948
2500
2234
1922
2240
379
1229
2240
566
3484
2239
2335
566
637
2238
2477
2241
2237
2236
1280
2240
1505
2243
1763
1764
666
2242
1766
2245
1411
39
2323
2244
1410
2384
351
2872
2383
571
1735
751
1820
2249
250
2248
2860
3048
2252
2251
2250
2931
32
2250
1444
2869
2868
737
105
2255
357
322
1225
2254
100
2257
178
916
18
2256
1729
2259
146
584
3255
2258
1590
3381
2480
225
3380
3080
775
2263
1249
2394
2596
2262
2599
2265
1526
1025
1573
2264
1525
2002
841
3334
2002
1667
185
2269
1334
2273
417
2268
2757
2271
1334
2039
3353
2270
646
2542
2544
205
2541
205
2268
2275
744
215
861
254
2274
2277
695
26
2913
2276
349
881
2279
1347
2278
3241
3472
2281
886
2533
711
2280
2352
747
2283
253
2282
2285
1974
2285
747
746
2283
2284
1885
2287
953
34
954
2286
2133
2996
2289
548
2288
629
2414
2291
337
1236
1363
2290
338
2293
230
87
774
2292
1895
2295
235
2892
122
2294
1484
2669
2297
1274
2296
3439
671
2299
1573
404
1069
2298
852
2301
1351
1091
1779
2300
1350
2303
1412
-1
1734
2302
663
2305
2987
1986
496
2304
239
2307
599
1878
1394
2306
139
216
2309
2364
2308
1701
1702
2311
875
3293
2079
2310
321
2725
2313
1929
2312
2061
138
2315
2199
2200
161
2314
144
1812
1839
2317
1066
2316
136
891
2319
806
2318
2515
6
877
2321
876
2320
3045
2725
2323
114
582
976
2322
2245
2325
1646
1647
138
2324
1649
-1
1133
-1
2328
801
1943
802
2327
2113
2330
2332
585
522
2329
2114
2332
125
1539
2329
2331
2527
2334
470
3427
2546
2333
1191
2336
1279
2238
2190
2335
917
1267
568
2592
1267
408
803
2896
1965
1157
511
2896
1607
2342
1580
1579
-1
2341
657
1154
2346
2344
-1
2343
662
1258
2346
3477
2345
3069
2343
-1
210
500
2349
242
1608
1294
2348
2898
2351
444
400
1036
1037
2350
2353
2002
2281
167
2352
885
2355
3464
1640
1638
2354
2618
3508
3086
1174
2358
101
1356
611
2357
3487
2360
1381
1493
101
2359
2361
2362
1380
2360
343
2361
165
2364
1100
452
451
2363
2308
2366
1112
165
1264
2365
2385
2368
2080
2081
1111
2367
1264
2370
18
1673
178
2369
2188
1177
3111
2372
-1
2371
2976
2374
816
1012
817
2373
1609
2376
1089
376
194
2375
2147
2378
617
905
137
2377
2379
2380
2473
2378
3405
2379
1281
2382
2076
2077
2432
2381
315
2384
2247
2406
3449
2383
2246
2386
1367
2366
1368
2385
62
2388
13
24
564
2387
1307
3118
261
2172
-1
3118
1875
2579
653
627
1245
653
1324
2394
318
2676
1252
2393
2262
2396
3076
2398
3543
2395
2080
2398
620
2081
1263
2397
2395
1940
2400
1941
2399
3341
1475
2402
1127
1128
1920
2401
501
2607
-1
2614
2613
168
52
2406
3130
351
1452
2405
2383
2408
1377
284
1376
2407
1104
2410
2765
320
83
1087
2409
2412
1399
2772
1086
2411
1398
2894
83
2204
2289
2894
2136
2416
1483
3088
2209
2415
3455
2418
88
2793
3081
2417
1368
2420
523
3408
830
2419
2726
2422
3133
234
1039
2421
938
2424
2528
768
1983
2423
1646
3211
267
1902
3210
987
1031
2428
2974
3110
1181
2427
327
2430
1104
2191
255
2429
1215
2432
1281
905
1282
2431
2382
3014
29
1544
3458
3001
1081
2436
975
1161
29
209
2435
2438
1410
2516
386
2437
982
626
2440
1243
2439
2692
3221
2442
1145
1144
1196
2441
2135
2445
-1
2019
2445
-1
-1
2446
2444
2443
517
518
2445
2448
505
1897
709
2447
1746
2804
2450
1289
2449
430
429
2452
1102
926
-1
2451
1740
2454
821
447
3437
2453
2508
2456
930
1716
338
2455
258
2458
1237
2198
74
2457
630
901
2195
979
2649
1312
3282
2462
171
1282
98
2461
315
1987
2464
93
2463
2732
3346
2466
1675
431
594
2465
2922
2468
1163
975
1164
2467
209
2470
1026
882
1617
2469
2916
2472
785
2983
1122
2471
1872
2474
618
2379
1327
2473
3404
1471
1314
1396
1471
1315
228
2478
2498
2239
541
2477
446
2480
3176
693
1588
2479
2260
2907
1305
42
2906
344
564
2484
2972
1211
660
2483
2485
-1
2484
168
2487
24
2233
2727
2486
3141
2489
1797
1798
126
2488
1165
2491
1068
1880
745
2490
746
2493
745
747
952
2492
951
2495
2148
3023
1306
2494
904
2497
284
1106
474
2496
1694
2499
445
2477
1724
2498
540
2501
895
2235
3469
2500
76
1021
1036
263
1294
1021
242
2505
3516
2175
1220
2504
3452
2507
556
144
2714
2506
33
2509
1833
2454
1425
2508
1832
2511
1192
955
127
2510
1278
2513
1731
152
1107
2512
2994
2515
891
-1
2319
2514
-1
2517
836
2437
1466
2516
837
2519
123
1508
2521
2518
911
2521
-1
123
-1
2520
2519
-1
773
-1
2524
1562
1784
938
2523
1561
818
2526
1862
2525
3031
2088
2528
1983
2332
2423
2527
1984
2530
1438
2751
1652
2529
735
2532
2561
3335
2929
2531
840
2932
2001
2280
2535
3549
-1
2932
2534
2536
2638
2535
-1
2538
1824
686
1518
2537
2828
2540
1518
2684
731
2539
924
2542
2273
1167
297
2272
2541
2544
297
1001
2272
2543
686
2546
697
1566
1277
2545
2334
2548
60
3161
1474
2547
558
3527
1056
1057
3526
2778
466
2552
1172
1171
2113
2551
131
2858
576
1395
2807
579
2858
2556
1684
1816
741
2555
2557
2558
1683
2556
59
2557
1387
2560
1383
2588
1397
2559
2918
2562
1652
2531
70
2561
2928
2564
3371
2905
1463
2563
1353
2566
236
1552
1555
2565
1958
2568
952
3280
924
2567
206
3
251
2570
19
2569
565
1100
2572
798
2571
3333
1339
2611
-1
2624
2623
-1
1740
1068
2576
728
2575
3021
687
2578
687
31
1723
2577
2830
2603
2391
626
2603
-1
705
2582
2020
2021
-1
2581
2019
2584
2078
269
-1
2583
3546
2586
-1
2819
-1
2585
1405
2588
-1
3178
-1
2587
2559
2590
568
803
1275
1276
2589
2592
-1
2050
-1
2591
2337
2594
-1
2008
-1
2593
1918
2596
3410
1249
-1
2595
2263
2598
-1
1323
-1
2597
705
2600
-1
2263
-1
2599
2675
2602
-1
1244
-1
2601
333
2604
2580
2579
-1
2603
1243
2606
3268
1266
-1
2605
2050
2608
2403
1074
791
479
2607
1275
3383
3242
-1
3242
2058
2612
2573
439
-1
2611
3038
2614
2404
1073
-1
2613
2403
2616
-1
882
-1
2615
1757
2634
2022
2780
2779
2355
664
469
989
2998
-1
2998
1050
2622
946
945
-1
2621
1580
2624
2574
440
-1
2623
2573
1710
1845
1844
2051
1710
3201
2628
2790
321
-1
2627
2078
1685
1015
2630
-1
2629
2008
2632
1270
456
-1
2631
1845
3304
517
3064
3250
2617
-1
2978
2636
-1
2635
1102
-1
2821
662
659
2820
2001
2536
661
2640
166
2639
3478
-1
2642
1875
1874
-1
2641
2094
992
2644
570
2643
3178
-1
2646
2849
3025
2647
2645
772
1957
2646
3501
3024
3026
694
2650
2460
391
901
2649
2196
2652
421
1718
1608
2651
1019
2654
1625
689
3103
2653
1535
1083
689
2656
691
2655
1420
2658
691
1419
1059
2657
1768
2660
1083
1613
689
2659
1082
2662
1536
3482
1082
2661
1535
2664
1494
2666
966
2663
1493
2666
323
62
676
2665
2663
2668
671
1273
1271
2667
1487
3438
2296
347
985
3438
306
2672
1159
551
1160
2671
1149
2674
1528
665
3339
2673
1527
2676
1323
2600
1324
2675
2393
2678
672
1851
1350
2677
2679
2680
673
2678
1778
2679
1850
2682
-1
-1
1748
2681
220
2684
31
3021
1823
2683
2539
2686
1033
3244
155
2685
2687
2688
158
2686
3233
2687
1458
2690
1071
1044
1045
2689
300
2692
626
1435
2440
2691
3222
3248
810
1200
713
1529
724
2696
1690
485
254
2695
1689
3493
812
2698
934
2697
135
2700
1713
432
994
2699
1204
2702
1812
2911
1839
2701
1811
2797
1932
580
2796
2798
229
715
2706
463
2705
3363
1090
2708
1090
2736
1092
2707
194
3126
2710
363
2709
3379
1253
2712
1537
805
1538
2711
1016
2714
630
556
1269
2713
2507
2716
1371
1123
2064
2715
1126
736
2947
2718
512
2717
1126
2720
1141
1554
44
2719
2721
2722
1140
2720
1143
2721
1551
2724
44
1142
1594
2723
1188
2726
2312
2321
2060
2725
2420
2728
527
2487
1976
2727
679
2730
2069
2068
1033
2729
1481
2732
1987
1200
2464
2731
3058
3512
1453
1936
1846
3512
3083
2736
1091
45
3498
2735
2707
2738
709
2084
505
2737
487
2740
1809
3204
1564
2739
263
2742
2773
2106
189
2741
320
2744
1513
2172
1644
2743
261
2746
3424
698
156
2745
1128
2748
988
1427
393
2747
742
281
2981
341
1287
281
1214
2752
1343
2529
649
2751
1720
525
3182
2754
3406
2753
3462
1969
2756
1970
2755
3555
1477
2758
1333
2269
1523
2757
730
2760
246
1333
1706
2759
416
2762
1140
1143
109
2761
1318
3395
348
132
2886
3212
859
2766
544
2409
1545
2765
1398
2768
1429
175
497
2767
2986
2770
702
701
868
2769
2959
2772
335
1545
619
2771
2411
2774
2105
2741
706
2773
1221
2776
868
3223
188
2775
1436
3525
776
2796
2550
1469
1470
2780
2618
-1
1638
2779
2617
2782
7
3368
1489
2781
3175
1697
2784
751
2783
3531
1820
2786
1185
1991
367
2785
90
707
1355
2788
864
2787
336
1355
-1
-1
2791
2079
2627
655
2790
-1
2793
1262
1111
1407
2792
2417
2795
934
1806
3493
2794
509
2797
2704
2777
2799
2796
2703
2799
1472
2704
1315
2798
2797
2801
1742
302
865
2800
459
2803
3344
349
483
2802
1540
2805
2449
761
20
2804
1449
2140
1396
2142
2140
2554
1395
2809
944
55
262
2808
1887
2811
1831
2035
1830
2810
10
2813
334
616
1532
2812
1331
2815
248
351
1331
2814
1308
2817
1400
1401
1366
2816
2016
2819
529
1578
1584
2818
2585
2822
2638
-1
2822
2637
885
2823
2821
2820
662
2822
-1
2825
1348
3143
2845
2824
226
2827
1349
635
3343
2826
3144
2829
1823
2538
1567
2828
726
2831
1568
2578
727
2830
1567
2927
727
726
2926
1002
2845
150
85
2835
424
2834
1442
3052
398
915
196
3052
185
2839
732
2915
853
2838
3555
2841
96
2128
852
2840
1259
2843
1113
1906
1117
2842
476
2845
884
1346
2833
2844
2825
3256
223
3077
224
1749
1520
2849
1956
1136
2645
2848
579
3386
870
2157
779
3386
3125
2853
1403
780
91
2852
1402
2855
779
2857
3387
2854
778
2857
1393
1394
1402
2856
2854
2859
2553
2554
577
2858
1136
2861
216
2249
1701
2860
3226
2863
1106
1377
956
2862
1816
2865
1698
828
40
2864
3530
2867
1848
1849
846
2866
3183
2930
2253
1226
2930
2252
1443
2871
2193
2194
1390
2870
1216
2873
1194
2246
1193
2872
98
2875
395
788
220
2874
3294
2877
670
1079
305
41
2876
2879
985
1032
41
2878
788
757
252
2881
1503
2880
1289
2883
1504
3019
429
2882
1503
2885
754
1201
1529
2884
1498
3394
2764
50
798
3394
452
2889
1901
1907
1197
1900
2888
-1
1197
-1
2164
-1
811
2893
66
2294
232
2892
1632
2895
2413
2414
1087
2894
1086
2897
2339
2340
1158
2896
1124
2899
721
2349
1293
2898
1019
1292
1295
2901
1020
2900
3327
2903
1292
721
1295
2902
54
2905
865
1043
1742
2904
2563
2907
2482
1304
900
2906
2481
3179
1030
718
1065
3179
375
2911
272
586
375
2910
2701
2913
2120
2121
696
2912
2277
2915
648
1477
276
2914
2838
2917
881
2470
1382
2916
1397
2919
1382
2560
2938
172
2918
2921
725
724
1151
2920
198
2923
593
2466
389
2922
164
2925
1025
932
277
2924
1006
2927
2833
1176
1337
2926
2832
2929
688
2562
879
2928
2532
2931
2869
2868
2251
2930
1225
2973
2535
2533
2972
734
1343
2935
405
384
1525
2934
2936
2937
404
2935
1574
2936
1569
3451
2919
3177
3450
634
635
2941
150
490
1968
2940
3430
2943
541
3012
1170
2942
3328
2945
2066
2067
1118
2944
480
2947
1443
1444
2717
2946
418
2952
1586
1624
2952
1585
738
2951
116
1631
3129
2950
1772
2953
2949
2948
69
2952
3306
2955
1322
241
1255
510
2954
2957
1508
988
910
2956
2181
2959
1329
1330
1531
2958
2770
2961
3559
1787
3091
2960
1393
2963
864
866
1352
2962
199
2965
1989
586
1990
2964
800
2967
1633
940
235
2966
1632
2969
2160
2161
3403
2968
360
2971
2192
1215
1662
2970
2191
3548
2933
2483
3548
2932
886
2975
1446
2427
1563
2974
411
2977
641
2372
2979
2976
764
2979
2635
641
507
2978
2977
2981
3315
340
2749
2980
2026
2983
784
1671
330
2982
2471
2985
330
1121
1297
2984
1295
-1
1212
2768
2304
-1
-1
2989
2991
1313
1312
2988
981
3237
2991
1231
2990
3266
2988
2993
1108
135
510
2992
1107
2995
1730
2513
923
151
2994
2997
2288
799
587
2996
1903
2999
2619
2620
479
2998
-1
3001
1542
385
2434
1541
3000
3003
493
3547
1915
3002
269
3005
213
3007
311
3004
1835
3007
383
1834
3355
3006
3004
835
3009
500
3008
3355
1240
3011
819
3031
646
3010
1502
3013
1099
2942
567
3012
446
3015
2433
3459
209
3014
128
3017
164
431
1204
1205
3016
3019
17
68
1
3018
2882
3021
971
1517
2576
3020
2683
3023
3534
11
218
3022
2494
3025
2648
3337
3027
3024
2645
3027
2141
2648
579
3026
3025
3029
2043
287
1125
3028
2042
3031
818
490
2526
3030
3010
3033
1589
516
1924
3032
1590
3356
391
554
3356
1023
364
3037
149
2021
941
3036
657
3039
1055
2612
1054
3038
145
112
1847
3041
3513
3040
824
3043
588
1768
3496
3042
589
3045
759
538
2321
3044
830
995
259
422
995
1501
53
1325
2250
603
1325
850
1444
3051
397
879
1153
3050
915
3053
2836
2837
914
3052
783
3055
1792
741
1791
3054
1683
3057
286
1011
3317
3056
1534
3059
755
2732
756
3058
1199
3209
-1
199
1825
3209
756
3063
276
792
1571
3062
1574
2633
3065
359
3064
3219
2023
3067
892
2211
609
3066
1622
3069
1257
1156
2346
3068
659
3071
3086
43
1174
3070
1269
1624
3073
3307
3072
397
1153
3075
3469
485
3467
3074
1690
3077
623
2395
2846
3076
3542
3079
361
1218
57
3078
1600
2261
624
87
323
624
2418
3083
1890
1891
825
3082
2734
3085
2071
907
1995
3084
2070
2356
3087
3070
3086
1173
1931
3089
2053
2415
1998
3088
2052
3558
3091
781
3090
2961
1408
3093
781
409
1468
3092
1072
3095
1267
2050
498
3094
1266
3097
3264
356
2221
3096
1227
3099
499
2184
186
3098
1594
3101
3246
489
169
3100
243
3103
1624
1625
397
3102
2654
3109
2219
591
3108
1148
1149
3107
889
1781
855
3106
590
3109
3105
2186
1227
3108
3104
3111
640
2427
2371
3110
264
3113
1210
3152
478
3112
1866
3115
469
1866
989
3114
3360
3117
1018
204
1012
3116
421
3119
2389
2390
1641
3118
-1
3121
3123
300
716
3120
1047
3123
716
1715
3120
3122
410
3125
1047
1046
3271
3124
2851
3378
2709
362
552
3378
543
3129
690
116
1038
3128
2951
3131
1308
2405
1310
3130
1451
3133
3225
940
1635
3132
2421
3135
130
839
1901
3134
1899
3137
1737
1076
1841
3136
437
838
-1
1051
1722
3140
1723
3139
3367
559
3142
1254
2487
1485
3141
749
3144
1665
2824
1664
3143
2827
1067
190
3146
1884
3145
402
-1
2132
2134
714
3362
3163
3163
1029
672
3151
1084
2138
1237
3150
160
3153
1743
3112
1793
3152
1721
3155
1921
3537
501
3154
3156
3157
1920
3155
1865
3156
3538
3159
717
45
180
3158
1715
3161
2009
2010
1424
3160
2547
911
-1
-1
3164
3149
3148
1896
3163
464
3166
1691
2153
1692
3165
1868
3168
1657
507
1656
3167
764
3170
1882
1883
1881
3169
3252
3172
823
822
317
3171
2049
3174
1495
1903
1496
3173
718
3176
1588
2782
2479
3175
3552
3178
992
2938
2644
3177
2587
3180
2908
2909
163
3179
986
3182
2045
863
2753
3181
2044
3184
314
2867
1007
3183
3185
3186
112
3184
1847
3185
1064
3188
1273
3439
1189
3187
305
3190
1437
1793
1438
3189
1720
3192
1668
3329
1491
3191
1099
3194
413
1171
1447
3193
244
3196
1687
1714
467
3195
45
3198
910
1507
1509
3197
1956
3200
1552
1756
1553
3199
1551
3202
2626
1711
3561
3201
237
3204
817
720
243
3203
2739
3206
1119
1854
1239
3205
296
3208
1852
80
1853
3207
1761
-1
3060
3061
3211
2426
273
1030
3210
2425
2764
1614
3213
215
3212
860
3215
472
583
381
3214
1464
3515
983
1813
3514
1465
583
3219
517
2019
3065
3218
2021
3221
1311
1244
869
3220
2440
3223
869
2692
1330
3222
2775
3225
939
1953
3132
3224
771
3227
3475
2861
750
3226
1820
3229
193
1752
683
3228
1139
3231
324
752
1497
3230
1201
3233
786
158
697
3232
2688
3235
1302
1139
1303
3234
1751
365
1232
1627
365
2990
979
3239
2162
832
2163
3238
1557
883
881
170
883
1346
2279
3243
2609
2610
1276
3242
-1
3245
119
2685
1457
3244
984
3247
601
3100
411
3246
169
3249
2693
713
1198
3248
313
3251
2634
-1
1003
3250
3304
3253
1067
3170
190
3252
268
3255
993
146
1205
3254
2259
3257
2846
224
1257
3256
1519
3259
1417
1418
892
3258
644
3261
809
275
2225
3260
1865
3263
1229
1230
3309
3262
275
3265
2222
3096
1895
3264
2220
471
3423
2991
902
3422
1241
3269
2051
2605
896
3268
-1
3271
376
294
2157
3270
3125
3273
831
236
390
3272
1926
2223
3275
322
3274
3277
2127
3277
356
2222
3275
3276
1494
3279
750
3531
1286
3278
1628
3281
37
2567
1521
3280
951
3433
554
2460
3432
636
2187
3285
913
740
3323
3284
878
3287
562
913
71
3286
2163
3289
740
562
1133
3288
1792
3291
124
3545
1433
3290
1341
3293
1916
1917
1357
3292
2310
3295
1052
2875
1053
3294
155
3297
1788
371
92
3296
1789
3299
1889
998
539
3298
3300
3301
1208
3299
1209
3300
997
3303
2034
574
1208
3302
2033
3305
2633
3251
518
3304
-1
3307
1620
2953
1621
3306
3072
3309
1505
1229
1506
3308
3263
3311
2006
1500
2149
3310
2005
3313
1500
2124
856
3312
103
3315
281
829
2980
3314
279
3317
1326
286
850
3316
3057
3319
370
1360
1534
3318
851
3321
368
1789
526
3320
1533
3323
833
913
2215
3322
3285
3325
787
1014
2214
3324
786
3327
203
329
1121
3326
2901
3329
1669
2943
2070
3328
3191
3331
1479
136
1480
3330
2128
3333
1100
696
2572
3332
349
3335
711
2266
735
3334
2531
3337
-1
772
1808
3336
3024
3339
685
1013
420
3338
2674
3341
2227
3435
2400
3340
2226
3343
883
700
1348
3342
2827
3345
283
2802
1345
3344
483
3347
47
2464
1042
3346
95
3349
435
1075
1561
3348
1039
3351
39
1868
837
3350
460
3353
3419
2038
1168
3352
2271
3355
195
763
3009
3354
3007
3357
3035
3034
805
3356
1022
3359
314
762
1981
3358
195
3361
838
3115
790
3360
839
3148
3363
715
3362
3498
2706
3365
99
1023
2103
3364
1157
3367
1722
921
3140
3366
906
3369
159
2781
309
3368
1630
3371
1463
1461
2563
3370
46
3373
867
1354
1462
3372
1355
3375
867
1462
1464
3374
59
3377
1413
2171
2123
3376
1514
3379
3126
3127
2710
3378
553
3381
2261
888
88
3380
2260
3383
1187
1188
2609
3382
1705
3385
871
3389
644
3384
2211
3387
2850
2851
871
3386
2855
3389
139
643
778
3388
3384
3391
1952
540
1953
3390
1954
3393
441
2109
1952
3392
1724
3395
2886
2887
858
3394
2763
3397
858
3399
1615
3396
1949
3399
81
1948
132
3398
3396
3401
1942
1000
585
3400
2115
3403
1255
2160
2016
3402
2969
3405
1328
2474
334
3404
2380
3407
1460
2754
3541
3406
877
3409
192
2419
515
3408
1926
3411
1250
2595
1283
3410
-1
3413
530
1601
251
3412
9
3415
-1
5
-1
3414
3520
3417
1716
1268
1717
3416
932
3419
996
422
3352
3418
247
3421
757
2057
958
3420
8
3423
65
3267
3266
3422
1313
3425
3427
2745
65
3424
156
3427
1626
1627
3424
3426
2333
3429
1968
1863
656
3428
1967
3431
1863
2941
77
3430
818
3433
3283
973
981
3432
3282
3435
218
2148
1320
3434
3340
3437
43
1931
214
3436
2454
3439
2669
2670
2297
3438
3187
3441
873
103
1373
182
3440
3443
573
3445
-1
3442
-1
3445
1373
2096
182
3444
3442
3447
293
2228
80
3446
1290
3449
3451
571
634
3448
2384
3451
2939
172
3448
3450
2938
3453
2174
2505
795
2173
3452
3455
795
228
2173
3454
2416
3457
1780
278
1779
3456
1351
3459
2434
632
1541
3458
3014
821
-1
448
3462
758
759
2165
3461
2754
3464
1638
1639
2354
3463
944
3466
722
1947
54
3465
1951
3468
3075
1946
3470
3467
1947
3470
2501
3074
722
3469
3468
3472
533
699
884
3471
2279
3474
1775
753
1776
3473
278
3476
827
3226
2169
3475
82
3478
661
2345
2640
3477
1154
3480
1850
1851
1064
3479
1063
3482
880
688
184
3481
2661
3484
266
2155
1279
3483
2237
3486
1754
102
48
3485
1440
3488
495
2358
1754
3487
3489
3490
102
3488
875
3489
1357
3492
575
1655
432
3491
1207
3494
2697
2795
813
3493
270
3496
1130
1129
794
3495
3043
3498
714
1091
3363
3497
2736
3500
1439
1440
1704
3499
654
-1
-1
2647
3503
1027
1680
529
3502
1577
3505
1578
1577
423
3504
2217
3507
234
940
1769
3506
589
3509
2356
-1
1173
3508
-1
3511
63
1586
1420
3510
690
3513
2733
2734
1937
3512
3041
3515
3217
472
256
3514
3216
3517
923
2504
151
3516
1219
3519
531
1603
8
3518
530
3521
14
3415
10
3520
1603
3523
289
1058
1057
3522
427
3525
1469
427
1470
3524
2777
3527
2550
1637
1469
3526
2549
3529
943
1886
1097
3528
55
3531
1697
2865
2784
3530
3278
1587
739
3533
332
3532
914
3535
2149
3022
903
3534
274
3537
406
3539
2040
3536
3154
3539
808
3157
961
3538
3536
3541
1459
524
521
3540
3407
3543
224
3077
1750
3542
2396
3545
607
295
1206
3544
3290
3547
1685
2584
1015
3546
3002
3549
2973
2972
2534
3548
660
3551
1799
508
1800
3550
765
3553
1587
3176
739
3552
159
3555
1969
1478
2756
3554
2839
3557
1570
1569
1453
3556
384
3559
3090
1409
2960
3558
371
3561
1077
2051
1961
3560
3202
