1536
-1
2
1860
3097
740
2466
2035
0
938
4
20
3
1827
2200
2034
261
12
16
614
615
2492
1667
2272
1922
1012
1499
521
2461
788
1651
2264
960
261
3387
2890
2052
5
1074
261
262
19
1310
950
1802
895
3096
2824
1074
1876
6
2494
2492
1049
260
614
1877
2313
13
2428
463
546
3
61
3322
2524
146
2410
1497
800
30
1478
3000
3150
1222
3318
1699
2433
2728
2158
-1
878
877
2536
825
3477
824
1757
747
2816
23
1268
2438
358
3035
1803
2560
1998
2232
3392
2047
89
1103
2274
3300
387
1464
63
931
480
-1
565
3307
3248
1988
843
1540
1679
3253
2919
364
974
1367
291
235
3040
89
2801
522
2461
2125
88
510
2349
225
1379
156
3210
970
107
3360
3094
2112
3124
845
602
257
533
2247
2751
1588
2511
1954
964
993
232
444
275
1069
2732
515
2162
315
2915
1010
546
2181
939
3038
1018
1683
504
1738
3018
129
596
128
752
3403
305
1516
2251
881
1535
21
1538
887
3218
206
2479
35
2133
3278
2280
902
175
2483
1025
1926
1354
2084
1695
1525
283
3229
1817
2908
997
998
154
2748
1813
1814
1933
365
3080
1215
2682
1934
2372
3226
850
1242
100
849
708
1954
378
2867
3033
276
3195
396
1891
475
3559
1795
864
446
2798
616
2245
1764
3290
1044
370
2425
1255
1257
1156
2404
1217
1054
703
550
524
601
2367
407
1586
139
2356
3164
2881
43
745
1910
33
42
1911
909
3166
3163
3010
2203
404
214
2794
1735
2671
1302
1247
2307
3338
1260
-1
3368
3367
229
3440
723
685
2473
2504
1105
149
2994
2251
2253
1963
3228
3427
74
1386
2811
684
253
511
603
2652
2697
1181
976
3057
318
3493
3057
3056
1083
629
1305
46
123
2402
1147
2077
2767
513
1540
983
835
3364
843
2351
1974
1378
579
516
1414
1189
3156
308
1375
1161
2754
2178
585
1419
2361
1645
2337
452
3388
1895
3026
1398
212
1426
1166
2038
2922
367
1883
3357
1820
-1
3247
841
2557
628
2400
107
1591
1085
3122
793
3093
1438
2113
327
1086
1118
2813
1117
2439
58
915
575
58
1268
902
2281
349
1073
1760
1502
138
3004
1068
3528
430
3455
953
1752
144
1557
1295
804
1884
278
1754
1282
1199
299
1656
1657
132
2830
1369
86
2483
742
3106
669
226
1724
1810
1811
2485
440
2905
144
143
2813
134
285
665
3506
930
22
1235
3176
1982
1887
2699
1881
2937
908
306
98
270
898
1314
2288
935
1659
3296
1323
1713
3433
2781
1609
69
3174
1719
3080
1659
934
366
3346
45
760
1014
3102
1409
577
415
1752
3391
440
1917
2538
1472
1916
551
552
525
1843
1849
798
-1
2646
2598
3326
165
2939
2599
164
883
3037
1455
3543
2486
1564
761
1269
1080
477
2633
3544
1745
-1
-1
1871
839
979
1629
831
3483
1194
1487
1759
890
-1
-1
2804
742
65
1742
2019
1999
1998
383
1017
3089
3459
1497
3458
1938
545
2829
3168
1372
312
1612
2779
2754
1113
1719
3257
437
2394
2963
2954
2953
1094
225
479
2527
1003
437
1180
2797
1019
278
739
2962
3193
2534
2533
1407
3531
2533
2659
2658
192
701
191
764
1852
1284
1283
3090
3407
3411
3054
2392
773
3384
1630
281
316
2058
1920
2740
715
2700
2726
1869
1868
3355
1223
1532
3474
2476
2204
1663
2847
2907
3445
987
1930
767
1689
770
707
3008
1442
2222
1517
62
1987
2839
3192
791
1428
3553
1527
2455
1076
1058
1059
1640
1021
1022
764
2018
2437
118
403
309
359
3186
92
1649
3253
478
490
663
2416
2310
498
292
1835
2306
1488
219
501
3195
218
299
1620
1281
1870
322
1257
2186
548
2698
626
2222
3216
955
2943
1665
185
2238
44
141
724
1387
1791
2746
1350
1364
1994
2458
3030
96
2759
3298
3411
846
714
1858
2245
263
949
51
2100
611
1251
2910
2296
743
41
2171
1636
1669
2123
2544
1174
2852
2654
538
523
601
3106
1823
3527
545
746
1234
2470
3393
3548
2908
2057
1432
1254
2497
1255
2278
1721
1425
619
1000
1940
3489
1291
532
3489
2447
3537
1214
251
1356
2746
435
2282
2770
3333
821
248
2771
3249
2563
1206
370
2168
102
2563
732
617
2244
866
2287
1942
507
2723
1853
48
1626
1625
3326
563
2940
936
940
3301
3300
18
1104
5
11
13
13
2891
746
2448
232
994
948
1008
349
2947
321
3310
2101
1157
1619
423
1159
353
2637
2098
2097
1313
2015
2756
1793
150
1035
466
2952
2418
1050
2197
277
635
3549
2574
2067
1197
1232
52
2737
1238
2789
778
76
459
1179
272
2957
188
136
2796
1180
2064
2516
509
2011
495
3378
196
3092
793
3091
67
995
717
1078
620
1308
518
145
2087
1765
2312
3038
2716
1331
701
414
2118
2658
606
1103
290
2460
1163
289
2170
41
432
217
3441
797
3396
1522
836
2742
2693
3530
2990
819
3337
2633
2487
900
737
298
314
297
1925
1273
2101
220
137
2146
533
1129
2309
1845
1123
1079
2689
2536
997
1720
2861
2714
336
1809
2142
336
59
149
2270
3166
3463
2355
1780
1190
113
1167
213
2038
2562
531
2241
1745
2240
540
1694
466
181
1864
1510
513
3120
1261
2914
297
2914
54
736
2513
197
2318
2267
3212
2502
496
104
1852
2677
2011
1551
1677
431
1176
265
3159
2941
2530
1256
221
1253
632
2318
1243
3372
3370
686
1831
741
3123
3125
1631
541
3123
126
1115
1116
970
1141
3045
1769
1635
1388
498
3190
967
2183
3246
1618
455
1201
957
1674
570
2998
1213
2407
1967
935
304
1494
305
3405
2673
1550
2841
1013
1965
3503
932
933
679
3202
2807
564
2808
2972
587
2972
1286
2971
2383
1340
3126
1248
2381
3219
2257
1249
2667
777
2869
1611
2415
663
768
2960
2537
264
130
2210
3211
977
1096
3507
2712
2859
353
3116
3528
2663
352
267
958
456
1643
1643
1333
1353
-1
-1
486
1119
1120
1417
670
31
2294
2202
571
213
3009
2921
2103
406
1343
405
3552
789
653
507
3494
2722
2016
40
2024
71
1575
1033
3345
156
1837
120
2923
727
3282
3241
553
2938
547
553
252
81
1045
1044
3291
1324
946
2388
2386
2166
3354
3272
530
2786
1499
2842
1499
2061
2259
1134
2623
1365
1366
3281
2508
2792
75
1506
770
704
3087
807
2724
597
1263
3026
1399
414
383
177
382
1024
3111
1418
2725
2455
585
1071
1098
688
687
1516
35
2478
1460
3184
1686
1410
1970
2109
1974
2352
2186
955
3068
3501
3150
2025
458
690
3118
1610
2334
825
3271
-1
1746
-1
77
1009
2276
2569
2966
2421
2916
1220
1401
1073
1072
916
1159
2414
1164
1553
3287
2413
2041
950
892
3249
2037
213
2562
1189
91
2303
438
361
1344
361
962
2056
653
86
3554
942
-1
2230
2343
1677
3343
1467
3390
971
2516
1485
1484
604
1133
3458
3089
1606
382
2117
288
1570
576
158
1569
3149
2689
1863
2112
831
927
3483
609
1637
3110
826
725
1557
1056
1578
3366
2701
3499
462
2637
3455
2932
267
2324
1722
2322
1661
904
1302
1042
3101
3109
1563
901
476
2641
-1
1292
944
736
1502
133
431
1529
430
3529
320
766
1773
291
2866
778
1041
2396
2137
947
249
2140
543
3259
1001
3258
183
1001
186
405
-1
-1
1468
3391
1471
159
1467
143
2014
1313
1150
1127
2861
1717
720
2738
2163
985
52
515
1432
1433
3465
79
1817
861
2877
1858
1991
2909
3469
2057
776
3054
2577
773
774
2577
1894
911
1119
1436
117
1416
1085
1592
1733
3122
2521
3261
2120
2557
332
2028
1296
354
1522
3397
2488
1367
990
392
2665
1361
277
1656
1068
1239
462
3500
2033
422
461
3237
2200
1596
20
3488
2201
1827
1156
783
2403
695
271
312
3478
1935
3132
3478
3133
2484
1025
1907
1654
890
1699
633
1487
3561
2727
1759
1073
1757
3276
790
1427
2929
2901
539
1797
78
1042
427
558
1797
1545
169
493
215
995
1525
718
1807
185
36
3047
-1
2871
931
1571
-1
554
1155
1773
1112
2170
1723
1387
1636
1776
-1
-1
3162
356
3256
3347
3306
3358
2625
1320
2084
2693
871
1945
956
1099
215
1986
3191
1679
2918
3451
2919
1784
2988
477
2987
1784
2775
1732
281
1731
781
978
318
3146
1362
1361
3440
217
330
-1
-1
1668
3108
1037
1783
817
219
820
2786
2992
1236
2961
1325
2992
2026
57
780
1651
603
1951
-1
-1
2044
3057
363
256
2286
560
1943
280
-1
1552
2985
2983
44
102
2169
659
1996
1200
2065
313
109
1157
1197
2068
3004
53
444
2067
112
812
1649
2862
2105
2540
2311
1766
285
1319
962
-1
2950
3340
1653
1163
9
2752
788
42
1122
238
2327
3513
2369
85
2802
2090
162
3265
642
2635
2636
2675
3493
1623
2675
1851
3381
1572
3053
1077
1498
374
1622
3061
310
2127
2446
246
540
693
49
300
2145
1492
1031
3288
2853
3502
1670
753
754
3369
1447
3226
2326
238
1831
3064
1600
474
311
3061
532
3124
327
2114
2111
3095
775
435
2396
2139
-1
-1
2137
1357
240
179
1235
55
20
1154
3471
369
222
3058
1881
2196
1050
2194
1597
84
2665
161
1472
3071
588
1915
161
368
966
369
482
-1
1106
1397
1395
2859
1001
1002
2527
2224
1134
1582
476
2631
2610
1858
2499
1764
508
1168
617
2133
1012
1923
1337
2479
1170
258
3219
3220
2806
341
2453
1230
37
652
1032
2491
3081
1932
1933
1956
2750
1875
3428
853
3532
2750
1212
334
2762
1355
1356
359
573
2990
2235
2774
572
2429
3312
2295
1756
3240
1594
129
415
1616
1613
158
1897
2016
888
2863
1185
3102
112
3075
2142
3405
1808
832
3275
1140
1420
3232
2851
1787
1046
1047
585
2179
1621
115
584
385
1483
2374
2376
1483
342
2373
1339
552
2448
3539
1482
3401
3206
1226
1826
3432
997
2764
593
3206
2387
3131
592
594
2165
3172
593
802
3295
3171
58
1593
1592
3086
1526
381
708
2568
2897
710
1008
2021
3513
918
2367
85
741
238
2265
2266
48
505
1278
102
2678
3208
412
2273
3067
-1
1162
289
2272
1894
2398
1895
1417
2402
2397
1728
2578
418
1003
1348
1445
2469
1067
233
2093
3502
1174
1670
2199
1946
18
3301
6
893
2051
6
2009
80
2261
254
560
714
1389
2510
750
3472
2968
245
284
2536
2122
2764
1078
2389
1445
2116
1335
2392
3055
1556
1649
1736
1837
2743
873
996
1880
223
1961
1880
1963
2223
2769
123
1116
106
1084
1087
762
3016
3154
2612
2614
-1
323
1252
1647
2573
2431
470
3526
2254
1772
1402
273
920
2254
3527
1822
3414
1481
1530
3237
2340
2338
2892
1210
1006
1004
3269
1005
3365
1147
716
3267
526
-1
2676
3508
1850
654
1298
2549
2613
2612
2425
1820
1819
-1
2575
2641
1924
3079
1320
758
3015
762
1027
2629
-1
884
1253
1146
1107
565
3247
2947
407
3557
362
2602
644
-1
3302
943
2726
1669
875
3417
1045
754
2168
1739
1181
779
1948
1951
511
713
1990
1168
2798
863
3468
1973
2879
1178
347
216
1161
1892
1684
1683
145
1766
1496
667
957
1926
2083
1673
666
705
1839
1583
2995
1810
141
3034
358
1561
1018
3039
799
2649
3193
3022
3022
872
1574
1909
1048
1049
1534
2881
1867
3258
2097
2506
2365
1981
2099
1259
1258
2100
3395
340
1301
3202
1386
2809
2820
2829
2821
2810
2071
2820
1370
1244
1245
3223
101
1370
2237
97
2731
2504
325
2330
1500
386
1171
386
2161
1337
1456
1457
1459
3342
393
2856
2206
796
1993
2458
1187
1125
2246
533
2147
1114
1124
1034
1218
466
2872
3120
2873
1511
1121
2660
2048
2657
1023
2471
1062
2885
2880
2885
1374
1779
287
192
702
1495
2719
701
1587
3099
84
3485
2567
379
3486
856
668
2744
2395
2140
3029
205
709
925
598
75
924
2570
707
2421
599
1473
1968
3211
3439
2844
1729
774
2694
660
2380
1990
231
617
198
2380
1169
2740
2701
641
738
718
283
717
479
1696
2979
1673
2978
2976
443
2979
2926
1393
975
1392
2925
2927
2758
96
1388
794
2758
226
726
420
1059
2336
1646
725
1192
367
963
2103
2650
1932
2037
3250
-1
2161
731
933
2030
3503
730
2969
1943
254
845
2526
2265
3099
735
2666
1404
2668
734
429
3213
315
3213
1274
297
2953
717
1523
2958
2964
188
895
2946
1
601
2370
325
175
2803
140
234
2156
1112
2296
2911
1025
2427
1357
88
240
2428
262
986
748
29
747
2736
2733
1081
2846
2510
1082
1220
618
1011
1208
2062
3402
59
2718
536
1947
2169
657
2934
536
1762
756
1869
2977
3079
755
2159
758
2595
757
1869
648
1318
3072
2096
2539
2106
157
3153
168
1046
649
630
1421
2118
1431
764
763
211
192
2959
768
1276
3114
2730
432
2960
204
1507
765
348
1917
1404
1846
3148
379
204
1790
827
3435
826
3261
1476
914
1335
450
195
450
2191
712
3287
542
1158
2579
449
1728
346
1016
778
276
777
433
658
2064
780
504
1652
779
1283
1411
496
3157
1854
2525
2873
3121
465
3118
1511
1865
1754
786
2357
785
1748
2337
2427
2126
2314
1910
522
9
362
3553
1585
473
3277
2784
2590
208
2591
2363
1411
3406
282
125
1970
1815
724
1810
3428
2292
853
691
3032
3031
3032
2867
292
2506
163
3259
1562
2560
671
2434
23
1742
1713
3230
3353
2085
595
2165
808
1418
2454
3110
3352
135
3141
3264
3142
826
3111
1477
380
1479
1929
2724
803
1527
2854
1186
2540
1186
1983
1958
3104
3449
3423
3103
3186
516
2234
3461
1489
2323
2671
2324
1721
2277
2321
1721
3474
3473
2001
2149
501
2001
1722
2135
295
1037
1036
1489
2711
501
-1
250
3331
2512
2317
1256
834
2875
1432
1225
28
1692
394
28
3315
419
806
771
3434
771
1634
1671
1672
1688
3400
906
1275
1632
3321
2520
172
417
1554
3204
581
3165
1550
1140
3203
3464
1509
823
858
110
1989
995
3254
293
3398
1547
3317
2282
1327
1349
171
3467
2496
1229
2119
979
122
1296
3246
2531
2082
912
38
110
913
2119
3160
3325
2834
733
48
3408
1625
230
3470
1154
3058
3241
3283
1061
3225
74
3427
2782
1342
73
3452
1530
2049
2032
3500
1006
795
2069
569
2292
3429
1934
3480
1838
3479
705
1792
1935
1321
859
2335
982
835
3476
857
2833
982
3304
3197
1871
1711
446
1589
2886
1205
2837
661
2694
1145
3468
2909
79
868
1577
1579
868
255
1856
1842
3492
3380
2089
865
866
870
2815
3403
2143
869
2912
489
2743
1518
673
3023
1408
3105
874
625
2176
2918
873
876
2823
656
2934
875
2543
2094
2122
27
3149
3000
27
906
2237
2236
1482
3540
2371
882
1465
60
2673
881
2250
3036
166
1315
2475
928
650
2456
1017
2656
1608
1607
3049
932
1964
62
2105
578
1013
-1
947
-1
2432
470
174
950
2042
1101
1311
3113
402
940
941
615
2824
-1
-1
1537
740
15
3138
1241
2152
1833
1272
2240
150
1794
1150
2174
1034
1130
2486
3544
296
2486
1317
427
903
64
130
2205
902
1007
425
2366
3431
2442
1250
991
829
2473
879
1339
3539
1914
2721
149
1450
3204
90
2356
2046
3312
911
451
1895
910
1628
3324
842
980
984
843
772
915
1591
914
1929
128
2276
917
399
916
1682
1758
600
3514
2541
3536
923
1805
2254
1403
635
3367
1403
2255
-1
-1
923
919
3537
922
2792
709
925
924
1442
708
3006
3376
1439
1630
418
1731
884
3037
1800
1799
1661
1795
2409
146
1596
3046
36
481
339
887
1338
339
2346
730
3221
1956
155
151
335
3221
937
259
2273
-1
936
-1
2467
3
939
2890
938
55
2973
893
259
893
2974
2825
408
2055
1312
655
3303
1486
1462
1183
429
1458
2390
1825
1175
372
2121
889
2139
434
3070
2021
264
232
2449
2210
402
891
14
2012
952
2463
1775
1346
951
1470
134
2004
2627
3510
3508
2565
224
391
1520
1519
490
333
2377
666
2377
354
1927
1353
1354
1927
1278
10
3234
1278
2262
2564
519
406
-1
1454
3346
727
2381
51
2211
1248
1251
3220
553
1280
967
331
1962
966
1227
1304
1087
2664
1513
1152
3134
328
46
2315
411
1901
2279
1900
1468
3531
2017
1408
2017
2693
40
721
976
2268
3056
104
975
350
2267
978
977
2268
496
171
840
3542
3305
1627
913
3304
3363
2833
3363
858
859
984
2082
109
1628
983
913
2734
444
2733
1664
747
1758
1588
988
203
987
1955
1931
2902
990
1944
989
1222
458
905
992
2281
991
3127
2211
1340
994
51
993
2384
263
478
836
283
1100
1519
625
591
69
303
69
3433
3173
1940
1389
2898
245
2967
2422
436
556
437
556
3260
2216
186
610
1444
1556
640
2393
1210
2893
640
639
2074
852
1008
2422
903
599
1007
264
396
3196
2148
1890
1503
54
2912
751
2059
561
1434
8
338
1412
888
157
1413
2177
1789
3485
1790
1405
1789
777
885
2457
177
56
671
2232
3183
1460
187
2357
2796
1884
3053
211
1431
211
1573
1495
2659
1332
698
2657
2655
383
65
469
744
3456
3319
3318
2429
1904
649
1273
1905
1261
1704
1706
-1
1211
2300
1031
534
1030
1658
2490
566
1033
1032
365
1614
899
694
2146
2174
3187
270
3460
2234
819
819
2775
500
2970
1855
1857
3491
1842
2089
2864
1141
1834
1789
2864
433
2003
426
475
2760
2000
2002
81
371
2822
2933
657
370
583
2851
761
2588
583
1768
674
1908
1534
674
1866
17
549
272
2679
3442
1656
1598
1178
1179
1362
2878
2418
2464
3077
84
1598
3098
1587
2896
2107
1640
420
3377
1732
3006
2440
210
3093
210
2441
725
1566
3243
3242
2993
848
1452
3140
699
1534
2355
3274
2356
1736
1065
3345
1064
1782
1192
3219
3327
2359
2940
3220
611
460
132
1069
52
1068
2068
2843
1902
1077
2843
1262
385
1503
1891
399
472
131
399
2313
16
12
1876
2314
2126
1262
1263
209
1070
529
2518
621
1128
284
2535
302
1128
168
2639
3143
3444
749
1588
2846
1663
750
3020
106
1437
629
3021
2545
124
453
1086
1085
1437
126
629
2546
968
1304
1307
2243
1240
1272
2155
1092
1091
2444
1090
1702
1746
1599
1090
2929
2957
1885
2697
2696
2652
185
3407
1283
3408
1411
2364
350
3191
1984
1680
2160
386
1548
1100
2919
490
2918
1099
996
1138
1102
891
1101
2013
1803
289
34
1104
2228
1103
260
3012
1446
98
1451
3283
554
2077
2619
651
3013
1921
1145
1840
1110
2156
1109
2707
1724
1773
3421
3180
483
2329
743
182
2755
2757
2756
694
2175
2004
328
1698
328
2005
628
2546
127
2904
2005
127
1604
2462
357
451
357
2463
2401
1332
697
2470
3139
2752
522
1124
2757
301
694
1123
1126
1126
1845
692
1124
1125
2147
2765
442
2535
1078
2765
1079
3532
1130
300
1129
2144
899
1475
2684
3343
1900
3273
1901
1134
2225
412
557
1133
376
1136
1542
1484
1153
1135
2225
1775
3256
1776
2012
1101
3255
2982
3244
1140
833
1139
581
1690
329
1040
3040
3042
3114
1350
1213
2302
2301
2299
1211
1108
863
2379
2319
2767
651
641
1148
108
1147
2703
2622
2619
-1
3495
441
898
1616
1570
1569
1615
1177
3529
969
2683
1475
1136
847
547
1881
3470
3059
482
1218
465
83
266
2406
513
3382
1164
775
1555
400
267
2419
2417
1611
114
2419
663
3066
2274
606
290
521
2271
1158
2663
400
2663
3383
3117
1172
3155
119
2043
2023
308
1169
660
560
715
1168
2221
1923
1171
562
1170
1237
687
2561
1166
1173
1172
-1
-1
612
237
2094
2387
946
2164
1177
2684
320
3344
1176
1152
2464
1052
662
1052
2465
277
279
187
2026
658
103
2063
1715
1440
2618
1559
1184
944
1183
1716
3214
3215
3217
578
809
810
2862
692
1188
2246
1187
2459
1993
404
113
2104
2920
308
2922
2650
2921
1883
1882
727
1065
2732
2163
2817
2816
2739
173
1196
2102
2403
2406
1195
3121
274
514
1198
1197
2066
1726
137
1200
1997
1199
3419
512
1725
1675
333
3177
1281
1617
2121
1204
3416
2124
1669
1203
862
3290
1206
1277
1205
252
2913
1573
3052
751
2913
1903
2931
2074
1210
639
1005
1209
1144
1030
3534
2997
570
2289
1143
1873
334
3332
2771
248
2302
72
1216
1215
3132
1791
2679
2951
83
2951
695
1156
1220
2917
2899
398
1219
750
3501
2093
2903
2903
24
990
200
3356
1224
1247
1223
2325
3314
824
2856
3314
2857
590
1228
1306
968
2904
1513
1227
3159
840
1979
3310
1821
565
1820
3358
3309
1233
2162
274
2980
1232
1725
2181
240
2891
2180
546
146
502
1237
1922
1236
1326
1171
1930
1239
275
1238
3077
460
1271
1089
2152
896
3137
2173
1385
74
2372
2151
324
3225
683
2827
2172
683
2173
3224
1531
3431
2218
3430
1224
93
344
965
1249
2453
1248
345
905
2443
1258
1259
233
965
632
3496
1648
3495
323
651
3083
243
1490
82
2581
243
322
3465
822
221
2316
82
678
3127
1250
3126
678
1251
1488
3425
94
2305
314
1028
2518
1076
1071
1076
2519
381
3319
3550
2573
3550
1906
1771
3559
2629
1799
2438
2436
1478
30
2435
129
168
3154
2936
2935
1704
-1
2444
1240
2930
1089
2445
897
2284
1028
298
737
3214
1924
1912
829
2236
3251
1671
765
2836
1206
2564
603
960
961
2250
3190
1549
966
3242
2981
1202
1282
220
3418
137
1281
1095
781
193
193
3157
2835
2607
2550
1300
2808
1287
342
1286
1386
3227
1289
2582
2611
1818
1288
2606
2327
1832
1694
246
3490
1693
1293
2584
428
2583
1292
2604
3084
1419
2454
135
3084
3200
841
1297
456
1296
3248
1644
644
2819
2071
2810
2821
2811
1301
2360
1285
2256
1300
679
93
1303
425
1302
2672
1796
968
1088
1305
106
1304
2113
2664
1307
1227
1306
3117
1088
284
2386
2390
2389
1458
2780
2087
1311
14
1710
892
1310
1543
1544
942
441
269
1314
150
1313
2175
2469
2099
883
2551
2474
-1
901
2487
2632
2854
759
1982
1886
2095
519
488
3546
648
3354
2529
857
3353
2166
3296
152
3297
3293
3292
3294
371
503
1501
1326
1325
2523
1237
1824
1328
838
1327
3331
3333
1684
1330
3088
1329
1893
1606
287
2717
2660
1023
1121
3547
2585
2643
355
2643
-1
2423
2190
773
622
2502
1347
2926
3129
562
688
2345
932
1517
2375
907
588
343
993
2382
1342
2783
2472
850
1341
1482
3209
2092
361
3209
406
1380
1346
2662
2401
1750
1345
952
1336
2503
2116
610
2528
2115
2888
1872
838
1872
1143
227
3130
1352
3271
1351
3131
2167
2423
959
355
959
2424
66
2762
571
2408
571
2763
248
745
545
2773
2772
1939
3392
2607
-1
1360
2549
1359
-1
459
2666
497
497
2670
1052
2788
2207
1994
2790
228
1844
2343
377
3453
377
2344
1582
1945
458
40
1944
1518
1521
139
1371
1372
2826
683
684
1369
2831
2828
1369
180
2056
2355
2880
1779
700
2883
2717
3174
1376
114
1375
2705
2420
1378
1975
1958
111
1377
2481
1415
1650
45
2095
1415
1344
1382
3169
2002
3108
1381
3460
1741
1562
2006
2295
3313
1561
3227
1242
2373
680
101
1287
484
226
1388
330
1387
723
999
1390
618
1389
2965
2509
2925
2713
1394
2858
722
2115
721
2927
1394
1391
1624
1393
2039
3507
555
2039
2214
-1
2215
555
2216
118
3027
3025
3024
382
1999
2148
2916
2275
1663
1681
398
3368
-1
635
921
3368
920
3446
769
735
3484
1016
3148
1781
1736
1735
2692
190
1504
1897
872
973
1896
158
1614
3406
3090
389
792
1096
781
1413
2106
1013
1014
1412
2838
3074
112
1836
3072
1379
1380
2547
3020
452
357
608
1894
384
3200
803
1294
3085
115
3231
582
2987
762
3231
2774
3416
2085
2164
2085
3417
2086
2898
1425
3472
1424
2899
244
-1
119
-1
473
1428
1429
1427
3065
208
2589
2648
1427
1431
2342
2519
763
1430
1021
242
445
823
445
2058
2512
1012
2134
2062
2061
1903
1902
1733
452
1437
1086
1436
1083
3005
1439
125
1438
926
1971
2555
-1
1182
2555
1560
3303
925
205
2567
1473
2130
2569
2393
1003
2391
610
622
2391
1105
-1
1449
537
1448
2782
1447
2514
1830
-1
1450
1446
1449
2524
908
2260
1452
1106
1451
3012
1061
2023
2044
2304
3235
2091
963
2474
2552
166
3151
689
2857
689
3152
2781
1309
945
1459
1458
1826
689
1019
388
1461
1460
1977
2027
1463
944
1760
1559
1462
1486
1465
3329
35
2060
1464
881
1467
3344
1512
410
1466
440
1469
439
972
3390
1468
1474
2353
953
1697
1751
2354
439
551
160
2132
2131
1443
710
1900
1541
1469
1153
1131
1541
772
3262
1928
3263
3141
806
1267
2018
23
2436
2439
807
3280
2193
1528
637
3415
2033
589
880
1342
2383
587
586
1485
412
1135
2010
1484
411
1487
943
1463
173
471
1486
218
1260
1489
813
820
1488
2426
1491
1254
1490
2572
2942
534
3188
3535
3534
2069
2293
336
2715
2719
2718
702
1022
3088
1497
665
1496
178
22
2787
530
2362
375
374
8
3316
1547
687
1325
2962
2522
1503
131
429
1010
1072
1502
1407
2534
1505
1735
2795
1504
1507
379
3008
767
1506
2537
3464
2530
3197
834
3198
3516
3362
1539
313
784
3362
696
1513
2905
1466
1228
1512
969
2647
2589
-1
-1
2647
-1
2252
60
387
206
2252
1338
1368
871
1519
956
1518
996
2566
1521
956
1520
2944
1368
293
457
1523
1522
2489
738
1525
1899
2566
67
1524
478
597
3087
1527
808
209
1526
1480
-1
2339
3454
430
1678
851
3453
637
3430
1246
1532
1531
3279
200
-1
-1
2354
1062
675
1048
2720
61
2494
-1
0
1860
2945
895
3334
61
-1
-1
1510
3119
1540
109
1539
38
1474
1542
1475
1541
1901
1135
3168
1312
3556
1312
3512
-1
1788
1785
477
2450
1788
2850
837
1548
1500
1547
3399
1098
1550
1279
2182
337
1549
833
319
1552
-1
1551
509
-1
3063
401
2579
3062
1727
831
2412
1159
2931
2411
1004
623
420
1558
135
1557
1646
3085
1560
1183
1463
1715
1559
1441
670
1384
1562
1383
799
1561
3109
1564
427
1563
3170
167
1566
2994
2079
2993
1565
1060
1774
3180
1568
3420
2331
1567
1151
2025
416
2024
1151
415
481
-1
-1
3052
529
1903
1207
3051
1022
1575
3498
673
365
1574
1896
1577
2090
3268
865
1576
1828
1828
421
1580
1580
2287
865
2220
1579
1578
2258
-1
2192
557
2258
1366
1841
1642
668
2188
2709
1655
3064
1586
789
1585
2901
86
1055
703
1931
1081
50
987
1590
861
1714
2887
1589
3292
1592
124
914
453
1591
596
1594
3389
596
1734
1593
575
1596
2201
3047
463
1595
930
1598
550
2197
1054
1597
1051
1600
1702
1092
539
2785
1599
2255
1602
3536
1601
2542
3490
2399
1604
2545
1603
2769
1118
1938
1939
2773
3181
413
1330
886
3437
2656
3436
886
3393
2777
2704
153
2776
3151
393
2878
347
1160
2417
2420
181
1614
576
1794
1409
1613
1033
1616
1151
1718
576
1615
1150
1618
2029
1202
332
1617
2532
2082
1620
266
1619
2532
220
1622
2894
584
2842
1621
530
1624
2713
527
1394
1623
3056
846
3409
257
257
2263
3299
980
3542
2081
2081
912
984
3320
1632
172
3482
927
196
2521
326
1862
1629
830
1862
1634
3142
2520
3141
1633
827
1636
330
1770
484
1635
235
3351
419
3349
3351
3350
3378
1640
2108
3005
1056
1639
210
1642
2189
3318
1583
1641
2745
1644
355
354
3348
1643
1297
116
2178
1646
726
1645
1558
2317
2513
632
2316
1252
2613
214
624
516
1379
3073
1836
3017
10
505
780
3017
1950
-1
520
-1
1655
469
3457
2297
1654
1584
1051
138
460
138
3443
2065
1659
3081
1031
155
1658
151
3509
2627
-1
929
1662
425
1661
1800
1980
1082
202
1401
2906
2736
986
3069
224
1898
3068
2348
3288
7
1668
3066
1667
2493
499
1204
236
656
2543
613
536
2236
828
1276
828
2237
3115
719
1674
667
1673
2980
333
1201
3177
1676
2378
1675
2029
1678
320
409
1529
1677
3452
2226
39
491
3399
2226
1097
1682
2275
1401
917
1681
2906
56
2233
664
664
1329
1765
3410
3298
1737
1976
388
3092
1688
3044
2959
3042
1687
828
3044
1690
204
1689
1141
2865
3341
1692
1988
1691
3342
824
1694
1291
3514
311
1693
1290
1696
1899
67
2349
1695
718
-1
-1
1470
1115
-1
-1
25
3319
470
-1
2955
-1
3001
-1
-1
1599
3001
1091
1704
2936
3016
1270
1703
1029
3524
2284
2583
1029
3524
2603
2348
3069
2347
2348
2984
2199
-1
-1
3161
3112
1311
2871
2498
1712
861
1711
2877
2799
1714
801
152
1816
1713
1589
1716
1560
1182
1184
1715
2575
1718
442
2014
2688
1717
1615
1720
154
182
303
1719
2015
244
815
816
424
2321
818
1724
484
2157
141
1723
1110
1726
1201
1233
3178
1725
1198
1554
3063
1728
776
609
1727
712
3375
1730
2578
1729
1731
495
927
1730
1057
495
3375
3389
1436
453
3388
1594
2046
92
1505
1406
1406
1064
624
1685
1738
2027
1737
3299
57
2651
658
2554
2238
1949
2985
2559
1383
2434
800
176
2559
1744
3339
1886
3175
1743
-1
1746
170
310
395
1745
1091
1748
1753
2991
786
1747
2361
3359
2661
-1
2661
1346
1776
2353
1471
1752
134
1751
159
1754
2961
1747
136
1753
785
1756
2294
2013
574
1755
2462
1758
29
472
986
1757
917
1760
472
173
131
1759
1462
2738
2739
2817
2975
755
2727
1764
2836
2262
559
1763
80
1766
286
1684
518
1765
665
1768
2076
-1
3143
1767
1047
1770
329
3041
1835
1769
1635
1772
2956
1265
2574
1771
634
432
1111
483
2328
1567
2369
3255
1137
952
1750
1137
485
1778
2597
2608
3327
1777
2360
1780
1373
700
307
1779
2714
2534
1782
1406
1781
3194
1065
1784
3543
500
494
493
1783
1545
2451
1786
2634
1785
-1
2850
583
1801
1546
1545
2988
1016
1015
1041
2865
1015
770
1792
227
1216
856
3487
1791
1794
270
2490
898
1793
1613
1796
78
929
2003
1795
1303
3558
475
476
2609
-1
2630
1800
929
1266
1662
1799
928
1787
2587
2450
1803
2311
14
31
1802
1102
1805
-1
-1
919
1804
3367
1807
2954
2696
2953
1806
479
3203
1809
580
1808
3463
304
669
142
794
142
2996
3479
1813
2749
2759
70
1812
1815
1875
2751
70
1874
1813
794
1817
3230
1714
68
1816
446
2426
1289
2571
646
2571
2605
121
1231
646
1230
3309
3306
1823
2255
636
239
2542
1822
3330
1327
2283
1826
945
2388
1459
1825
590
4
1878
464
2248
1578
1577
2248
-1
2290
1831
2505
1448
325
1830
538
3373
1833
1290
1832
2154
897
1835
2866
1040
217
1834
1770
1837
1650
1414
366
1836
624
855
1839
1935
1838
3481
668
2709
1109
2297
2706
2188
1583
1039
867
1843
1842
3381
162
1845
2310
1364
301
1844
1125
769
1847
3484
1846
3447
2568
2500
-1
3266
1851
2500
162
1851
643
3510
528
1850
1849
1853
193
318
3158
1852
256
782
1855
2008
1854
3158
1038
1857
3491
866
2723
1856
1038
447
559
231
2244
2009
2008
1861
1
1536
2054
1860
2035
1632
1631
1863
3125
417
1862
1865
2872
312
784
1864
2776
1867
2720
1049
3164
1866
675
2158
2729
199
199
755
758
3467
221
2497
3466
171
860
1349
1873
1350
1872
2889
1213
1875
1815
2485
568
1814
1874
16
1075
1877
18
1876
2229
1879
-1
1827
-1
1878
2466
2937
627
626
148
548
1154
2691
1883
1192
1882
1191
120
1885
136
1020
1093
1884
2063
1887
1319
1743
2096
1886
147
1889
3002
3277
-1
1888
-1
1891
1010
2306
1072
1890
77
1893
664
2456
1330
1892
3437
1417
607
451
911
607
117
1897
1409
1575
577
1896
1408
1899
2350
1665
1695
1898
1524
972
1132
1474
1542
1132
971
1070
2895
1435
1435
1208
1572
1027
1905
2285
1904
2430
1028
1265
1907
2482
1906
3551
469
2753
3140
1048
2753
674
2271
1911
788
88
89
1910
2772
3251
1913
1275
1912
3252
1915
1915
907
3400
552
1914
1913
1917
161
3252
768
160
1916
1919
3183
2358
2441
1918
2336
1921
3014
197
1108
1920
3469
1923
8
1236
561
1922
1170
1925
1274
647
298
1924
2584
1927
66
666
959
1926
958
1929
1476
3264
915
1928
807
3076
1238
203
1587
3076
988
3497
567
728
567
3498
71
3133
72
854
467
1838
856
-1
-1
2187
-1
-1
2352
3181
1605
179
1605
3182
1358
2966
999
245
2965
2570
2793
1943
2970
255
732
1942
508
1945
1368
989
489
1944
1367
1947
613
2986
753
1946
1949
2553
659
1949
1740
1948
1947
1951
2554
1652
659
1950
505
3412
1953
2742
1952
3413
3105
1955
50
75
988
1954
2896
934
1957
567
1956
3222
2103
1959
810
1377
2863
1958
2184
2184
1961
3215
1960
2699
626
1963
2938
967
627
1962
99
887
3504
1965
3217
1964
338
1967
3009
3222
335
2203
1966
2844
711
1969
1968
2110
3376
389
793
1971
2110
1970
1439
1973
2788
2791
2670
1972
662
111
390
1975
1377
1974
2185
1977
1686
3091
1461
1976
3410
1979
3083
2941
2496
1978
1229
1981
2366
1662
677
1980
3036
147
1983
1318
1982
2481
810
1097
1985
2160
1984
3192
2030
3451
1987
491
2031
207
1986
1989
38
1691
835
1988
3477
660
1991
714
1990
2695
447
1993
3030
2749
691
1992
1188
228
2791
1363
2206
2789
3033
1997
512
2195
1199
1996
2102
1999
177
32
1399
1998
176
1043
2711
3461
2710
818
817
3101
1043
1381
3100
1042
1796
2812
1115
953
2812
1118
1116
2045
2007
1383
2006
3240
2435
1859
1854
2969
1859
616
2526
2011
2678
1485
319
2010
280
2013
1138
951
1102
2012
1755
2015
441
1717
269
2014
1720
2017
364
577
973
974
2016
1478
212
2019
176
2018
3024
2021
3071
2131
948
2020
599
2023
3235
2923
1167
1453
2022
2025
1570
364
1569
2024
392
2027
504
1180
1737
2026
1461
3245
456
2378
1617
3245
1676
2839
731
1985
2838
1987
3448
2033
852
2050
461
2032
1481
3386
5
3519
2
3386
1861
-1
3517
-1
403
729
2038
309
2037
119
2040
1395
1396
2628
2039
-1
3161
2042
402
2041
3162
891
2044
1167
2561
1453
2043
506
3239
2006
3313
1734
3239
910
33
2470
2800
2883
2800
697
2050
3454
851
2073
2049
2032
3521
2052
615
2051
3520
12
3520
3522
3096
3519
3097
1861
942
3555
3557
3556
407
1372
242
448
2058
1433
2057
197
3329
1011
2134
3328
1465
2674
2062
1435
375
751
2061
1434
2064
1181
1885
779
2063
279
3003
1657
512
1198
3003
3419
2068
274
515
514
2067
1069
1493
2070
853
2069
3535
3533
682
2072
1298
2071
3395
2550
2074
2932
2050
1209
2073
1006
2076
3144
-1
1767
2075
-1
2078
1107
108
2620
2077
2621
3244
1565
3165
3243
2982
2981
2119
1628
1627
842
1619
983
3078
2977
667
488
3078
66
1422
1423
802
3294
1423
2823
2870
1310
285
3505
2409
3046
2090
868
1039
1576
2089
525
1454
2092
3210
2091
3236
1343
1221
612
2999
1174
877
2999
2096
1380
1319
759
2095
1887
676
2687
268
268
-1
2507
1315
2100
677
2099
233
678
2405
266
299
1195
2405
1997
360
728
1957
2920
3010
1189
517
888
2106
760
2105
1412
2108
1056
3352
1639
2107
3377
3438
2363
389
1969
3438
1971
2112
542
3062
47
2111
417
2114
126
1305
541
2113
2242
2116
1348
1392
622
2115
1347
414
3025
2341
2341
763
288
840
844
2081
3324
455
2531
2653
1203
946
2385
620
877
2853
3289
236
2852
1204
2654
43
2229
2126
787
2125
1075
2128
2446
531
-1
2127
-1
3007
2130
2132
2129
3029
1443
2132
1473
2020
2129
2131
1472
2134
561
63
1434
2133
2059
2277
2136
818
2135
3285
2149
434
2432
544
2139
2298
2283
947
2138
543
435
2747
706
2395
2745
2433
3404
580
305
2814
870
3328
1130
3533
3188
3187
534
2491
2147
300
1034
693
2146
1126
3285
1400
1009
817
2136
3196
2154
3374
3372
3137
1243
3224
2153
1240
896
2900
2152
2830
1833
2150
2155
2154
3138
1089
743
1109
2157
2171
2156
1723
26
1868
2159
-1
2158
757
2161
1098
1984
688
2160
730
2163
53
1232
1193
2162
443
2165
1175
1422
802
594
2164
1322
373
2167
3172
2166
1352
2169
253
657
511
2168
753
2171
291
483
235
2170
2157
2173
1244
2831
1245
2172
1241
2175
899
1035
1114
2174
1314
3450
874
3423
3448
3104
1014
1645
2179
115
2178
2362
584
2181
1235
3459
55
2180
1234
2183
2982
1549
2981
2182
331
2185
1960
1959
2698
2184
1975
2187
222
390
3059
2186
1936
1841
1584
2189
1641
2188
3456
2503
2191
1335
2190
3336
774
2193
3281
1581
1480
2192
-1
2195
549
2404
3443
2194
1996
2197
549
3442
272
2196
1597
2199
2544
3289
613
2198
1708
2201
463
4
1595
2200
464
2203
2408
359
1967
2202
91
2968
3473
201
2967
2477
903
2207
1995
691
1363
2206
2459
-1
2209
2648
2208
-1
3276
2211
949
349
964
2210
992
2645
-1
2214
2645
2215
3260
2215
2212
1396
2213
2214
1397
2217
1002
1397
2528
2216
2858
2219
1246
2442
2280
3279
2218
2286
1580
2221
1169
2220
2700
2223
206
223
2253
2222
627
2225
557
2231
1133
2224
1136
2227
1679
1680
3254
2226
3396
2229
2460
1104
2125
2228
1877
2231
409
2683
2344
2230
2224
2233
1018
32
1683
2232
2457
1036
813
3338
3337
2307
572
879
1671
1275
879
685
1672
2239
1740
225
2553
2238
2651
3060
311
897
310
3060
2445
2243
3094
2114
3383
2242
1088
2245
1859
254
80
2244
231
2247
693
1187
49
2246
2748
2249
1829
1828
-1
2248
3267
3189
1279
882
60
99
3189
2253
1516
1517
99
2252
2223
634
636
920
1822
1601
921
2359
1301
2257
345
2256
2806
2259
1581
1582
-1
2258
376
3011
1451
-1
3233
2265
616
961
3233
1763
2264
3018
1626
10
2263
2266
2261
602
733
602
3234
2264
977
317
2268
978
2267
975
2270
3323
3163
2721
2269
306
2272
1163
1909
606
2271
7
2274
605
936
1162
2273
34
2276
1400
1681
396
2275
916
3284
2135
815
2917
3284
244
-1
972
-1
64
2219
2281
130
2280
991
2283
838
249
1824
2282
2138
1705
2285
1273
2284
3525
1904
2287
2220
508
1579
2286
255
2289
151
2300
2407
2288
1212
2291
3366
1829
2702
2290
-1
795
854
2293
1493
2292
2301
2295
358
1755
574
1384
2294
234
744
2297
1840
2296
1655
-1
-1
2138
1144
2997
2300
1030
2299
2288
2682
1144
2293
2681
1215
1143
2304
405
3236
3019
2303
1453
3425
1261
2308
3424
218
1890
2235
94
2308
2430
2307
2305
2310
301
2755
1844
2309
216
2312
518
1802
286
2311
3035
2314
1074
19
1075
2313
787
-1
971
3273
2317
1648
1257
822
1647
2316
2319
323
316
3014
1146
2318
2321
2325
3475
1722
2320
815
2710
2323
424
2760
814
2322
2325
424
814
2320
2324
1224
2327
538
2515
523
2326
1290
3179
1774
2805
1112
3179
2910
2331
2731
686
1568
2330
2370
2333
2730
3115
3420
2332
2731
3476
394
2335
2334
3272
857
2337
726
1919
116
2336
786
638
-1
2638
2340
3238
1528
638
2339
-1
2342
2118
2117
1430
2341
3027
2344
1365
409
1366
2343
2231
2478
2346
1338
2345
3129
933
2983
1707
2350
1666
1707
1708
2350
1696
44
1898
2349
2347
2352
111
2949
390
2351
1937
2354
1751
1470
1471
2353
1533
307
1063
1373
909
87
1063
2358
1020
785
2797
2357
1918
2360
2256
1066
1300
2359
1778
2362
116
1748
2179
2361
1498
2109
2364
792
2363
3439
1096
2366
677
2443
1980
2365
904
2368
85
600
2803
2367
3107
2370
524
1774
741
2369
2331
2372
880
2374
1242
73
2371
2374
587
1385
586
2373
2371
2376
1339
2384
3540
2375
586
2378
958
957
2028
2377
1676
2380
2741
1145
715
2379
713
2382
964
344
1340
2381
2452
343
1483
2384
994
2383
2375
2386
2122
2653
1308
2385
372
2388
1175
592
372
2387
1825
2390
1309
621
945
2389
1308
2392
1444
1445
195
623
2391
2394
1444
1004
183
2393
2893
706
2141
2396
543
2395
434
2398
608
2400
607
2397
2547
2768
1603
2548
123
2768
2397
2402
1120
1345
608
2401
107
2404
465
1195
83
2403
2194
2406
2101
2102
1157
2405
1196
2408
335
2289
2202
2407
1355
2088
2410
930
2409
3506
22
3270
1556
2580
3269
2414
1555
2414
3270
401
2412
2413
400
347
2879
2416
216
2415
2790
1160
1612
2418
1053
2417
271
2420
1160
1161
1612
2419
1376
2422
710
397
1007
2421
1000
2424
1353
1334
1354
2423
2626
2582
82
645
2581
1818
1490
2428
745
787
746
2427
19
2430
1027
573
1905
2429
2308
633
-1
-1
2433
890
2137
25
2432
2141
2435
800
1741
1268
2434
2007
1267
1479
2437
212
2436
3086
2439
1267
30
1479
2438
128
2441
1058
3184
1059
2440
1919
2443
905
2218
1250
2442
2365
2445
1271
1090
1272
2444
2241
2447
532
2127
247
2446
3538
2449
263
588
949
2448
3070
2451
1546
1801
1785
2450
-1
2453
2971
2382
564
2452
1249
2455
803
1294
209
2454
385
2457
885
1892
1017
2456
2233
2459
692
228
1188
2458
2207
2461
290
2228
9
2460
43
2463
1119
1756
1120
2462
951
2465
1178
1053
1179
2464
2680
2467
2
1879
3387
2466
938
2939
2469
2552
2468
611
1315
2047
241
1121
3547
2655
698
2473
3401
1341
906
2472
97
1316
1455
2475
-1
2474
884
201
3355
2477
2205
2476
3278
3128
2345
387
562
3128
63
3176
2950
2481
1983
2480
1378
2483
3526
1906
65
140
2482
2485
468
3429
142
2484
1874
167
900
901
296
-1
1317
2489
457
3317
1523
2488
2963
2491
1032
1793
566
2490
2145
17
2493
7
2492
2495
1668
2495
17
1535
2493
2494
2928
3082
1979
839
243
3082
1870
2876
1711
2886
559
2876
2837
2501
1848
1849
-1
2500
3509
2845
1336
317
2845
2190
1347
2505
686
97
1830
2504
2783
2507
798
676
-1
2506
2098
2509
378
2511
2793
2508
1390
2511
749
618
50
2510
2508
2513
822
1433
1647
2512
316
3369
2515
1448
2514
3373
2326
2517
280
411
-1
2516
-1
2519
1262
1077
1263
2518
1430
2521
830
1633
454
1631
2520
2523
1501
2964
1326
2522
3316
2685
21
1450
2526
2835
782
733
2525
2009
2528
186
556
1348
2527
2217
1321
3516
2832
1508
322
3466
2532
842
2120
1620
2531
1618
189
190
3023
189
1781
1504
2688
1079
1127
620
302
27
2538
348
1507
160
2537
3007
2540
760
3075
517
2539
809
2542
3107
918
1823
2541
1602
2544
1670
876
2198
2543
236
2546
1084
1603
1087
2545
1117
2548
1416
2398
3021
2547
2399
2550
1360
644
1285
2549
2072
2552
1316
2600
1455
2551
2468
2554
1948
2239
1950
2553
1739
2556
1440
1441
-1
2555
2728
455
2558
122
2557
3325
2948
2560
1741
1742
799
2559
32
3156
1172
2043
3155
404
309
2564
252
253
1277
2563
961
2944
955
2902
2943
1520
1524
2568
1442
704
598
2567
1847
2570
397
1443
1941
2569
709
2572
1818
1819
1491
2571
3308
2956
633
1264
2955
1772
273
2617
647
1716
2617
-1
2642
2578
449
450
609
2577
1730
2580
776
1553
3055
2579
2411
2582
2426
1255
1288
2581
2425
2584
1293
1705
1292
2583
1925
2593
1333
3347
2593
-1
2644
2588
-1
1801
-1
2587
1047
1514
1429
2590
-1
2589
791
2592
-1
791
-1
2591
3554
2594
2586
2585
-1
2593
3357
3546
-1
757
3545
2625
-1
2598
-1
1777
-1
2597
164
2600
-1
165
-1
2599
2551
3511
3168
3167
2818
654
-1
2604
-1
1706
-1
2603
1293
2606
-1
1819
-1
2605
1289
2608
1359
1285
-1
2607
1777
2610
1798
3558
-1
2609
558
2612
-1
1288
645
631
2611
2615
645
1648
2615
-1
631
2616
2614
2613
-1
2615
3496
2618
2576
2575
-1
2617
1182
2620
1149
1107
-1
2619
2078
2622
-1
2078
-1
2621
1148
3208
-1
376
3207
2678
2677
2596
488
2626
-1
2625
2424
1660
954
2628
-1
2627
2040
2630
650
1266
-1
2629
1798
2632
-1
558
-1
2631
1317
2634
296
169
-1
2633
1786
526
3268
3265
526
3266
-1
2638
268
422
-1
2637
2338
2640
-1
1080
-1
2639
2935
2642
428
647
-1
2641
2576
2644
1334
1333
-1
2643
2586
2646
2212
2213
-1
2645
163
2648
1514
1515
1429
2647
2208
2690
672
3497
728
1191
2690
2652
1739
2239
1094
103
2651
2654
2121
2385
2124
2653
237
2471
3048
1024
3048
1607
885
2658
698
1024
191
2657
288
2660
1023
191
697
2659
1331
1749
2662
1750
2661
3360
1345
1164
1165
353
3116
1306
969
2666
459
550
1361
2665
734
3147
346
3145
3147
3146
735
2670
3145
2869
1362
2669
1973
814
2672
93
2671
2761
1303
2674
882
337
2060
2673
2814
2676
528
527
2712
643
2675
2624
319
-1
2624
604
2010
2680
1217
1050
2952
2679
2465
2682
2302
2998
72
2681
2301
2684
1153
2230
1131
2683
1176
-1
2524
-1
2687
3257
2892
2097
2686
3499
2689
2535
1718
302
2688
416
2691
2649
2650
3194
2690
1882
3530
1407
3412
294
489
974
863
2695
713
2694
2799
1991
2697
1094
1806
103
2696
1093
2699
2185
222
1961
2698
148
2701
198
2221
716
2700
421
2703
2291
-1
3365
2702
1148
1609
2705
3173
2704
2779
1376
2708
1841
3481
1110
2708
2995
2709
2706
2707
1584
2708
1840
2711
2322
2001
2000
2710
820
351
2676
2713
1391
2712
1623
2715
304
1780
1494
2714
2716
2717
287
2715
1331
2716
1374
2719
1495
752
702
2718
1494
3323
1535
1866
3322
2270
908
2723
363
3492
256
2722
1857
2725
808
380
384
2724
3263
2727
199
655
1762
2726
471
2729
26
2556
1868
2728
3302
2332
3421
766
2330
2333
685
2733
53
1193
985
2732
748
2735
2737
985
2849
2734
2736
1664
2735
748
2734
3136
275
3560
1761
443
1761
3561
1194
2741
198
716
2379
2740
2766
2743
294
1952
871
2742
625
2745
706
3486
2141
2744
1642
2747
249
227
2140
2746
3487
2749
70
2247
1812
2748
1992
2751
568
569
1814
2750
49
1122
2753
521
2752
1908
1909
2755
182
114
1113
2754
2309
2757
1114
269
1123
2756
1113
2759
723
724
229
2758
1812
2761
2323
1043
2672
2760
3100
2763
1355
570
1356
2762
2889
2860
621
591
2860
1127
1128
2767
3013
2741
1146
2766
108
2769
2399
2400
1604
2768
628
2771
250
3523
1214
2770
251
2773
1358
1911
1605
2772
1357
2989
573
1421
1037
2989
494
2778
1610
1865
2778
1609
3152
2779
2777
2776
2705
2778
181
2781
3432
1309
153
2780
1457
2783
850
1447
1341
2782
2505
2785
3065
790
1600
2784
3002
2787
502
374
2991
2786
1498
2868
1363
1972
2868
276
1995
2791
1364
2416
1994
2790
1972
2793
924
378
1941
2792
2509
92
3185
2795
1505
2794
3413
2797
279
1020
187
2796
2358
2799
661
79
2695
2798
1712
2801
2047
2048
42
2800
2882
2803
2805
524
742
2802
2368
2805
175
2911
2802
2804
2328
2807
564
2257
2809
2806
340
2809
1286
341
680
2808
2807
3394
682
1299
101
3201
1299
2813
2005
2004
127
2812
144
2815
2143
2674
869
2814
3404
2817
1194
29
1761
2816
1193
2819
2602
3511
1298
2818
3167
3167
681
682
1299
681
2826
2823
2933
1044
875
2822
2086
3518
894
15
3517
3521
941
2827
1370
2821
1244
2826
2828
2829
1371
2827
681
180
2828
2831
139
2153
1371
2830
2172
2833
2529
3198
859
2832
981
2835
845
3409
2525
2834
1284
2837
1277
1763
862
2836
2499
2840
2031
1413
2840
2030
207
2841
2839
2838
3504
2840
338
2895
1622
375
2894
1070
1071
3336
1968
712
3335
2503
2502
749
2847
1082
2846
2848
202
3444
3135
2847
3135
2735
2907
2851
1787
1546
1046
2850
582
2853
2124
237
535
2123
2852
2855
1318
809
3073
2854
3074
2857
1225
690
1226
2856
1456
2924
1392
2217
351
2924
555
2861
2765
2764
442
2860
303
2863
517
1186
578
2862
1959
2865
1040
1041
1690
2864
1790
2867
433
1834
797
76
2866
2869
2789
2788
346
2868
2669
2871
2087
3505
1710
2870
481
2873
695
1864
696
783
2872
3515
3354
3353
823
3515
3229
2877
2498
2499
1712
2876
447
2879
1611
1053
2415
2878
662
2881
699
1373
675
2880
87
2884
3139
2801
1374
2884
2048
2885
2882
2883
699
2884
700
2887
862
2498
3291
2886
1590
2889
1349
3332
1873
2888
2763
2891
11
939
262
2890
1234
2893
639
2686
1005
2892
2394
2895
2843
1621
1902
2894
2842
2897
1055
1955
3447
2896
598
2899
1424
999
1425
2898
1219
2901
2930
2153
474
2900
1586
2903
989
2565
1221
1222
2902
2905
1228
1117
1512
2904
143
2907
1664
1682
2849
2906
202
2909
242
68
864
448
2908
2911
234
2329
744
2910
2804
3050
1011
870
3050
1207
1208
2915
315
314
54
2914
3424
2917
398
1400
1219
2916
2278
874
492
1100
1099
492
39
2921
2104
1190
360
2920
1191
2923
120
1190
367
2922
2022
2925
2858
2859
722
2924
1391
2927
721
1336
1393
2926
722
-1
-1
2495
2930
474
1092
2900
2929
1271
2932
1209
1555
2073
2931
423
2934
1045
2822
754
2933
876
2936
1270
2640
1703
2935
1269
2938
1880
148
1962
2937
369
2940
2468
165
258
1067
2939
2942
321
1978
3311
2941
1491
2944
2566
224
1521
2943
2565
2946
1537
-1
740
2945
-1
2948
265
652
3160
2947
2558
2950
3379
2351
2480
520
2949
2952
1218
1217
271
2951
2680
184
1807
738
184
2958
1806
2956
2574
1700
1771
2955
2573
2958
278
1093
2954
739
2957
2960
765
1687
348
2959
767
2962
503
1753
1501
2961
188
2964
184
2489
739
2963
2522
2966
1941
1390
397
2965
1940
2968
2205
1000
619
2204
2967
2970
732
2008
1942
2969
1038
2972
343
2452
342
2971
341
-1
940
-1
-1
-1
941
2976
1762
3560
2978
2975
720
2083
756
2978
719
2977
2976
2980
719
720
1674
2979
1233
2080
2183
1280
2080
1139
2182
510
2984
2347
2983
2986
1708
2986
510
1740
2984
2985
1946
2988
494
1420
493
2987
1788
2990
2774
2775
572
2989
295
2992
2787
1747
502
2991
503
2994
1566
1061
1565
2993
98
2996
669
2707
1811
2995
3480
2998
1212
2299
334
2997
2681
3000
2093
2094
878
24
2999
3002
1701
1702
1888
3001
2785
3004
2065
2066
132
3003
514
3006
1438
1639
1057
926
3005
3028
2129
2538
205
3028
1506
3010
360
1966
2104
3009
91
3012
2260
-1
1452
3011
1105
3014
1108
2766
1920
3013
2319
3016
649
3525
630
3015
1703
3018
1651
1652
2263
3017
57
-1
-1
2304
3021
1083
1416
1084
3020
2548
3023
673
672
872
3022
2533
3025
1399
2019
2117
3024
1398
3027
118
381
1398
3026
2342
3029
3007
3008
2130
3028
707
3031
229
1992
3441
3030
796
3033
797
796
76
3032
1995
3035
670
3039
31
3034
2312
3037
883
1981
166
3036
928
3039
56
286
671
3038
3034
3041
1142
41
3043
3040
1769
3043
1688
1142
3045
3042
3041
3045
1689
1687
329
3044
3043
3047
931
2088
480
3046
1595
2655
3049
2656
3048
3548
886
3051
2913
2912
1573
3050
3402
3053
1572
1207
529
3052
1021
3055
195
449
623
3054
2580
105
976
1624
105
507
104
3059
847
548
1155
3058
2187
3061
2240
2241
540
3060
531
3286
1554
2111
3286
1553
1727
3065
539
1585
2784
3064
1428
3067
1162
1667
605
3066
-1
3069
1666
391
1707
3068
1665
3071
948
2449
2020
3070
551
3073
1415
759
1650
3072
2855
3075
1414
2855
579
3074
2539
3077
1930
1931
1239
3076
1054
3079
2083
2084
756
3078
648
3081
155
71
1658
3080
566
3083
2496
2497
1978
3082
1254
3085
1294
1295
1419
3084
1558
3087
597
2437
1526
3086
380
3089
1496
1329
413
178
3088
1410
194
3091
282
3090
1976
3093
282
1686
125
3092
1058
3095
47
2242
542
3094
3382
3097
2053
15
2054
3096
1
3099
1055
3446
703
3098
734
3101
2003
2761
426
3100
2002
3103
579
157
3104
812
3102
2177
811
3103
3422
873
1953
3107
239
140
2541
3106
2368
3170
1382
500
3169
1563
426
419
804
3199
3199
384
806
3113
1710
-1
892
3112
-1
3115
766
1142
2332
3114
1672
3117
2664
352
1307
3116
1165
3361
784
393
1539
3361
3341
3121
696
313
783
3120
1196
3123
454
124
327
326
3122
3125
541
47
326
3124
1863
3127
1259
344
1258
3126
992
3129
2478
2479
2346
3128
1337
3205
1351
3315
3205
593
1352
3133
467
1216
468
3132
1934
-1
-1
970
2848
3136
2849
3135
3445
2737
3371
2151
1241
2155
3371
896
3140
1122
2882
1908
3139
1062
1477
805
1634
1633
805
3262
3144
1768
1080
2075
3143
-1
3146
2667
2669
2668
3145
497
3148
2667
2668
1405
3147
769
3150
878
416
24
3149
392
3152
1456
1610
1457
3151
2777
3154
761
3232
1269
3153
630
3156
2562
1166
113
3155
2561
3158
782
1284
1855
3157
1853
3160
1229
321
844
3159
2948
3162
2041
1709
2042
3161
486
3164
90
2269
87
3163
1867
3166
832
2079
90
3165
306
2601
2820
2819
2601
1543
180
3170
3109
1381
1564
3169
3108
3172
595
3297
594
3171
2167
3174
998
2704
154
3173
1375
3340
1744
-1
3339
2480
147
3178
1202
1675
3418
3177
1726
3180
2328
2329
1567
3179
1111
3182
1938
1606
1939
3181
3436
3184
1019
1918
388
3183
2440
3186
3422
2794
812
3185
214
3188
2145
1035
1492
3187
2144
3190
2250
2251
1279
3189
331
3192
1097
491
1985
3191
207
3194
189
672
1782
3193
2691
3196
77
219
1009
3195
2149
3198
1508
860
1509
3197
2832
3200
3111
3110
1418
3199
1295
3202
3394
2811
340
3201
680
3462
1808
833
3274
832
909
3206
3131
3130
592
3205
590
3208
2624
-1
604
3207
2623
3210
1343
1344
2091
3209
45
3212
350
711
317
3211
3335
3214
737
736
1274
3213
1184
3216
1185
1960
3218
3215
223
3218
1965
1185
62
3217
3216
563
1066
345
1067
563
965
3222
934
935
1957
3221
1966
3426
3228
684
2151
3426
1245
3226
849
1243
73
3225
537
3228
1385
1287
3223
100
3227
3230
68
2875
1816
3229
801
3232
1420
1421
582
3231
3153
3234
2261
2262
2266
3233
960
3236
1454
2022
2092
3235
2303
3238
638
462
2339
3237
3415
3240
2045
2046
2007
3239
575
368
848
3242
1280
3241
1060
3244
2080
1060
1139
3243
2079
3246
2028
2029
841
3245
332
652
3248
122
3247
37
1297
3250
403
251
729
3249
-1
3252
1912
1276
1913
3251
1916
3254
215
39
836
3253
2227
3256
1775
1138
1137
3255
486
3258
183
2686
436
3257
676
3260
436
798
1002
3259
2213
3262
772
454
1476
3261
3142
3264
1477
2725
805
3263
1928
3266
2635
525
2636
3265
1848
3268
642
2249
2635
3267
1576
3270
2412
640
2413
3269
2411
3272
394
1351
2335
3271
373
1132
-1
2315
3275
3204
1063
581
3274
3462
3277
473
2209
790
3276
1888
3279
64
2477
2219
3278
1532
3281
1480
3414
2192
3280
377
3283
368
3471
848
3282
1106
3285
2277
2278
2136
3284
2148
3287
3063
3062
401
3286
775
3289
535
1666
2123
3288
2198
3291
81
1205
371
3290
2887
3293
1324
1590
3295
3292
1323
3295
2086
1324
595
3294
3293
3297
152
1322
1323
3296
3171
1685
230
3299
1738
3298
1626
3301
260
34
614
3300
259
3303
655
2729
943
3302
1441
3541
981
860
3541
980
3364
487
3307
1821
3306
3348
37
3309
3311
2572
1821
3308
1231
3311
1230
265
3308
3310
2942
3313
574
910
1384
3312
2045
3315
1225
1226
825
3314
3130
3317
1500
2523
837
3316
2488
1026
25
1641
1026
1264
1699
3321
1629
3385
830
3320
3434
3323
2721
21
2269
3322
2720
3325
2120
912
2558
3324
844
3327
258
164
1066
3326
1778
3329
2060
2143
1464
3328
2059
3331
1824
-1
1328
3330
821
3333
1214
2888
250
3332
1328
-1
-1
1537
3336
2845
3212
2191
3335
2844
3338
2235
295
94
3337
2234
3340
3176
1743
520
3339
3175
3342
1691
3119
1692
3341
690
3344
410
1131
1466
3343
1177
3346
366
1064
156
3345
963
3348
487
2585
3307
3347
1644
3350
1637
3435
1638
3349
3384
3352
1637
1638
804
3351
2107
2874
1322
801
2874
1321
373
2476
3356
200
3355
3475
1223
3358
121
2594
1231
3357
487
3360
1749
-1
2662
3359
46
3362
3118
3119
1511
3361
1510
3364
982
981
110
3363
3305
3366
2703
641
2290
3365
421
95
921
1805
95
1402
1403
3370
2514
537
3374
3369
324
3372
3137
3138
324
3371
2150
3374
1832
2515
2150
3373
3370
3376
1732
1729
926
3375
1969
3378
1057
2108
281
3377
1638
-1
-1
2949
3381
867
3494
1843
3380
528
3383
1158
3095
1165
3382
2243
3385
196
3350
3482
3384
3320
3387
2034
2035
11
3386
2467
3389
1734
117
1593
3388
1733
3391
1469
410
439
3390
159
3393
33
1358
241
3392
1608
3395
2810
3201
2072
3394
679
3397
293
2227
457
3396
3398
3399
837
3397
1548
3398
1680
3401
829
1914
2472
3400
589
3403
752
3051
59
3402
869
3405
2142
2815
580
3404
337
3407
1410
792
194
3406
1095
3409
846
1095
1625
3408
2834
3411
1685
1977
230
3410
194
3413
1952
2692
1953
3412
2795
3415
637
3280
1481
3414
3238
3417
1422
1203
1423
3416
656
3419
1282
3178
1200
3418
2066
3421
2333
1568
2730
3420
1111
3423
3105
3185
2176
3422
811
3425
2306
2915
1260
3424
2305
3427
3223
3224
100
3426
849
3429
795
568
854
3428
2484
3431
1531
1247
1246
3430
904
3433
591
2780
998
3432
153
3435
827
3321
771
3434
3349
3437
1608
3182
1607
3436
1893
3439
2109
2110
2364
3438
711
3441
498
96
292
3440
3031
3443
1051
2196
1657
3442
2195
3445
2848
1081
3136
3444
203
3447
1404
3098
1847
3446
2897
3449
2177
2031
811
3448
3450
3451
2176
3449
492
3450
1986
3453
851
1678
1530
3452
1365
3455
1529
2049
133
3454
423
3457
1026
2189
3551
3456
1654
3459
413
179
178
3458
2180
3461
1036
1382
813
3460
2000
3463
3203
3275
1809
3462
307
3465
1508
834
1256
3464
445
3467
1871
2530
839
3466
1870
3469
864
661
448
3468
1921
3471
847
1155
547
3470
3282
3473
619
1424
2204
3472
816
3475
201
816
3356
3474
2320
3477
2334
858
28
3476
1989
3479
467
468
855
3478
1811
3481
855
2996
1839
3480
2706
3483
1630
3385
418
3482
172
3485
1405
1846
1015
3484
704
3487
705
2744
1792
3486
2747
-1
-1
464
3490
246
247
1291
3489
1602
3492
1039
1856
867
3491
2722
3494
105
527
363
3493
3380
3496
1253
1149
1252
3495
2616
3498
1932
2649
1933
3497
1574
3500
422
2687
461
3499
852
3502
1221
391
612
3501
535
3504
339
731
1964
3503
2841
3506
2088
2870
2410
3505
145
3508
351
1395
643
3507
954
3510
1660
2501
954
3509
1850
3512
2601
2818
1544
3511
-1
3514
600
523
918
3513
1693
3516
2874
2875
2529
3515
1509
3518
2825
2036
3522
3517
2824
3520
2054
2034
2052
2053
3519
3522
2051
2825
2053
3521
3518
-1
-1
2770
3525
1705
1706
2285
3524
3015
3527
634
2482
636
3526
239
3529
133
352
431
3528
1152
3531
2692
294
190
3530
973
3533
1129
569
2144
3532
2070
3535
1493
1211
2070
3534
1492
3537
919
1601
923
3536
247
-1
-1
2447
3540
589
907
880
3539
2376
3542
3305
3304
1627
3541
979
3544
167
1783
900
3543
169
3546
2596
-1
1320
3545
2595
3548
2471
1332
3049
3547
241
273
-1
-1
3551
1265
1264
1907
3550
3457
3553
362
3555
789
3552
208
3555
408
2592
2055
3554
3552
3557
2056
1543
653
3556
2055
3559
1797
2609
78
3558
1266
3561
2738
2975
2739
3560
471
