0.000141721
0.000131212
0.000177873
9.10675e-05
0.000132991
0.000120795
9.58866e-05
0.000178069
9.17952e-05
0.000103559
9.17952e-05
0.000146037
0.000138271
0.000166193
9.42326e-05
0.000138623
0.000170357
0.000131212
0.000120541
9.95364e-05
9.17229e-05
9.59297e-05
0.00019694
0.000136799
0.000137968
0.000137027
0.000182734
9.19379e-05
0.000229281
0.000172479
0.000102131
0.000122528
0.00014713
0.000273973
0.000165791
0.000230913
0.000267008
9.77143e-05
0.000173637
0.000100044
0.00014099
0.00011818
0.000183985
0.000129832
0.000114806
0.000208212
0.000212009
0.000121157
9.14821e-05
0.000177857
0.000115969
0.000160509
0.000129061
0.000114051
0.000121108
0.000158811
0.000121204
0.000119788
0.00017376
0.000129452
0.000116865
0.000152848
0.000223273
0.000117951
0.000161855
8.87435e-05
0.000117904
0.000177472
0.000190324
9.58971e-05
0.000125567
0.000136333
0.000195457
0.000139837
0.000127929
0.000190406
0.000149999
0.000118462
0.00016393
0.000169406
0.000147897
0.000110799
0.000139516
0.000158694
0.000169235
0.000121463
0.000182775
0.000125356
9.1099e-05
0.000144615
0.000230185
0.000120731
9.90263e-05
0.000131057
0.000121084
0.000277862
0.000114884
0.000167614
0.00013058
9.93342e-05
0.000262494
0.000135039
0.000155813
0.000196741
0.00016982
0.000212882
0.000142504
0.000210127
0.000159775
0.000118934
0.000179688
0.000179558
0.000107748
0.000189693
0.000140567
0.000161919
0.000116827
0.000185429
0.000141204
9.98665e-05
0.000167187
0.000217081
0.000102031
0.000128888
0.000132526
0.000131891
0.000130624
0.000125541
0.00013046
0.000180917
0.000103214
0.000214917
0.000110799
0.000198066
0.000201377
0.000168993
0.000200739
0.000174999
0.000153392
0.000102924
0.00018881
0.000215811
0.000166724
0.000170035
0.000166724
0.000193492
0.000159057
0.000181561
0.000166185
0.000117173
0.000121738
0.000100273
0.000181826
0.000100766
0.000153375
0.000155772
0.000122274
0.000269355
0.000142358
0.000108542
0.00014083
0.00013403
0.000181382
0.000109428
0.000131262
0.000224554
0.000122254
0.000157126
0.000131674
0.000127416
0.000142322
0.000130359
0.000111376
0.000215811
0.000135757
0.000157672
0.0001257
0.000122945
0.000159221
0.000164649
0.000113711
0.000168299
9.27327e-05
0.000151453
9.89331e-05
0.000151148
0.000122231
0.000140594
0.000124699
0.00011753
0.000115535
0.000137137
9.61171e-05
0.000144003
0.000134476
0.000150549
0.000118948
0.00013687
0.000195647
0.000250882
0.000265887
0.000166464
0.000195561
9.59588e-05
0.000200929
0.000124375
0.000147147
0.000125429
0.000115328
0.000124124
0.000117391
0.000163747
0.000138174
0.000115664
0.000120746
0.000113404
0.000122438
0.000172755
0.000106738
0.000130477
0.000118334
0.000170531
0.000267008
0.000102177
0.000104838
0.000190464
0.000216166
0.000234926
0.000127141
0.000220107
0.000138796
0.000152263
0.000135822
0.00020759
0.000101922
0.000102834
0.000123197
0.000130036
0.000146222
0.000148181
0.000159404
0.000237976
0.000212907
0.00013083
0.000251092
0.000128664
0.000143455
0.000241988
0.000115741
0.000140836
0.000159365
8.1073e-05
0.000156346
0.000170024
0.000126574
0.00012901
9.57489e-05
0.0002461
0.000229769
0.000157312
0.000157852
0.000104603
0.000125953
0.000194437
0.000242471
0.000128906
0.000118894
0.000143535
0.000143151
0.000150861
0.000152991
0.000174578
0.000141206
0.000147312
0.000174261
0.000165983
0.000102893
0.000112149
0.000189201
0.000151841
0.000147671
0.000112798
0.000118402
0.000128184
0.000162468
0.000126346
0.000123179
0.00017404
0.000179393
0.000108847
9.27366e-05
0.000189053
0.000145645
0.000103888
0.00011216
0.000223955
0.00017335
0.000110848
0.000135798
0.000149725
0.00031121
0.000220687
0.000176558
0.000160162
0.000218114
0.000117683
0.000164374
0.000169573
0.000225753
9.2821e-05
0.000192028
0.00017589
0.000150369
0.000142411
9.87383e-05
0.000159596
0.000190569
0.000114381
0.000136913
0.000119967
0.000148912
0.000160288
0.000127094
9.75229e-05
0.000106547
0.000181509
0.000100163
0.000167637
0.000140117
0.00013352
0.000110763
0.000147641
9.14428e-05
0.000218292
0.00010677
0.000117102
0.000172479
0.000126054
0.000147374
0.000233567
0.000252424
0.000120079
0.000164879
0.000144421
0.000107557
0.000205239
0.000126719
0.000167479
0.000125305
0.000222021
0.000239996
0.000136612
0.000206662
0.000229227
0.000171093
0.000154932
0.000160347
0.000141619
9.25714e-05
0.000103324
0.000143821
0.000115018
0.000224646
0.000120535
0.000128478
0.000144765
0.00023863
0.000127441
0.000107134
0.000195639
9.73259e-05
0.000221056
0.000154026
9.00749e-05
0.000184467
0.000132072
0.000119645
0.000180859
0.000114122
0.000140191
0.000188636
0.000101763
0.000101885
0.000144338
0.00015573
0.000138765
0.00013781
9.45784e-05
0.000170831
0.000116097
9.90902e-05
0.000123763
0.000154968
0.000161697
0.000199718
0.000115334
0.000133803
0.000105357
0.000118585
0.000194096
0.000181242
0.000212848
0.000178286
0.000181622
0.0001092
0.000111555
0.000143334
0.00015349
9.97726e-05
0.000235631
0.000186516
0.000118433
0.000207469
0.000155078
0.000206467
0.000118191
0.000209321
0.000121893
0.000251185
0.00020619
0.000105394
0.000136862
0.000251679
0.000101231
0.000115356
0.000167855
0.000148107
0.000158207
0.000153098
0.000119489
0.000168993
0.000186613
9.74913e-05
0.000134294
0.000107196
0.000100684
0.000192662
0.000162969
0.000205813
0.000134817
0.000157495
9.44297e-05
0.000152293
0.000167075
0.000169357
0.000125261
0.000212756
0.000206254
0.000190851
0.0001936
0.000119154
0.000142462
0.000156106
0.000166825
0.000177805
0.000226113
0.000175197
0.000226113
0.000139603
0.000142341
0.000176558
0.000193397
0.000133222
0.000151841
0.000195517
0.000199718
0.000141208
0.000103037
0.000181509
0.000179211
0.000137262
8.31558e-05
0.000101763
0.000136478
0.000162468
0.000250495
0.000166852
0.000226277
0.000126233
0.000120939
0.000187387
0.000170117
0.000200532
0.000116731
0.000109856
0.000158652
9.60095e-05
0.000138216
0.000207469
0.000158044
0.000175618
0.000139091
0.000194888
0.000149618
0.000173969
9.0801e-05
0.000104653
0.000121961
0.000108843
0.000122231
0.000118543
0.000168034
0.000149434
0.000174068
0.000160417
0.000136425
0.000169691
0.000135412
0.000192604
0.000163357
0.000112758
0.000131516
0.000204534
0.000254837
0.000250982
9.56573e-05
0.000163983
9.66682e-05
0.00011232
0.000272341
0.000117173
8.97703e-05
0.000146249
0.000128016
0.000108679
0.000106309
0.000107134
0.00012985
0.0001498
0.000101482
0.000129924
9.42326e-05
0.000181456
0.000135733
0.00021258
0.000197439
0.000117415
0.000122753
0.000169573
0.000139871
0.000192689
0.000125559
0.000123969
0.000156163
0.000117675
0.000153995
0.000145701
0.000139962
0.000140857
0.000145708
0.000183472
0.000164264
0.000125114
0.000112094
0.000102613
0.000159762
0.000197351
0.000140801
0.00013818
0.0001064
0.000201348
0.000178387
0.000172373
0.000127978
0.000142299
0.000126189
0.000157704
0.000108643
0.000126874
0.000155771
0.00013946
0.000136862
0.000115239
0.000101223
0.000157371
0.000135659
0.000153595
0.000116903
0.000152991
0.000142541
0.00015033
0.000144633
0.000177891
0.00022777
0.000255638
9.96853e-05
0.000176863
0.000133961
0.000136947
0.000193148
0.000160258
0.000150944
0.00018881
0.00013241
0.000135881
0.000229964
0.00018314
0.000227525
0.000128492
0.000134283
0.000165248
0.000101801
0.000125223
0.000146686
0.000129427
0.00014956
0.000148687
9.40167e-05
0.00013216
0.000107003
0.000177956
0.000179442
0.00022192
0.000212563
0.000138039
0.000119036
0.000130426
0.000143952
0.000127696
0.000117102
0.000130092
0.000144421
0.000173616
0.000147641
0.000100672
9.16713e-05
0.000124287
0.000133495
0.000149557
0.000121864
0.000196724
0.000156045
0.000144526
0.000129063
9.48903e-05
0.000122493
0.000203856
0.000165875
0.000195713
0.000160222
0.000135045
9.84573e-05
0.000162133
0.000154735
0.000168299
0.000166765
0.000114184
0.00020893
0.000139996
0.000148421
0.000195952
0.000245155
0.00014955
0.000159977
0.000185496
0.000118035
0.00010592
0.000157474
0.000134433
0.000188208
9.94715e-05
9.62612e-05
0.000117229
0.000155256
0.000116079
0.000158527
0.000146064
0.000106362
0.000137326
0.000152841
0.000114857
0.000118771
9.98494e-05
9.91497e-05
0.00016431
0.000134476
0.000121385
0.000111755
0.000138021
0.000118169
0.000178161
0.000176638
0.000136837
0.000104698
0.000128003
0.000147789
0.000173963
0.000137137
0.0001178
0.000124027
0.000144835
0.000121889
0.000178167
0.000178167
0.000163357
0.000133584
0.000128605
0.000124151
0.000199698
0.000153575
0.000119856
0.000150421
0.000117806
0.000102698
9.9921e-05
0.000122294
0.000117641
0.000120475
0.000206217
0.0001086
0.000125348
0.000114091
0.000150957
0.000119073
9.72085e-05
0.000135183
0.00010418
9.76284e-05
0.000207675
0.000158465
0.000174419
0.00011383
8.83437e-05
0.000188421
0.000131737
0.000118534
0.000173963
0.000117391
0.00013818
0.000161711
0.000191921
0.000138139
0.000126649
0.00016716
0.000107501
0.00014733
0.000125213
0.000149558
0.000111221
9.14804e-05
0.000118842
0.000154026
0.000215393
0.000119926
0.000151948
0.000133222
0.000177143
0.000132141
0.000172493
0.00021576
0.000106856
0.000129068
0.000197802
0.000159393
0.000158361
0.000103482
0.000115406
0.00010314
0.000139107
0.000158357
0.000103973
9.95042e-05
0.000148064
0.000213718
0.000242471
0.000148417
0.000183224
0.000146407
0.000182038
9.34601e-05
9.29102e-05
0.000190729
0.000118618
0.000187925
0.000137121
0.000137471
0.000116363
0.000104097
0.000104725
0.000113464
0.000235631
0.000103066
0.000173034
0.000139502
0.000110763
0.000119079
0.000169659
9.39774e-05
0.000195056
0.000135479
9.8958e-05
0.00017944
0.00017996
0.000242411
0.000107196
9.46209e-05
0.000230161
0.000158246
0.000105446
0.000152502
0.000169499
0.000146407
0.00017198
0.000146745
0.000219244
9.80702e-05
0.000154182
0.000202947
0.00011321
0.000127934
0.000122242
0.000194995
0.000116974
0.000110953
0.000172435
0.000114359
0.000131325
0.00010496
0.000122434
0.000111746
0.000174253
0.000116065
0.000196505
0.000114381
0.000150904
0.000113278
0.000174651
0.000103516
0.000184484
0.000122867
0.00013619
0.000102326
0.000161589
0.000117374
0.000161457
0.00021592
9.12483e-05
0.000100044
0.000103825
0.000170117
0.000250704
0.000146002
0.000223571
0.000118351
0.000172542
0.000164327
0.000111243
9.6923e-05
0.000154234
0.000155221
0.000100112
0.000224931
0.000157626
0.000103483
0.000172246
0.000109343
0.000170831
9.48779e-05
9.39972e-05
0.000113351
0.000173721
0.00017456
0.000159483
0.000180056
0.000117536
0.00011962
0.000244103
9.70768e-05
0.000113073
0.000102698
0.000154426
0.000106419
0.000194893
9.45784e-05
0.000192367
0.000122358
0.000120735
0.000205003
0.000137204
0.000171342
0.000159862
0.000106296
0.000236347
9.41788e-05
9.373e-05
0.000130845
0.000106086
0.000137471
0.000113216
0.000109343
0.000176193
0.000120154
0.000115337
0.000182038
0.000173721
0.000120254
0.000110581
0.000145789
9.97276e-05
0.000181734
0.000111686
0.00011047
0.000111313
0.000100672
0.000171361
0.000130534
0.000223681
0.000150631
0.000151814
0.000160505
9.38454e-05
0.000113748
0.000108845
0.00011257
0.000151946
0.00012827
0.000159622
0.000240683
0.000146495
9.47802e-05
0.000100063
0.000226663
0.000144977
9.47642e-05
0.000124094
0.000130955
0.000179331
0.000146692
0.000188108
0.000221379
0.000148104
0.000118254
0.000246874
0.000161405
0.000103609
0.00027237
0.000171342
0.000183967
0.000141821
0.000128427
0.000176893
0.000119532
0.000193841
0.000136514
0.000117314
0.000210461
0.000181653
0.000214336
0.000201449
0.000178855
0.000174205
0.000305808
0.000155361
0.000172343
0.000137491
0.000158698
0.000117612
0.000113674
0.000109094
0.000137212
0.000144095
0.000122154
0.000198205
0.000158652
0.000175964
0.0002338
0.000142714
0.000176248
0.000163983
0.000110108
0.000108366
0.000123118
0.00021446
0.000125189
0.000222309
0.000129077
0.000131502
0.000241159
0.00016333
0.000100095
0.000149997
0.000105853
0.000262779
0.000114359
0.000223419
0.000117683
0.000143151
0.000108957
0.00012172
0.000111915
0.000148882
0.000108577
0.000109394
0.000180443
0.000135073
0.000109492
8.52433e-05
0.000190378
0.000168749
0.000139277
0.000174097
0.000228058
0.000108322
0.000104814
0.000170593
0.000146437
0.00023227
0.000112896
0.000124376
0.000105895
0.000243404
0.000192952
0.000138802
0.000141476
0.000181482
9.16419e-05
0.000207709
0.000180874
0.000108281
0.000181494
0.000126831
0.000164459
0.000184936
9.80702e-05
0.000200248
0.000137607
0.000167853
9.60308e-05
0.000174205
0.000136515
0.00014532
0.000217617
0.000192888
0.000124137
0.000141077
0.000141077
0.000184323
0.000130678
0.000106351
0.00011823
0.000196563
0.000184151
9.98641e-05
0.000102715
0.000199059
0.000120846
0.000117511
9.93967e-05
0.000228072
0.000158486
0.00028947
0.000283227
0.00011675
9.37528e-05
0.000156963
0.000111389
0.000161438
9.27366e-05
0.000121889
0.000148107
0.000123218
0.000216794
0.000185107
0.000178855
0.000135755
0.000126359
0.000135296
0.000103571
0.000152275
0.000133961
0.000123079
0.000119204
0.000198778
0.000173597
0.000172547
0.000164344
0.000258088
0.000154338
0.000170738
0.000194465
0.00018639
0.00022914
0.000129362
0.000130544
0.000164186
0.00014083
0.000130512
0.000123644
0.00015499
0.000115986
0.000118286
0.000123972
0.000155899
0.000131338
0.000164301
0.000122358
0.000161404
9.25714e-05
0.000127386
0.000108187
0.000117592
0.000120482
0.000178224
0.000141077
0.000134291
0.000226267
0.000160825
0.000139889
0.000126184
0.000209073
0.000165348
0.000131475
0.000135798
0.000121882
0.000167234
0.000161662
0.000142186
0.000113201
0.000132844
0.000140181
0.000176626
0.000151309
0.000140875
0.00024257
0.000159094
0.000115096
0.000223834
0.000148066
0.000233279
0.000136947
0.000125335
0.000131366
0.000130764
9.77802e-05
0.000150162
0.000217332
0.000117195
0.000230447
0.000241729
0.000231192
0.000154519
0.000117612
0.000153239
0.000120249
0.000151225
0.000145226
0.000139715
0.000139715
0.000103857
0.0002445
0.000115483
0.000115596
0.000168309
0.000103012
0.000114328
0.000171187
0.000200296
0.000159819
0.000112177
0.000142585
0.000122688
0.000253532
0.000222309
0.000129228
0.000127267
0.000168416
0.000151558
0.000135798
8.96678e-05
0.00014307
0.000128138
0.000207869
0.000154455
8.44474e-05
0.000120808
0.000117391
0.000117391
0.000112277
0.000167075
0.000221592
0.00012517
0.000146522
0.000121766
0.000172494
0.000173476
0.000174351
0.000209159
0.000137432
0.000179591
9.70336e-05
9.95744e-05
0.000188659
0.000122599
0.000131734
9.49992e-05
0.000144856
0.000128752
0.000111459
0.000101272
0.00017067
0.000179873
0.000151408
0.000202692
0.000202093
0.000172284
0.000107839
0.000144577
0.000205439
0.000101288
0.000139273
0.000126233
0.000108259
0.00013877
0.000112743
0.000163971
0.000140157
0.000152512
0.000230343
0.000139122
0.000198188
0.000156163
0.000117772
0.00013004
0.000152435
0.000147237
0.000129427
0.000141619
9.96806e-05
0.000160258
9.97452e-05
0.000219217
0.000101983
0.000100095
0.000177143
0.000104109
0.000170319
0.000160502
0.000118254
0.000184736
0.000104149
0.000151096
0.000250215
0.00023856
0.000196958
0.000194913
0.000132366
0.00013004
0.000214392
0.000235352
0.000141198
0.000155862
0.000132366
0.000132983
0.000123469
0.000159665
0.000106466
0.000159433
9.71238e-05
0.00011487
0.000170663
0.000146681
0.000137911
0.000132857
0.000129883
0.000135124
0.000152018
0.000153229
0.000117583
0.000181404
0.000144206
0.000161965
0.000178786
0.000145569
0.000127585
0.000151453
0.000103243
0.000115106
0.000170156
0.000216535
9.00955e-05
0.000180098
0.0001306
0.000129053
0.000111515
0.000156194
0.000175504
0.000119523
0.000129595
0.000188233
0.00014286
0.000141498
0.000178387
0.000121768
0.00011383
0.000113451
0.000121892
0.000110763
0.000110763
0.000154171
0.000135459
0.000237252
0.000233936
0.000171103
0.00010498
0.000135867
0.000123262
0.000131901
0.000162893
0.000140059
0.000218292
9.9921e-05
0.000162603
0.000102288
0.000127621
0.000126966
0.000123013
0.00021171
0.00019271
0.000221383
0.000138155
0.000121909
0.000147667
0.000116468
0.000129821
0.000121183
0.000105019
0.000168745
0.000132568
0.000146514
0.000115626
0.000100563
0.000115741
0.00010677
0.000118459
0.000149204
0.000221351
0.000113931
0.000120275
0.000188964
0.00013779
0.000241991
0.000241991
0.000154934
0.000167911
9.72572e-05
9.75315e-05
9.60264e-05
0.000134756
9.25406e-05
0.000105854
0.000128718
0.00013806
0.000110755
0.000175935
0.0001372
0.000118892
0.00015418
0.000105456
0.000222776
0.000240583
0.000204574
0.000208635
0.000135662
0.000150242
0.000186717
0.000117605
0.000133633
0.000131588
0.000129887
0.000176193
0.000203668
0.000139194
0.000158086
0.000134826
0.000241963
0.000241963
0.00014625
0.000130392
0.000152227
0.000135215
0.000139237
0.000158486
0.000116392
0.000108413
0.000103825
9.59217e-05
0.000123381
0.000197445
0.000179941
0.000132925
0.000115199
0.000160337
0.00022914
0.000103725
0.000195161
0.000144232
0.000141779
0.000152727
0.000128771
0.000130681
0.000119154
0.000196298
0.000123285
0.000126589
0.000262086
0.000262086
0.000124466
0.000116519
0.000114977
0.000108763
0.000136266
0.000158578
0.000135715
9.97281e-05
0.000102143
0.000234746
0.000234746
0.000108773
0.000188632
0.000153107
9.36604e-05
0.000110711
0.000127351
0.000145944
0.000107908
0.000130886
0.000182752
0.000234539
0.000247183
0.000141417
0.000113341
0.000208636
0.000198066
0.000100586
0.00019186
0.000265286
0.000233476
0.000160728
0.000114859
0.000130245
0.000240653
0.000258468
0.000258468
0.000117466
0.000111938
0.000127683
0.000126172
0.000189212
0.00016057
0.000135789
0.000223625
0.000129781
0.00013757
8.30171e-05
0.000206217
0.000140914
0.000155698
9.98665e-05
0.000193709
0.000107531
0.000125414
9.70768e-05
9.70768e-05
9.46451e-05
9.70768e-05
0.000110317
0.000131195
0.000103066
0.000108763
9.25337e-05
0.000130007
0.000130052
0.000173487
0.000161985
0.000143832
0.000186542
0.000177044
0.00012692
0.000165804
0.000110816
9.67457e-05
0.000228341
0.00017112
0.000143264
0.000147854
0.000164423
0.000162482
0.000127191
0.000163653
0.000123189
0.000139608
0.000105727
0.000158346
0.00022192
0.000151481
0.000104748
0.000105755
9.98022e-05
0.000197802
0.000162822
0.000138431
0.000151383
0.000106218
0.000113921
0.000119489
9.98964e-05
9.79674e-05
0.000151819
0.000117423
0.000102274
9.32772e-05
0.000186852
0.000184461
0.000227295
0.000168018
0.000154306
0.000181824
0.000124094
0.000116896
0.000129695
0.000115344
9.65535e-05
0.000154955
0.000112089
0.000147147
0.000111555
0.00016716
0.000148986
0.000141476
0.000116306
0.000195647
0.000113382
0.000118381
0.000185756
9.99106e-05
0.00022721
0.000129362
0.000165409
0.00012127
0.000141495
0.000182734
9.76177e-05
0.00010929
0.000146362
0.000215562
0.000117462
0.000116732
0.00020747
0.00020747
0.00017896
0.000148217
0.000231621
0.000105299
9.96283e-05
0.000227532
0.000165677
0.000110915
0.000219044
0.000184113
0.00022819
0.000197845
9.51789e-05
0.000123022
0.000162418
0.000124782
0.000124151
0.000186819
0.000118033
0.000117391
0.000208136
9.58689e-05
0.000133086
0.00011996
0.000121942
0.000111453
0.00018857
0.00018857
0.000145705
0.000101231
0.000211717
0.000158798
0.000196993
0.000189201
0.000118312
0.000102191
0.000113719
0.000111221
9.18131e-05
9.70962e-05
0.000136392
0.000196355
0.000216805
0.000216805
0.000114806
0.000117612
0.000179579
0.000137394
0.000115507
0.000138788
0.000133445
0.000125536
0.000120795
0.000220841
0.000183646
0.000241836
0.000241836
0.000207827
0.000207827
0.000188389
0.000174911
0.000195073
0.000214323
0.000233167
0.000232184
9.65153e-05
0.000100407
0.00015796
0.000132749
0.000222756
0.0001908
0.000106185
9.8434e-05
0.000197568
9.38615e-05
0.000108232
0.0001232
8.59604e-05
0.000222801
0.000184484
0.000195413
0.000194927
0.000183967
0.000197637
0.000109764
9.94175e-05
9.07489e-05
0.00016352
0.000127113
8.71963e-05
0.000170593
0.000133796
0.000104603
0.000150821
0.000135131
0.000156239
0.000154242
0.00013228
0.000178892
0.000164454
0.00013995
0.000186639
0.000172581
0.000107107
0.000125142
0.000218669
0.000218669
0.000116103
0.000112535
0.000119441
0.000121344
0.000206827
0.000135174
0.000178366
0.000173383
0.000115995
0.000114873
0.000200296
0.00015339
0.000146928
9.90921e-05
0.000208838
0.000224876
0.00014895
0.000164467
0.000212267
0.000148117
0.000164688
0.000191572
0.000197868
0.000200133
0.000221097
0.000191538
0.000183936
0.00019339
0.00012811
9.7208e-05
0.000181833
0.000112386
0.000173976
0.000168107
0.000151265
0.000109698
0.000102321
0.000209646
0.000209646
0.000145832
0.000178949
0.000160843
0.000117581
0.000153596
0.000174297
0.000129127
0.000127059
0.000181005
9.5238e-05
0.000195102
0.000187297
0.00016122
0.000133339
0.000216652
0.000180527
0.000183309
0.000181246
0.000160391
0.000186663
0.000215908
0.00012265
9.7209e-05
0.000188973
0.000188973
0.000199533
0.000199533
0.000109522
9.95371e-05
0.000147327
0.000198939
0.000150025
0.000148418
0.000175927
0.000142967
9.92441e-05
0.000106886
0.00018422
0.000224982
0.00015017
0.000142529
0.000162969
0.000146253
0.000160464
0.000187376
0.000191936
0.000110533
0.000123521
0.000142617
0.000143166
0.000160664
0.000131029
0.000139185
0.000117931
0.000123282
9.53818e-05
0.00023386
0.00023386
0.000195895
9.47802e-05
0.000189132
0.000189132
0.00021073
0.00021073
0.000150444
0.000239761
0.000197188
0.000197188
0.000133873
0.000161326
0.000156125
0.000144877
0.00017794
0.00017794
0.000171327
0.000143913
0.000150456
0.00019253
0.000129581
0.000134015
9.16156e-05
9.62755e-05
0.000114552
0.000123296
0.000102325
0.000141837
0.000200632
0.000148248
0.000193681
0.000163962
0.000252551
0.000202578
0.00016892
9.90263e-05
0.000189903
0.000189903
0.000129255
0.000123202
0.000180556
0.000153938
0.000202241
0.000202241
0.000154777
0.000215886
0.00012829
9.14032e-05
0.00013938
0.000195343
0.000214433
0.000223509
0.000143694
0.000140431
0.000100366
0.000110328
0.000118499
0.000117067
0.000169167
0.000113627
0.00017387
0.00017387
0.000201975
0.000184802
0.000174349
0.000174349
0.000140836
0.000114897
0.000219964
0.000219964
0.000108366
0.000191921
0.000109505
0.000198145
0.000174923
0.00019133
0.000130158
0.00011293
0.000136258
0.000173068
0.000127362
0.000173068
0.000173068
0.000174007
0.000176961
0.000126359
0.000125147
0.000137338
0.000107559
0.000177321
0.000177321
0.000183151
0.000144217
0.000102389
0.000120026
0.000114067
0.000135755
0.000181418
0.000182626
0.000110469
0.000103113
0.000160531
0.000174417
0.000208201
0.000177778
0.000171853
0.000171853
0.000203021
0.000203021
0.000119351
0.000126682
0.000123585
0.000102354
0.000175697
0.000175697
0.000169833
0.000169979
0.00017798
0.000161832
0.000195629
0.000195629
0.000199675
0.000149554
0.00015617
0.000138145
0.000187105
0.000187105
0.000165231
0.00011809
0.000173925
0.0001819
0.000101489
0.000178725
0.000137905
0.000145702
0.000153052
0.000134832
0.000162985
0.00015274
0.00013259
0.000176366
0.000119452
0.000100352
0.000140067
0.000134741
0.000168174
0.000168174
0.000118605
0.00010243
0.000179388
0.000169499
0.000179685
0.000153942
0.000154562
0.00015485
0.00014961
0.000154184
0.000147941
0.000162745
0.000187892
0.000187892
0.000151546
0.000108168
0.000162911
0.000167314
0.000205193
0.000210645
0.000114122
0.000130315
0.000174865
0.000184055
0.000110181
0.000108194
0.000238552
0.000183799
0.000153392
0.000139888
0.000144206
0.000103764
0.000113753
0.000111721
0.000191305
0.000191305
0.000182752
8.31984e-05
0.000174706
0.000173994
0.000164698
0.000137489
9.48805e-05
0.00015073
0.00016195
0.000146686
0.000111209
0.000109302
0.000160291
0.00016475
0.000175098
0.000168696
9.29102e-05
9.44297e-05
0.000226561
0.000217237
0.00014018
0.000108688
0.000199296
0.000199296
0.000136129
9.9377e-05
0.00016827
0.000209262
0.000209262
0.000113386
0.000169451
0.000161404
0.000107633
0.000102208
0.000119424
0.000191608
0.000190249
0.00013038
0.000125785
0.000119328
0.000146813
0.000147545
0.0001498
0.000160002
0.000160002
9.40407e-05
0.000181242
0.000110105
0.000179472
0.000104697
0.000176753
0.000125308
0.000212767
0.000116084
0.000134035
0.000212007
0.000167344
0.000150467
0.000154968
0.000146945
0.000146498
0.000105395
0.000113503
0.000194465
0.000201365
0.000119209
0.000138825
0.000171072
0.000171072
0.000155031
0.000106737
0.000197456
0.000197456
0.000154233
0.000191807
0.00014777
0.000189682
0.000118117
0.00011618
0.000109938
9.49081e-05
0.000155953
0.000135412
0.000155865
0.000131822
0.00013669
0.000104814
0.000118093
0.000172854
0.000163343
0.000107329
0.000155767
0.000172573
0.000201894
0.000161479
0.000173026
0.00020877
0.00021695
0.000144973
0.000226871
0.000160157
0.000143585
0.000135798
0.000160771
9.68351e-05
0.000163061
0.000154029
0.00017075
0.000150976
0.000124841
0.000183936
0.000190372
0.00020355
0.000202553
0.000154163
9.19047e-05
0.000154683
8.65222e-05
0.000173662
0.000179644
0.000194951
0.000171623
0.000198722
0.000198722
0.000138791
0.000135028
0.00017655
0.00017655
0.000116261
0.000113134
0.00011089
0.000176275
0.000130315
0.000236622
9.39178e-05
0.000104335
0.000148476
0.000156119
0.000160111
0.000181429
0.000176053
0.00014711
0.000134738
0.000127703
0.000152045
0.000148036
0.00015272
0.000169063
0.000164163
0.000181371
0.000177098
0.000177246
0.00015551
0.000177162
0.000161061
0.000152662
0.000107026
0.000161431
0.000157829
0.000149292
0.000158119
0.000177485
0.00017793
0.000148281
0.000148281
0.00016384
0.000164211
9.89427e-05
9.76978e-05
0.000144669
0.000152241
0.000190077
0.0001885
0.0001768
0.000158372
0.000146904
0.000141558
0.000127191
0.000153166
0.000153166
0.000141947
0.000150976
0.000154483
0.000154483
0.000110418
0.000126048
9.97581e-05
9.38344e-05
0.000187772
0.000187772
0.000114038
9.84078e-05
0.0001633
0.0001633
0.00016876
0.000169793
0.000139728
0.000145973
0.000145973
0.000145969
0.00014591
0.00014591
0.00017074
0.00014588
0.000113422
0.000133778
0.000192992
0.000198072
0.000203782
0.000133961
0.000194052
0.000194052
0.000175349
9.32986e-05
0.00014369
0.000171272
0.000179399
0.000179399
0.000171514
0.000165634
0.000128379
9.93037e-05
0.000177212
0.000146675
0.00012555
0.000185477
0.000100501
9.72952e-05
0.00010607
9.3764e-05
0.000154757
0.000153322
0.000160152
9.26403e-05
9.26717e-05
0.00015546
0.00015546
8.74592e-05
0.000121718
0.000203129
0.000203129
0.000149333
0.000149333
0.000107588
0.000153292
0.000174634
0.000174634
0.000162086
0.000162086
0.000150944
0.000110966
0.000137592
0.000143738
0.000127272
0.000139322
0.000176923
0.000125359
0.000134043
0.000145382
0.00012255
0.000113397
0.000178723
0.000178723
0.000139959
0.000139968
0.000180352
0.00022521
0.00014583
0.00013984
0.000139968
0.000139968
0.000154465
0.000154498
0.00014732
0.000129238
0.000137263
0.000135115
0.000164181
9.00749e-05
9.39774e-05
0.000182337
0.000138709
0.000141949
0.000128666
0.000132637
0.000106461
0.000125314
0.00011689
0.000143426
0.000104933
0.000138572
0.000118444
0.000139095
0.000139095
0.000155424
0.00010445
0.000138472
0.000138472
0.000154348
0.000154348
0.000134669
0.000137721
0.000137815
0.000137815
0.000137721
0.000134669
0.000141507
0.000130252
0.000140086
0.000140086
0.000178773
0.000127528
0.000188175
0.000176068
0.00011582
0.000112238
0.000100299
0.000116505
0.00016775
0.00016775
0.000201901
0.000140869
0.000131334
0.000131173
0.000135704
9.90547e-05
0.00015689
0.000157355
0.000154184
0.000154153
0.000146002
0.000138825
0.000193867
0.000189668
0.000212796
0.000124742
0.000110579
0.000124278
0.000129747
0.000142407
0.000149437
0.000138668
9.6116e-05
9.47816e-05
0.00015553
0.00015553
0.000119243
0.000124018
0.000139705
0.000146316
0.000158532
0.000141642
0.000126426
0.000121864
0.000190497
0.000204945
0.000149015
0.000149015
0.000137043
0.000137043
0.000120142
9.90037e-05
0.000178543
0.000161596
0.000185682
0.000185682
0.000118475
0.000142101
0.000142365
0.000129132
0.00013607
0.000164626
0.000159959
0.000175139
0.000146673
0.000146673
0.000151347
0.000111483
0.000136938
0.000136938
0.000128462
0.000155272
0.000126908
0.000116294
0.000119433
0.000102372
0.000157569
0.000138075
0.000154354
0.000153682
0.000157079
0.000147668
0.000147668
0.000159666
0.00018194
0.000156694
0.000156694
0.000158239
0.000158239
0.000117142
0.00012832
0.000131988
0.000117583
0.000113648
0.000129345
0.000234023
0.000193378
0.000145235
0.000174462
0.000106567
0.000102553
0.000184191
0.000210805
0.000153909
0.000170951
0.000130678
0.000150066
0.000150066
0.000109021
0.000103607
9.45e-05
0.000131974
0.000131974
0.000172325
0.000172325
0.000155469
0.00015673
0.000165532
0.000165532
0.000168581
0.000168581
0.000163727
0.000140472
0.000127898
0.000127898
0.000115423
0.000174299
0.000136026
0.000144874
0.000150053
0.000150053
0.000130534
0.000130534
0.00014105
0.00014105
0.000186684
0.000150736
0.000134064
0.000167665
0.000131769
0.000129705
0.000188226
0.000136268
0.000138273
0.000149554
0.000157248
0.000159983
0.000148273
0.000148273
0.000130093
0.000130093
0.000130092
0.000130053
0.000115837
9.37123e-05
0.000208121
0.000177093
0.000127891
0.000160879
0.000131733
0.000137317
0.000172552
0.000164514
0.000134895
0.000128519
0.0001304
0.0001304
0.000161383
0.00016325
0.000190089
0.000171815
0.000129887
0.000129887
0.000139152
0.000139152
0.000146859
0.000191967
0.000130477
0.000135228
0.000128621
0.000109269
0.000129073
0.000129073
0.000139585
0.000133755
0.000128806
0.000128806
0.000175327
0.000106964
0.000158487
0.000147538
0.000131185
0.000124935
0.000116226
0.000115508
0.00014294
0.000137188
0.000176981
0.00012207
0.000231891
0.000168816
0.000171143
0.000127873
0.000143413
0.000139537
0.000206692
0.000156198
0.000172174
0.000156653
0.000123052
0.00012419
0.000173196
0.000173627
0.000121537
0.000106526
0.000127793
0.000127632
0.000130553
0.00011745
0.000148679
0.000134785
0.000128089
0.000128089
0.000170836
0.000170836
0.000187378
0.000187378
0.000123574
0.000123574
0.000140869
0.000119632
0.000181353
0.000181353
0.000116247
0.000103567
0.000132992
0.000138431
0.000126136
0.000158338
0.000131674
0.000137707
0.000127036
0.000202204
0.000152847
0.000133495
0.000133495
0.000210681
0.000210681
0.000137882
0.000160469
0.000127444
0.000127444
0.00013392
0.000187582
9.45417e-05
0.000113746
0.000185218
0.000133924
0.000136494
0.000136494
0.000197351
0.00013028
0.000148177
0.000148177
0.000183819
0.00016811
0.000146751
0.000146751
0.000167908
0.000164295
0.000179997
0.000171849
0.000148081
0.000148081
0.000175709
0.000127678
0.000122094
0.000162945
0.000178958
0.000110283
9.98291e-05
0.00013501
0.000140415
0.000124901
0.000124901
0.000165333
0.000192171
0.000121411
9.57595e-05
0.000121961
0.000112096
0.000161219
0.000186458
0.000160753
0.000160753
0.000112647
0.000112377
0.000158124
0.000158124
0.000171791
0.000136784
0.000137242
0.000137242
0.000154848
0.000135528
0.000169795
0.000192514
0.000156914
0.000119793
0.000128366
0.000128366
0.000138514
0.000146655
0.000164834
0.000164834
0.000118995
0.000118995
0.000146508
0.000117051
0.000124617
0.000147565
0.000201671
0.00016339
9.95747e-05
9.67577e-05
0.000114754
9.36706e-05
0.000126559
0.000164032
0.000124674
0.000105342
0.000146977
0.000146977
0.000148601
0.000122182
0.000145161
0.000124151
0.000145578
0.000127487
0.000137061
0.000137061
0.000137136
0.000137136
0.000166937
0.000141291
0.0001275
0.0001275
0.00012762
0.00012762
0.000158488
0.000128782
0.000122285
0.000122285
0.000129887
0.000129887
0.000126072
0.000126072
0.000129454
0.000129572
0.000179333
0.000139331
0.000154708
0.000147241
8.761e-05
0.000151008
0.000156831
0.000155329
0.000155141
0.000127891
0.000152594
0.000152594
0.00017667
0.000110305
0.000116482
0.000161153
0.00022926
0.000158798
0.000162445
0.000126559
0.000203787
0.000106611
0.000205597
0.000134738
9.14649e-05
0.000130941
0.000185756
0.000144217
9.66682e-05
0.000149401
0.000116432
0.000116432
0.000117229
0.000103849
9.2598e-05
8.98884e-05
0.000244454
0.000158406
0.000107828
9.44552e-05
0.000195384
0.000169295
0.000127583
0.000111067
0.00012803
0.000136477
0.000128863
0.000128863
0.000119896
0.000119152
0.000170083
0.000163566
0.000171014
0.00014838
0.000173664
0.000173664
0.000123071
0.000123071
0.000121817
0.000121817
0.000150487
0.000146407
0.000122059
0.000122059
0.000137878
0.000173399
0.000147316
0.000118702
0.000144003
0.000144003
0.000130067
0.000120938
0.000191821
0.000185618
0.00017809
0.00017809
0.000172822
0.000125233
0.000123368
0.000122101
0.000120958
0.000120958
0.000120958
0.000120958
0.00013165
0.000126845
0.000187113
0.000165388
0.000131614
0.000119073
0.0001252
0.0001252
0.00014694
0.000103928
0.000119206
0.000118352
0.00012712
0.000128412
0.000164486
0.000132922
0.000117406
9.67532e-05
0.000188666
0.000188666
9.67575e-05
9.39321e-05
0.000152021
0.000160545
0.000127914
0.000127914
0.000193619
0.000140162
0.000108002
0.00014135
0.000148495
0.000148495
0.000160084
0.000160084
0.000140792
0.000140792
0.000159755
0.000140403
0.000124127
0.000118917
0.00013366
0.000121765
0.000112702
0.000117121
9.50411e-05
0.000118788
0.000175025
0.000175025
0.000119707
0.000119707
0.000141256
0.000152496
0.000133205
0.000133205
0.000132107
0.000122599
0.000181545
0.000121422
0.00013935
0.00013935
9.11243e-05
0.00012485
0.000215864
0.000143556
0.000114779
0.000149415
9.44981e-05
9.04977e-05
0.000135655
0.000135655
0.000144829
0.000128821
0.000119638
0.000118264
0.000155288
9.92187e-05
0.000122027
0.000121102
0.00015611
0.000131911
0.000145572
0.000143333
0.000121952
0.000121952
0.000144541
0.000117934
0.00011705
0.00011705
0.000116363
0.000166206
0.000107263
0.000122541
0.000155003
0.000155003
9.93551e-05
8.66645e-05
0.000144841
0.000175679
0.000161655
0.000160072
0.000126633
0.000120625
0.000106455
0.000120728
0.000116579
0.000130181
0.000130181
0.00011245
0.000134145
0.000166351
0.000125785
0.000148562
0.000152367
0.000130717
0.000128693
0.000168967
9.59411e-05
0.000117729
0.000113422
0.000141262
0.000155507
0.000132361
0.000125806
0.000128118
0.000128118
0.000129308
0.000129308
0.000163982
0.000150202
0.00016755
0.000185851
0.000101934
0.000111408
0.00012222
0.000112502
0.000156447
0.000172682
0.000164111
0.000164111
0.000133403
0.000124856
0.000124116
0.000124116
0.00018628
0.000106531
0.000104383
0.000115411
0.000108114
0.000187316
0.000173281
0.000173281
0.000133243
0.000151625
0.000139042
0.000139042
0.000126024
0.000126024
9.28187e-05
0.000141991
0.000176089
0.000148692
0.0001202
0.000126846
0.000175653
0.000181945
0.000157662
0.000157662
0.000147167
0.000147167
0.000120706
0.000120706
0.000135923
0.000135923
0.000144951
0.000144951
0.0001458
0.000150177
0.000140289
0.000140289
0.000126529
0.00011972
0.000131638
0.000127825
0.0002075
0.00018942
0.000114518
0.000115101
0.000153259
0.000156391
0.000181728
0.000181728
0.000184116
0.00015241
0.000114323
0.000114323
0.000194147
0.000152199
0.000107415
0.000110692
0.000140671
0.000147817
0.000151284
0.000141283
0.000127592
0.000118486
0.000152817
0.000124585
0.000127227
0.000142563
0.000162271
0.000162271
0.000173676
0.0001738
0.000157074
0.000157074
0.00017667
0.00017667
0.00014095
0.000120479
0.000184733
0.000187471
0.00011667
0.000114296
0.00012526
0.000124744
0.000142166
0.000121912
0.000135384
0.000135384
0.000169103
0.000135624
0.000133542
0.000133542
0.000167779
0.000132802
0.000140181
0.000111618
0.000117016
0.000153358
0.000114948
0.000114948
0.000201022
0.000130802
0.000105624
0.000114839
0.000111782
0.000111782
0.000118116
0.000118116
0.000118482
8.65869e-05
0.000151767
0.000144008
0.000112211
0.000110939
0.000150193
0.000132201
0.000165991
0.000176841
0.000139457
0.000112619
0.000113177
0.000113177
0.000194973
0.00015127
0.000117592
0.000112758
0.000134287
0.000134287
0.000110855
0.000110459
0.000141334
0.000121558
0.000157142
0.000157142
0.00012727
0.000112012
0.000151242
0.000158539
0.0001073
0.000104308
0.000105156
0.000113785
0.000111249
0.000101411
0.000138788
0.000123876
0.000136597
0.000136597
0.000130831
0.000112856
0.000113857
9.84636e-05
0.000160416
0.000155211
0.000146641
0.000146641
0.00012719
0.000111042
0.000159491
0.000160171
0.000103765
8.88293e-05
0.000172521
0.000172521
0.000116322
0.000107017
0.000230812
0.000145388
0.000152422
0.000120939
0.000109432
8.77222e-05
0.000140067
0.000140067
0.000133671
0.000125794
0.000107502
0.000109821
0.000111476
9.42722e-05
0.000152837
0.000166205
0.000111951
0.000111774
0.000155981
0.000124975
0.000134909
0.000107839
0.000108754
0.000108754
0.000149373
0.000150529
0.000116587
0.000116587
0.000117045
0.000147979
0.000130408
0.000107697
0.000129282
0.000129282
0.000113503
0.000116574
0.000193746
0.000115491
0.000104273
0.000103022
0.000132811
0.000132811
0.000185118
0.000157929
0.000179376
0.000144739
0.000176519
0.000176519
0.000128471
0.000128471
0.000167356
0.000161108
0.000126987
0.000105019
0.000132852
0.000114705
0.000175441
0.000118953
0.000106984
0.000100932
0.000156282
0.000156282
0.000167797
0.000167797
0.000112672
0.000144667
0.000107545
0.000107545
8.9153e-05
0.00010963
0.000144141
0.000107002
0.000142133
0.000142133
0.000134844
0.000134366
0.000148451
0.000131906
9.50659e-05
0.000133741
0.00011904
0.000138038
0.00012721
8.45919e-05
0.000107843
9.8984e-05
0.000148554
0.000119589
0.000126766
0.000165604
0.000102865
9.84758e-05
0.000108828
0.000111782
8.3426e-05
9.35083e-05
0.000162008
0.000162008
0.00012717
0.000131362
0.0001291
0.00011469
0.000105147
0.000105147
0.000105386
0.000105386
0.000114105
0.000111291
0.000102237
0.000108746
0.000105748
0.000105748
9.38807e-05
9.38807e-05
0.000172052
0.000180376
0.000105764
0.000105764
0.000141146
0.000165254
0.000170935
0.00015746
0.000187152
0.000102603
0.00011836
0.00011113
0.000165961
0.000146603
0.000107645
0.000107645
0.000107685
0.000141753
0.000100367
9.93837e-05
0.000119874
0.000119874
0.000114162
9.63971e-05
0.000122548
0.000132533
0.000169333
0.000138582
0.000169457
9.44467e-05
8.77816e-05
0.000164054
0.000119142
0.000104061
0.000102939
0.000134696
0.00011892
0.000123492
0.000108344
0.000146753
0.00013893
0.000127024
0.000152919
0.000187372
0.000137785
0.000162599
0.000123277
0.000116839
0.000104043
0.000104043
0.000156804
0.000134621
0.000118941
0.000107188
0.000110331
0.000110577
0.000101442
9.97615e-05
9.5835e-05
0.000103046
0.000101405
0.000102885
0.000102885
0.000106758
0.000105799
0.000138442
0.000140358
0.00016067
0.000173607
0.000169654
0.000113699
0.000115015
0.000115015
0.000125727
0.000130199
0.000102617
0.000101374
0.000141885
0.000114066
0.000162244
0.000104598
0.000141593
0.000141593
0.000164553
0.000112965
0.000111045
9.96624e-05
0.000119753
0.00011891
0.000144276
0.000150772
0.000144017
0.000144017
0.000106738
0.000105027
0.000134495
0.000134495
0.000119538
0.000101945
0.000137933
0.000109474
0.000109474
9.92187e-05
0.000100548
0.000147054
0.000140137
9.96789e-05
0.000155419
0.000123244
0.000142117
0.000189288
0.000128049
0.000115787
0.000115787
0.000186786
0.000140637
0.0001258
0.0001258
0.000149858
9.88436e-05
0.000109319
0.000101386
0.000126756
0.00011281
0.000160952
0.00010146
0.000153209
0.00012674
0.000101568
9.62282e-05
0.000104677
9.77954e-05
0.000136108
0.000115106
0.000129823
0.000131099
0.000103264
0.00012079
0.000115252
0.000164768
0.000149401
0.000166019
0.000101158
0.000101158
0.000137809
0.000122307
0.0001058
0.000117377
0.000160635
0.000169268
0.000100942
0.000100942
0.000137361
0.000137361
0.00010402
0.000148313
8.74766e-05
0.000165562
0.000142341
0.000110581
0.000109193
9.70941e-05
0.000102403
9.90128e-05
8.77306e-05
9.45838e-05
0.000165242
0.000198917
9.92044e-05
9.92044e-05
0.000131653
0.000133658
0.000102613
0.000124094
9.89883e-05
9.89883e-05
0.000103014
0.000103014
0.000141805
0.000129347
0.000134909
9.92494e-05
0.000134329
0.000133537
0.000119331
0.000102429
0.000117595
0.000115469
9.97781e-05
9.97781e-05
9.74093e-05
9.77309e-05
0.000101633
0.000101633
0.000138398
0.00011232
0.000106604
9.80154e-05
9.87719e-05
9.87719e-05
0.00010132
0.00010132
0.000135431
0.000166829
0.000164267
0.000128359
0.000157626
0.00011206
0.000151956
0.000151956
9.79728e-05
9.79728e-05
0.000135097
9.48472e-05
0.000147528
0.000147528
0.000151461
0.000149258
0.000101726
9.99574e-05
0.000173018
0.000137395
0.000107377
0.000111544
0.000123498
0.000107857
0.000178074
0.000120185
0.000179895
0.000115432
0.000113909
0.000113909
0.000111611
0.000111611
0.000138795
0.000106099
0.000211037
0.000177772
0.00011808
0.000106854
9.79494e-05
9.79494e-05
0.000112133
0.000119862
0.000123199
0.000101456
0.000154385
0.000159276
0.000231616
0.000139258
0.000140007
0.000126288
9.15086e-05
8.40822e-05
0.000147194
0.000129065
0.000116518
0.000120526
0.000126758
0.000125793
0.000128467
0.000128467
0.000132804
0.000132804
0.000124422
0.000124422
0.000117657
0.000117657
0.00013501
0.000106409
0.000108251
0.000114032
0.000106326
0.000106326
0.000108724
0.000108724
0.000100022
9.33927e-05
9.77623e-05
9.37537e-05
0.000144006
0.000144886
0.000103948
0.000103948
0.000147548
0.000104228
9.64414e-05
9.59448e-05
9.59448e-05
9.64414e-05
0.000173172
0.000136349
0.000112807
0.00010189
0.000114757
0.000114757
0.000106812
9.60097e-05
0.000102809
9.37728e-05
0.000144303
0.000111515
0.00017774
8.44804e-05
0.000159789
0.000121021
0.00012961
9.02497e-05
0.000161903
0.000164213
9.44545e-05
9.44545e-05
0.000166728
0.000106963
0.000157594
0.000117452
0.000158197
0.000148532
9.48494e-05
9.41063e-05
9.39923e-05
9.39923e-05
0.000106999
9.58157e-05
9.06683e-05
9.05613e-05
9.7781e-05
9.7781e-05
0.000138476
0.000112496
0.000163835
0.000204228
9.57112e-05
9.57112e-05
9.57112e-05
9.57112e-05
9.80329e-05
9.89287e-05
0.00011813
0.000132316
9.1269e-05
8.80929e-05
0.000107326
0.000100165
0.000140816
0.000140816
0.000163978
0.00012435
0.000123987
0.00013943
9.41165e-05
0.000125135
0.000125135
0.000100649
0.000100649
9.36253e-05
9.36253e-05
0.000140332
0.000104897
0.000109662
9.09824e-05
0.000105885
9.93056e-05
9.41451e-05
9.31334e-05
0.000127034
0.000157458
0.000102108
0.000102108
0.000145802
0.000138852
0.00012817
0.00012817
9.76854e-05
9.34695e-05
0.000130237
0.000130237
0.000131154
0.000131154
0.000157574
0.000162825
0.000141786
9.13648e-05
0.000109528
9.92124e-05
0.000168337
0.000105412
9.00263e-05
9.00263e-05
0.000145077
9.27128e-05
0.000128436
0.000119343
0.000119343
9.49944e-05
9.19124e-05
0.000128503
0.000128503
0.000117277
0.000106633
0.000119566
9.20452e-05
9.55749e-05
8.73998e-05
0.000102348
9.82669e-05
0.000109872
0.000126255
9.44139e-05
9.16138e-05
9.44139e-05
9.16138e-05
0.000182591
0.000158756
9.21622e-05
8.65183e-05
8.77435e-05
8.96103e-05
0.000182676
0.000129021
0.000106265
0.000105479
9.15777e-05
9.11051e-05
0.000111529
0.000144604
0.000106619
0.000106619
9.21802e-05
9.21802e-05
9.30143e-05
9.30143e-05
0.000137582
0.000111502
0.000135468
0.000136631
0.000148225
0.000127658
0.000128528
8.41327e-05
0.000125504
9.12006e-05
0.000108766
0.000108462
0.000117398
0.000124989
0.000148569
0.000124628
9.74688e-05
0.00014142
9.79298e-05
9.79298e-05
