0.000164464
0.00015703
0.000111112
0.00015259
9.36712e-05
0.000155217
0.000175037
0.000114369
0.00011722
0.000111036
0.000118046
0.000156689
0.000132825
0.000115026
0.000134208
0.000146137
0.000121556
0.000177873
0.000197745
8.57668e-05
8.76924e-05
0.000205681
0.000132991
0.000125088
0.000120795
9.58866e-05
0.000121102
8.38031e-05
9.42326e-05
8.87484e-05
9.78425e-05
0.00019916
0.000126098
0.000103008
0.000121242
0.000132472
0.000103771
0.000240018
0.000165964
9.80941e-05
0.000154241
0.000127953
0.000271124
0.000230913
0.000128543
9.30063e-05
0.00019005
0.000134549
0.000135898
0.000174466
0.000287211
0.000249171
0.000196115
0.000151233
0.000146981
0.000234108
0.000130765
0.000129803
0.000153467
9.65944e-05
0.000137821
0.000134891
0.000177139
0.000100759
0.000142538
0.000175523
0.000197745
0.000125841
0.000234437
0.000140499
0.000214839
0.000132403
0.000180629
0.000123676
0.00012528
0.000101006
0.000110752
0.000109361
0.000254886
0.00014555
0.00014837
0.00010634
0.000174736
0.000190164
0.000146603
0.000238085
0.00014102
0.000122564
0.000147454
0.000146844
0.00013946
9.84298e-05
0.000128106
0.000148347
0.000131478
0.000164694
0.000215362
0.000137286
0.000165676
0.000144282
0.000168022
0.000174808
0.00012229
0.000131983
0.000161446
0.000162132
0.000130977
0.000127192
0.00013122
0.000176531
0.000118968
0.000139383
0.000117346
0.000126932
0.000177798
0.000125279
0.000212711
9.6565e-05
0.000108624
0.000175901
0.000120584
0.000131204
9.9457e-05
0.000217081
0.000128888
0.000218363
0.000187496
0.000179527
0.000182409
0.000214397
0.000160234
0.000213109
0.000206023
0.000147882
0.000177815
0.000181836
0.000119398
0.000238623
0.000175373
9.61473e-05
0.000192652
0.000169292
0.00026299
0.000116778
0.000149714
0.000193786
0.00020924
0.000117852
0.000148385
0.000139928
0.000193653
0.000121919
0.000169535
0.000134738
0.000162325
0.000100963
0.000148927
0.000190533
0.000142374
0.000131702
0.000132601
0.000149446
0.000143762
0.000179843
0.00023968
0.000139576
0.000100766
0.000114302
9.96603e-05
9.01249e-05
0.000173602
0.000201793
0.000180108
0.000164214
0.000173442
0.000178037
0.000141896
0.000168613
0.000239613
0.00018354
0.000165606
9.597e-05
0.000179595
0.000172643
0.000137363
0.000205976
0.00025195
0.000182546
0.000160196
0.000113076
0.000212371
0.000195115
0.000148417
9.76514e-05
0.000123689
0.000127851
0.000127301
0.000192345
0.000133853
0.000269627
0.000106883
0.000195781
0.000197796
9.79613e-05
0.000107231
0.000153411
0.000107881
0.000145871
9.5919e-05
0.00010243
0.000166831
0.000175832
9.82472e-05
0.000123064
0.000139763
0.000136178
0.000127883
0.000138303
0.000146916
0.000158367
0.00010983
8.71692e-05
0.000103623
0.000119222
0.000137675
0.000101835
0.000117287
0.000239417
0.000120612
0.000192149
0.000205454
0.000190149
0.000135898
0.000229949
0.000175476
8.80119e-05
0.000150903
9.9603e-05
0.000131627
9.65621e-05
0.000193717
0.000224892
0.000201272
0.000174736
0.000133264
0.000133212
0.000122569
0.000106821
0.00021968
0.000112935
0.00012787
0.000124546
0.00012088
0.00015823
0.000124802
0.0001229
0.000240639
0.000157287
0.000149496
0.000154593
0.00014056
0.000105568
0.000122828
0.00013567
0.00021741
0.000144647
0.000177518
0.000127305
0.000283845
0.000111774
0.000213864
0.00017937
0.00016613
0.000113166
0.000168452
0.000289702
0.000159628
0.000151683
0.000119315
0.000152288
0.000151771
0.000132732
0.000150458
9.13922e-05
0.000165606
0.000129281
0.000147777
0.000128229
0.00025444
0.000110844
0.000139631
0.000141757
0.000134625
0.000180841
0.000168691
0.000144761
0.00026745
0.000197216
0.000161446
0.00017711
0.000101849
0.000109267
0.000160125
0.000150452
0.000178018
0.000269295
0.000162944
0.000186726
0.000222097
0.000102741
0.000137843
0.000147849
0.000229179
0.000132968
0.000130462
0.000123418
0.000208563
0.000114303
0.000189107
0.000188857
0.000207996
0.000118433
8.99181e-05
0.000128581
0.000186096
0.000129463
0.000128877
0.000133496
0.000145919
0.000212668
0.00022859
0.000175018
0.000124063
0.000172872
0.000154628
0.000305309
0.000168857
0.000118772
0.00019184
0.000119718
0.000138837
0.000106116
0.000129834
0.000128696
0.000217188
0.000218927
0.000160877
0.000123488
0.00011691
0.000162103
0.000113813
0.000127059
0.000180178
0.000105766
0.000132164
0.000147454
0.000215592
0.000158382
0.000260202
0.000201856
0.000194098
0.000194118
0.000207612
0.00016728
0.000142363
0.000104186
0.000111016
0.000233368
0.000194194
0.000130516
0.000142574
0.000109732
0.000235597
0.000109064
0.000195781
0.000146464
0.000131106
0.000173647
0.000293035
0.000172027
0.000100947
0.00011386
9.74699e-05
0.000128933
0.000124787
0.000189044
0.000150588
0.000100668
0.0001549
0.000197743
0.000231818
0.000124909
0.000150131
0.000177075
8.68668e-05
0.000165086
0.000158907
0.000153511
9.87086e-05
0.000158602
0.00011958
0.000155499
0.000188024
0.000213115
0.00014461
0.000127159
0.000160626
0.000173708
0.000181916
0.000136822
0.00010768
0.000107547
0.000105404
0.000210076
0.000165572
0.000151014
0.000142309
0.000161118
0.000191722
0.000140535
0.000124544
9.5096e-05
0.000136397
0.000200069
0.000142849
0.000200069
0.000106363
0.000124328
0.000122156
0.000143871
0.000164278
0.00013238
0.000216842
0.000194098
0.000112956
0.000126065
0.000130284
0.000189219
0.000161459
0.000147508
0.000158027
0.000201662
0.0001936
0.000117225
0.000123553
9.05492e-05
0.000141722
0.000130661
0.000133768
0.00017027
0.000103771
0.000110107
9.56909e-05
0.000204115
0.000131147
0.000167493
0.000146859
0.000103414
0.00014705
0.000143214
0.000161568
0.00013015
0.000127916
0.000162361
0.0001818
0.000105444
0.000246713
0.000120522
0.000117783
0.000153676
0.000169431
0.000244507
0.000169527
0.000150711
0.000125278
0.00027491
0.000105223
0.000110224
0.000164577
0.000145165
0.000119827
0.000177815
0.000143749
0.000144618
0.000112573
0.000141486
0.000163876
0.000172185
0.000197268
0.000170068
0.000114071
0.000167073
0.000123083
0.000151843
0.000113018
0.000147647
0.000106788
0.000234558
0.000139339
0.000150452
0.000239726
0.000106134
0.000133099
0.000151389
0.000186643
0.000148299
0.000136407
0.000146603
0.000144227
0.000111124
0.000136128
0.000164042
0.000128807
0.000131653
0.000169809
0.000166072
0.000147266
0.000178261
0.000105473
0.000156923
0.000111238
0.000118581
0.000113511
9.65284e-05
0.000144222
0.000183623
0.000237458
0.0002942
0.000198248
8.60419e-05
0.000127883
0.000115888
0.000211966
0.000113614
0.000194442
0.000124381
0.00014934
0.000244507
0.000114668
0.000108244
0.000174808
0.000209178
0.000142218
0.000156314
0.000142999
0.000145899
0.000147406
0.000143214
9.1798e-05
0.000133157
0.000150818
0.000150584
0.000139832
0.000143445
0.000100857
0.000102142
0.000180816
0.000152502
0.000185758
0.000133962
0.000121841
0.000116786
0.000220455
0.000227346
0.00013831
0.000144845
0.000143601
0.000158056
0.000163691
0.00016336
0.000167852
0.000116475
0.000103751
0.000163252
0.000179715
0.00014702
0.00013283
0.000132968
0.000108677
0.000144427
0.000172979
0.000262755
0.000262755
0.000169881
0.000164091
0.000178474
0.000151518
0.000199477
0.000148838
0.000222022
0.000129044
0.0001436
0.00012345
0.000142277
0.000156286
0.00012184
0.000112009
0.000115861
0.000139883
0.000140535
0.000135447
0.000133768
0.000196063
0.000111124
0.000202232
0.00014871
0.000110661
0.000182409
0.000121583
0.000160118
9.97201e-05
0.00014161
0.000187202
0.000134135
0.000118241
0.000142971
0.00010224
0.000148085
0.000103482
0.000138389
0.000161563
0.000140542
0.000108925
0.000188133
0.000178018
0.00012115
0.000120895
0.000126174
0.000144418
0.000126624
9.57189e-05
0.000133702
0.000121874
9.20519e-05
0.000148061
9.13922e-05
0.0001237
0.000122761
0.000123488
0.000195124
0.000126251
0.000272655
0.000286243
0.000242238
0.000231989
0.000146219
0.000156228
0.000105109
0.000129073
0.00012289
0.000167811
0.000133791
0.00014782
0.000132921
0.000128981
0.000126656
0.000126782
0.000120381
0.000126072
0.000124063
0.00022859
0.000158744
0.000123923
0.000157871
0.000110821
0.000198406
0.000120765
0.000145888
0.000100788
0.00012758
0.000103971
0.000183299
0.00015957
0.000110852
0.000151492
0.000238
0.000128229
0.000105008
0.000132655
0.00011665
0.000146677
0.000129054
0.000106587
0.000148602
0.000133254
9.37363e-05
0.0001784
8.74721e-05
0.000173136
0.000162215
9.83355e-05
0.000129364
0.000125661
0.000115754
0.000202882
0.000108632
0.00011892
0.000144339
9.86291e-05
0.000144513
8.96867e-05
0.000116842
0.000112543
0.000150176
0.000126498
0.00011089
9.48614e-05
0.000182667
0.000142632
0.000113764
0.000116444
0.00010911
0.000117604
0.000109394
0.000109394
0.000119222
0.000152795
0.000117934
0.000144609
0.000182883
0.000117688
9.9506e-05
9.07398e-05
0.000100488
9.59718e-05
0.000108287
0.000123902
0.00013274
0.000110768
0.000126887
0.000134072
0.000102436
0.000109276
0.000209564
9.46802e-05
0.000107376
0.000124355
0.000136002
0.000103969
9.84298e-05
0.000129811
0.000124778
0.000104357
0.000149517
0.000101719
0.000155348
0.000217672
0.000148579
0.000119917
0.000121748
0.000117095
0.000106168
0.000152494
0.000150792
0.000118618
0.000187925
0.000251964
0.000244209
0.000116048
0.000120951
0.000169438
0.000140499
0.000108796
0.000102856
9.8958e-05
0.000190906
9.90118e-05
0.000230161
0.000143435
0.000110593
0.000129227
0.000145949
0.000112211
0.000204198
0.000124029
0.000132432
0.000158278
0.000130571
0.000107553
0.000276308
0.000102327
0.000149517
0.000135332
0.000195592
0.000107502
0.000154182
0.000121984
0.000118135
0.000165906
0.000161623
0.00015077
0.00010682
0.000117882
0.000144761
0.000128525
0.000116774
0.00021429
0.000114623
0.000173925
0.000114208
0.000145594
0.000159053
0.000109466
0.000190954
0.000157167
0.00011041
0.000137407
0.000172941
0.00016336
0.000101393
0.000158744
0.000105128
0.000157871
0.000126303
0.000151148
0.000163063
9.02817e-05
0.000112279
0.000142148
0.000124465
0.000219918
0.000107173
0.000103825
0.000223571
0.000118351
0.000155521
0.000269675
9.55827e-05
0.000110057
9.91299e-05
0.000137445
0.000156978
0.000134974
0.000103922
0.00011154
0.000109511
9.95999e-05
0.000100634
0.000120984
0.000126765
9.32263e-05
0.000127641
0.000167367
9.83122e-05
0.000130813
0.000135689
0.000176955
0.000113763
0.000159607
0.000170172
0.000114881
0.000122569
0.000214875
0.00016993
0.000162999
0.000109352
0.000122564
0.000150729
0.000122965
0.000115553
0.000231016
0.000140134
0.000126742
0.000156841
0.000128014
0.000163126
0.000130775
0.000185703
0.000102059
8.45594e-05
0.000107591
0.000145989
0.000105683
0.000169438
0.000169438
9.89755e-05
0.000113345
0.000107502
0.000162196
0.000102409
0.000117151
0.000160023
0.000178423
0.000175729
0.000137495
0.000108624
9.47024e-05
0.000105521
0.000280715
0.000108132
0.000138812
0.000137696
0.000115208
0.000104263
0.000122857
0.000113748
0.00013283
0.000201102
0.000104557
0.000111359
0.000181487
9.79613e-05
0.000214512
0.000173085
0.000124905
0.000155327
0.000260689
0.000133099
0.000182693
9.22154e-05
0.000131731
9.14071e-05
0.000184896
0.00022559
0.000107793
0.000231111
0.000118342
0.000142688
0.000189454
0.000156263
0.000181284
0.000201018
0.000156001
0.00010222
0.000186238
0.000142421
0.00010708
0.000134474
0.000134603
0.000138755
0.00016875
0.000159162
0.000128534
0.000151756
0.000215523
0.000201692
0.000125821
0.000111271
0.000107175
0.000156586
0.000137212
9.05079e-05
9.9093e-05
0.000123094
0.000136218
0.000117191
0.000197288
0.000222652
0.000143423
0.00016632
0.000277262
0.000157074
0.000179118
0.000132007
0.000173928
0.000148207
0.000191574
0.000226146
0.000163583
0.000177678
0.000184141
0.000117882
0.00013749
0.000145034
0.000186846
0.000221275
0.000151869
0.000180629
0.000172232
0.000103036
0.000216708
0.000191093
9.59251e-05
0.00010192
0.000252051
0.000135952
0.000131046
0.00010865
9.22722e-05
0.00022435
0.000107163
0.000126471
0.000142625
0.000143436
0.000205956
0.000222854
0.000219206
0.000180844
0.000149349
0.000142122
9.63444e-05
0.000126925
0.000129802
0.000131147
0.000129055
0.000132811
0.000261785
0.00018634
0.000154284
0.000284772
0.00013909
8.58186e-05
0.000118689
0.000243657
0.000186493
0.000106227
9.14734e-05
0.000149957
0.000139339
0.000188062
0.000105794
0.000101843
0.000119057
0.000135717
0.000167087
0.000162357
9.79214e-05
0.000107135
0.000112713
0.000151494
0.000186713
0.000100705
0.000215551
0.000190747
0.000181007
0.000154747
0.000187358
0.000113843
0.000160007
0.000191101
0.000161297
0.00015957
0.000137291
0.000198789
0.00025457
0.000172811
0.00014127
0.000180229
0.000128837
0.000178156
0.0001013
0.000285961
0.000288902
0.00028947
0.000283227
0.000145026
0.000173848
0.000180458
0.000262237
0.000103401
0.000103401
0.000131147
0.000179221
0.000128492
0.000161841
0.000155068
0.000151467
0.000232271
0.000236632
0.000164694
0.000169578
0.000140753
0.00017006
0.000252714
0.000220764
0.000122539
0.000133166
0.000137696
0.000222022
0.00014825
0.000148299
0.00014825
0.000155995
0.000223244
0.000146153
0.000135153
0.00011649
0.000141776
0.000115173
9.60696e-05
0.00013582
0.000167848
0.000168229
0.000234958
0.000120951
0.000121012
0.000257903
0.00013594
0.000131875
0.000159175
0.000172026
0.000168533
0.000153336
0.000150882
0.000160236
0.000153336
0.000143407
0.00020019
0.000106858
0.000142033
0.000127822
0.000111352
0.000148877
0.00014601
0.000165098
0.000107238
0.000104447
9.63899e-05
0.000234108
0.000153846
0.000214164
0.000208479
0.000131241
0.000158299
0.000166159
0.000160125
0.000152532
0.000198789
0.00014
0.000159874
0.000133623
0.000119154
9.49397e-05
0.000171389
0.000114211
8.80734e-05
8.68609e-05
0.000104726
0.000207018
0.000143837
0.000115378
0.00010827
0.000135847
0.00021256
0.000110318
0.000110318
0.000107237
0.000155699
0.000167062
0.000142942
0.000275514
0.000224787
0.000143976
9.89066e-05
0.000200097
0.000113001
0.000192407
0.000189215
0.000199491
0.00019998
0.000165991
0.000139284
0.000119233
0.000165679
0.000127901
0.000124859
0.000130995
0.000172631
0.000184429
0.000193221
0.000177149
0.000130976
0.000133234
0.000125539
0.000190228
0.000154274
0.000115728
0.000146859
0.000128185
0.000150497
0.000151747
0.000223707
0.000276573
0.000130411
0.000200059
0.000184117
0.000187306
0.000163497
0.000216599
0.00010865
0.000136942
0.00021923
0.000155627
0.000190734
0.000191531
0.000191414
0.000122354
0.000194739
0.000170805
0.000256788
0.000147155
0.000136592
0.000169718
0.000166466
0.000162806
0.00010243
0.000113656
0.000147941
0.000120575
0.000111459
0.000180508
0.000206864
0.000148772
0.000178786
0.000192539
0.000154777
0.000182062
0.000108319
0.000112652
0.000247445
0.000163955
9.88354e-05
0.000132199
0.00011401
0.000178981
0.000139117
0.000154854
0.000121583
0.000118432
0.000227168
0.000215183
9.86553e-05
0.000120507
0.000107555
0.000151303
0.000197901
0.000155814
0.000121467
0.000124016
0.000178332
0.000176327
0.000188797
0.000192569
0.000219066
0.000196029
0.000185758
0.000143181
0.000175691
0.000119821
0.000153121
0.000121989
0.000101928
0.000126084
0.000114916
0.000157151
9.30873e-05
0.000215149
0.000147543
0.000133013
0.000160901
0.000146173
0.000125057
0.000112543
0.000191755
0.000180247
0.000149117
0.000143785
0.000125905
0.000157233
0.000143404
0.000139632
0.000138442
0.000117191
0.000150229
0.000125258
0.000124008
0.000125092
0.000167214
0.000124051
0.000129073
0.000141896
0.000129309
0.000116778
0.000105603
0.000152695
0.000208328
0.000222812
0.000214362
0.000150574
9.2396e-05
0.000132999
0.000124051
0.000140185
0.000109119
0.000115104
0.00018772
0.000179321
0.000162491
0.000161156
0.000138573
0.000140602
0.00011386
0.000105397
0.000126832
0.00012135
0.000161861
0.000148959
0.000172716
0.000129414
0.00011788
0.000151518
9.96793e-05
0.000114166
0.000110273
0.000203862
0.000131449
0.000154036
0.000170611
0.000154032
0.000127497
0.000131127
0.000175938
0.000171764
0.000140115
0.000138411
0.00015172
0.00012323
0.000126079
0.000180113
0.00017711
0.000151246
0.000131715
0.00010011
0.000118155
0.000110192
0.000225633
0.000148918
0.000132026
0.00012982
9.82174e-05
0.000108579
0.000109267
0.000108579
9.77791e-05
0.000128559
0.00012833
0.000159103
0.000158284
0.000162463
0.00011946
0.000106966
0.000254956
0.000189592
0.00020186
0.000105951
0.000103825
9.59217e-05
0.000123381
0.000134712
0.00016672
0.000167882
0.000138227
0.000138147
9.58096e-05
9.52848e-05
0.000146656
9.36831e-05
9.81754e-05
0.000119154
0.000196298
0.000131033
0.000191907
0.00010848
0.000138576
0.000137119
0.000135331
0.000222603
0.000224087
0.0001742
9.51074e-05
0.000174283
0.000145156
0.000127803
0.000154039
0.000119282
0.00010172
0.000102436
0.000102436
0.000181424
0.000151467
0.000171801
0.000154706
9.1872e-05
9.40781e-05
0.00012836
0.000128733
0.000125662
0.000220455
0.0001489
0.000209317
0.000135431
9.97896e-05
0.000242986
0.000225608
0.000120908
0.00015606
0.000247183
0.000214376
0.000185975
0.000126654
0.000174872
9.79613e-05
9.79613e-05
0.000136867
0.000163663
0.000158517
0.00011649
0.000246665
0.000246071
0.000125737
0.000159216
0.000150583
0.000116275
0.000157339
0.000116764
0.000116318
0.000184098
9.84752e-05
9.64225e-05
0.000152776
0.000132725
0.000135532
0.000106502
0.000107816
0.000151105
0.000132716
0.000132698
0.000159322
0.000109967
0.00016551
0.000119445
0.000109967
0.000119639
0.000136226
0.000139151
8.52993e-05
8.42116e-05
0.000138195
0.000128399
0.000137079
0.000112097
0.00012628
0.000120915
0.000126041
0.00018131
0.000197253
0.000122857
0.000124544
9.47831e-05
9.31458e-05
0.000115815
0.000114666
0.000107231
0.000114666
0.000118042
0.000120499
0.000147375
0.000100353
0.000168069
0.000135659
0.000203939
0.000205681
9.23927e-05
0.000159103
0.000216834
0.000224698
0.000112919
0.000234908
0.000102689
0.000128635
0.000173439
0.000167095
0.000157306
0.000138124
0.000115699
0.00015047
0.000117768
0.00016689
0.00015514
0.000144407
0.000173637
0.000107555
0.000116774
0.00010172
0.000102393
0.000109176
0.000179504
0.000169773
0.000127061
0.000144823
0.000218724
0.000146494
0.000127775
0.000109306
0.000118993
0.000116239
0.000176651
0.000230801
0.000165676
0.000178072
0.000164054
0.000152005
0.00014299
0.000155599
9.58096e-05
0.000100934
0.000180027
0.000209185
0.000209185
0.000118182
0.000213424
0.000138923
0.000126713
0.000207748
0.000171191
0.000116823
0.000100947
0.000100668
0.000139915
0.000135096
0.000137012
0.000170533
0.000148564
0.000108229
0.00016433
0.000140105
0.000211156
0.000211156
0.000140201
0.000196948
0.000127755
0.000125209
0.000158759
0.000174583
0.000134531
0.000147834
0.000129601
0.000158512
9.47008e-05
0.000137723
0.000149302
0.000121357
0.00012122
0.000130955
0.000144406
0.000186713
0.000130749
0.000120417
0.000153043
0.000216788
0.000149669
0.000143987
0.000140609
9.84752e-05
0.000143555
0.000132368
0.000246558
0.000125729
9.4718e-05
0.000113703
0.000131394
0.000164614
0.000114607
0.000112492
9.78041e-05
0.000128709
0.00013205
0.000186137
0.000119095
0.000207012
0.000207012
0.000165108
0.000142859
0.000114872
0.000210921
0.000195854
0.000109017
0.000129521
0.000100538
0.000126164
0.000167405
0.000196193
0.000129265
0.000140065
0.000128439
0.000149361
0.000153478
0.000159298
0.000151288
0.000100947
0.000136035
0.000222511
0.000222511
0.000201957
0.000199451
0.000129732
0.000130767
0.000149592
0.000118592
9.55827e-05
9.55827e-05
9.64738e-05
9.55827e-05
0.000159164
0.000153923
0.000184411
0.000126799
0.000149117
0.000100125
0.000113064
0.000105754
0.000127197
0.00012113
0.000179325
0.000150238
0.000145466
0.000113281
0.000128229
0.000112193
0.000102458
0.000105348
9.60696e-05
9.7733e-05
9.31458e-05
9.7733e-05
0.000107387
0.000143394
0.000198893
0.000198893
9.34945e-05
0.000131682
0.000255681
0.000255681
0.000222026
0.000121596
0.000134471
0.0001158
0.000175108
0.000189868
0.000100437
0.000143868
0.000109155
0.000100665
0.000111347
0.000119582
0.00010911
0.000111266
0.000154107
0.000147774
0.000190663
0.000192454
0.000153504
0.00012088
9.65284e-05
0.000172041
0.000130803
0.000169991
0.000172615
0.000157397
0.000139914
0.000255279
0.000255279
0.000194858
0.000232882
0.000131542
0.000105118
0.000118579
0.000242517
9.71819e-05
0.000181833
0.000242348
0.000203065
0.000105444
0.000131394
0.000117334
0.000110439
0.000119539
0.000118078
0.000196594
0.000107567
0.000141771
0.000133396
0.000174933
0.000151369
0.000181005
0.000177873
0.00012189
0.000124379
9.13755e-05
0.00023304
0.000201923
0.000201923
0.00013156
0.000213838
0.000213838
0.000108396
0.000215122
0.000215122
0.000178552
0.000177114
0.000147979
0.000109259
0.000174311
0.000117529
9.60412e-05
0.000104765
0.000157187
0.000134935
9.7997e-05
0.000110826
0.000165755
0.00012088
0.000177168
0.000127847
0.000205015
0.00023176
0.000104827
0.000105683
0.000139284
0.000144615
0.000119791
0.000106254
0.00017991
0.00017991
0.000177646
0.00011344
0.000202708
0.000217209
0.000139375
9.66055e-05
0.0002068
0.0002068
0.000111143
0.000109904
0.000211392
0.000220805
0.000127357
0.00012059
0.000128287
0.000280463
0.000207178
0.000210416
0.000196836
0.000196836
0.000143022
0.000118994
0.000160098
0.000178423
0.000146494
0.000111622
0.000127604
0.000116853
0.000163439
0.000108779
0.000196746
0.000187989
0.000175805
0.000175805
0.000120427
0.000103969
0.000113167
0.000119604
0.000188506
0.000188506
0.000104733
0.000153498
0.000133793
0.000154749
0.000111912
0.000107385
0.000144071
0.000113432
0.000162992
0.000147562
0.000127854
0.000173616
0.000131889
0.000152589
9.03454e-05
8.47952e-05
0.000104961
0.000143549
0.00022496
0.000208682
9.5425e-05
0.000120515
0.000143694
0.000140431
0.000100366
9.30493e-05
9.33229e-05
0.000139992
0.000132838
0.000185803
0.000176149
0.000174827
0.000174827
0.000167018
0.000158003
0.000205655
0.000205655
0.000190875
0.000178788
0.000147773
0.000141543
0.000176519
0.000176519
0.000130158
0.000175037
0.000169235
0.000176961
0.000104752
0.000173753
0.000178041
0.000178041
0.00014299
9.60725e-05
0.000104506
0.00015951
9.63077e-05
0.000204158
0.000102327
0.000110339
0.000138678
0.000171101
0.000199685
0.000169161
0.000150954
0.000186099
0.000191909
0.00013775
0.000105109
9.7454e-05
0.00021441
0.00021441
0.000222567
0.000240326
0.000186443
0.000186443
0.000122539
0.000105189
9.8065e-05
0.000105753
0.000114498
9.83704e-05
0.000242024
0.000206986
0.000197338
0.000165348
0.000134515
0.000110982
9.93553e-05
9.30094e-05
9.20385e-05
0.000201576
9.98866e-05
0.000112155
0.000125087
0.000118553
0.000169183
0.000169183
0.000205
0.000168777
0.000163684
0.000108141
0.000124
0.00012465
0.000125599
0.000102939
0.000198015
0.000219266
0.000165126
0.000236508
0.000153257
0.000111913
0.000125608
0.000107918
0.000114359
0.000129382
0.000111124
0.000125173
0.0002035
0.0002035
0.000181076
0.000204809
0.000118605
0.000210951
0.000210951
0.000147828
0.000207434
0.000213876
0.000175487
0.000140058
0.000133383
0.000125031
0.000104972
9.98641e-05
0.000161563
0.000121174
0.000129629
0.000166571
0.000166571
0.000146844
0.000165771
0.000207303
0.000113033
0.000148095
0.000170881
0.000179579
0.000181712
0.000125096
0.000144097
0.000151871
0.000149747
0.000170084
0.000194333
0.00017656
0.000177833
9.06037e-05
0.000116088
9.55728e-05
0.000101986
0.000121498
0.000153202
0.000188237
0.000188237
0.000204153
8.93165e-05
0.000218798
0.000215546
0.000139608
0.000109032
0.000191794
0.000211317
0.00012638
0.000137281
0.000170726
0.000170726
0.000143062
0.000132547
0.000183412
0.000183412
0.000202226
0.000211666
0.000162079
0.000159053
0.000157643
0.000125058
0.000161209
0.000126525
9.8134e-05
0.000150131
0.000176731
0.000176731
0.000114331
0.000146241
0.000191051
0.000152916
0.000135423
0.000165926
9.6993e-05
0.000114007
0.000199948
0.000199948
0.000197978
0.000196473
0.000157307
0.000157307
0.000199164
0.00016617
0.000110912
0.000139261
0.000198465
0.000198465
0.000154648
0.000188053
0.00015696
0.00015696
0.000184453
0.000184453
0.000137212
0.000165356
0.000118765
0.000115902
0.000116759
0.000174613
0.000174613
0.000154774
0.000162357
0.000164732
0.000169761
0.000155615
0.000151534
0.00020565
0.00020565
0.000174436
0.000195026
0.000178026
0.000110048
0.000106251
0.000172632
0.000226871
0.000173153
0.000179102
0.00013465
0.000106789
0.000126256
9.79264e-05
0.00013917
0.000111838
0.000116685
0.000154018
0.000140524
0.000134499
0.000205513
0.000155609
0.000153357
0.000153357
0.000155839
0.000153592
0.000139705
0.000133237
0.000185392
0.000185392
0.000123528
9.08928e-05
0.00018891
0.000160923
0.000121611
0.000151275
0.00012302
0.000127252
9.87484e-05
0.000130074
9.18569e-05
9.22393e-05
0.000127524
0.000106821
0.000158261
0.000158261
0.000159555
0.000201446
0.00012449
0.000113614
0.000192336
0.000149086
0.000111271
0.000214032
0.000163567
0.000182659
0.000157979
0.000157979
0.00019583
0.000244075
0.000201547
0.000162829
0.00015667
0.00015667
0.00015197
0.00015197
0.000172207
0.000172207
0.000117501
9.74004e-05
0.000192245
0.000192245
0.000155481
9.87788e-05
0.000146382
0.000160216
0.000195202
0.000132372
0.000160693
0.000186989
0.000115093
0.000151601
0.000120085
9.83519e-05
0.000114871
0.00012819
0.000172261
0.000176702
0.000153394
0.000153394
0.000109297
0.000137714
0.000155508
0.000155508
9.86503e-05
9.8394e-05
0.000154691
0.000154691
0.000150729
0.000150602
0.000225594
0.000166326
0.000191196
0.000148214
0.000153062
0.000153062
0.000185433
0.000167965
0.000100621
9.28443e-05
0.000158197
0.000219324
0.000193155
0.000151681
0.000180527
0.000180527
0.000132428
0.000123991
0.000147314
0.000146904
0.000147656
0.000147656
0.000128793
0.00018305
0.000153346
0.000147569
0.000153227
0.000167551
0.000121517
9.76839e-05
0.000203293
9.40597e-05
0.000147923
0.000147341
0.00014227
0.000161279
0.000144097
0.000153195
0.000153195
0.000155544
0.000155544
0.00018377
0.000194104
0.000194238
0.000138698
0.00020131
0.00020131
0.000180964
0.000184478
7.89805e-05
0.000101103
0.000111207
0.000169032
0.000144287
0.000147622
0.000160882
0.000182798
0.00020445
0.000108246
0.00010597
0.000103751
0.000149277
0.000149277
0.000117658
0.00011146
0.000164011
0.000163474
0.000163361
0.000151191
0.000185952
0.00018395
0.000200101
0.000200101
0.000139179
0.000139179
0.000125869
0.000121258
0.000216734
0.000142035
0.00013452
0.000141691
0.000110722
0.000178499
0.000132027
0.000118257
0.000155459
0.00014546
0.000151419
0.000141121
0.000211224
0.000211224
0.00016504
0.00016504
0.000145241
0.000203399
0.00013628
0.000157142
0.000201758
0.000137281
0.000140526
0.000192568
0.000148454
0.000210904
0.000210904
0.00014964
0.00014964
0.000109594
0.000106234
0.000159308
0.00015466
0.000127789
9.6429e-05
0.000153293
0.000140266
9.56886e-05
0.000149491
0.000180683
0.000180683
0.000141323
0.000141323
0.000153131
0.000153131
0.000104208
0.000100947
0.000148639
0.000141044
0.000205441
0.000149999
0.000151336
0.000129581
0.000143942
0.000139094
0.000132951
0.000118315
0.000220627
0.00017313
0.000143041
0.000143777
0.000182384
0.000141143
0.00022557
0.000160072
0.000142759
0.00014224
0.000181392
0.000181392
0.0001584
0.0001584
9.99949e-05
0.00013695
0.000147937
0.000145762
0.000141378
0.000146063
0.000112728
0.000104975
0.000138283
0.000138283
0.000129201
0.000112218
0.000131066
0.000151915
0.000135981
0.00014162
0.00014162
0.000142007
0.000119733
0.00013784
0.00013784
0.000142277
0.000175733
0.000175692
0.000176527
0.00015075
0.00015075
0.00015519
0.000129951
0.000151044
9.40287e-05
0.000193113
0.000193113
0.000125759
0.000136007
0.000146513
0.00015077
0.000163081
0.000153967
0.000150675
0.000147959
0.000147959
0.000169412
0.000182116
0.000189699
0.000104091
0.000196735
0.000196735
0.000162209
0.000132122
0.000119219
0.000126809
0.000119986
0.000129559
0.00011395
0.000101747
0.000124414
0.000125418
0.000121653
0.000114089
0.000108941
0.000142386
0.000178034
0.000140053
0.000171708
0.000189032
0.000129648
0.00014788
0.000154452
0.000208174
0.000192778
0.000189761
0.000158071
0.000158071
0.000131895
0.000136139
0.000183653
0.000183653
0.000140565
0.000142822
0.000154847
0.000162874
0.000135592
0.000135592
0.000147169
0.000127809
0.000128329
0.000154928
0.00016682
0.000133351
0.000131696
0.000208711
0.000148977
0.000135609
0.000127447
0.000166685
0.000166685
0.000112929
0.000148512
0.000146365
0.000153784
0.000109333
0.000125702
0.000116294
0.000131458
0.000135539
0.000160626
0.000144791
0.000132356
0.00015993
0.000136226
9.68329e-05
0.000190018
0.000182146
0.000152019
0.000134379
0.000148048
0.000130726
0.0001377
0.0001377
0.000135229
9.76004e-05
0.000171803
0.000203173
0.000128834
0.000138719
0.00010773
0.000170217
0.000192843
0.000188078
0.000108315
0.000130028
0.000188756
0.000188756
0.000142798
0.000142798
0.00019358
0.000215574
0.000143677
9.96982e-05
9.43869e-05
0.000147634
0.00014582
9.00508e-05
0.000191335
0.000197951
0.000144087
0.000135866
0.000132056
0.000141121
0.000141121
0.000131449
0.000131449
0.000125462
0.000134132
0.000127222
0.000129802
0.000130648
0.000130648
0.000154088
0.000130757
0.000136684
0.00013331
0.000149356
0.000149356
0.000162626
0.000185846
0.000119427
9.82312e-05
0.000124767
0.000123923
0.000142089
0.000142089
0.000140477
0.000134753
0.000167717
0.000134504
0.000129482
0.000129933
0.000114518
0.000108396
0.000169791
0.000170831
0.000166348
0.000207323
0.00011662
0.000113425
0.000177707
0.00012207
0.000233343
0.000177707
0.000129073
0.000129073
0.000166985
0.000169489
0.000164984
0.000165148
0.000147645
0.000147645
0.000123209
0.000103557
0.000175405
0.000201594
0.00015781
0.000133369
0.000133369
0.00016376
9.46802e-05
0.000146527
0.000139249
0.000157505
0.000157505
0.000118135
0.0001294
0.000198546
0.000137078
0.000167382
0.000138694
0.000117843
0.000108971
0.000129374
0.000128353
0.000128281
0.000128281
0.000227295
0.000178069
9.60937e-05
0.000116786
0.000184424
0.000208309
0.000159607
0.00015207
0.000225535
0.000135189
0.000105949
0.000173374
0.000144544
0.000175504
0.000145001
0.000131069
0.000130112
0.000187638
0.000187638
0.000141653
0.000176353
0.000173441
0.000124981
0.000125599
0.000124751
0.000121368
9.7985e-05
0.000152163
0.000123951
0.000136068
0.00012853
0.00012853
0.000133174
0.000133634
0.000207525
0.000160874
0.000159287
0.000140099
0.000140734
0.000133949
0.000167815
0.000125117
0.000126025
9.04589e-05
0.000191968
0.000191968
0.000214557
0.000161533
0.000149971
0.000149971
0.000134399
0.000200553
0.000133234
0.00012703
0.000180732
0.000180732
0.000145268
0.000156579
0.000157633
0.000125382
0.000148081
0.000175709
0.000127678
0.000122094
0.000123016
0.000169312
0.000117783
0.000128477
0.000210199
9.0283e-05
0.000130427
0.000119147
0.000126573
0.000111798
0.000162311
0.000162917
0.000194387
0.000125816
0.000128547
0.00017511
0.000142102
0.000141992
0.000112499
0.000146522
0.000146522
0.000126638
0.000126638
0.000190848
0.000190848
0.000127998
0.000127998
0.000181041
0.000127772
0.000171056
0.000139795
0.000179043
0.000179043
0.000129257
0.000129257
0.000160133
0.000160133
0.000124779
0.000121401
0.000125656
0.000125656
0.00012534
0.000122579
0.000140893
0.000120276
0.000143799
0.000119398
0.000137503
0.000124383
0.000128523
0.000128523
0.000125914
0.000123018
0.000142209
0.000142209
0.000166265
0.000166265
0.000112927
9.90596e-05
0.000149094
0.000149094
0.0001454
0.000123056
0.000178461
0.000196791
0.000147753
0.000121701
0.000127654
0.000127654
0.000101692
0.000119564
0.000139024
0.000142739
0.000113616
0.000128435
0.000114244
0.000105503
0.000164606
0.000158594
0.000109447
0.00012836
0.000127877
0.000130511
0.000121065
0.000158813
0.000192064
0.000100175
0.000158128
0.000158128
0.000203159
0.000174563
8.99973e-05
0.000120736
0.000133745
0.000133745
0.000125929
0.000125929
0.00016349
9.97201e-05
0.000142565
0.000124139
0.000122706
0.000186245
0.000240999
9.47357e-05
0.000176971
0.000193427
0.000107247
9.74107e-05
0.00015732
0.000130565
0.000167383
0.000137097
0.000210922
0.000125552
0.00012278
0.00012278
0.000122072
0.000122072
0.00012278
0.00012278
0.000173167
0.000144359
0.000126251
0.000126251
0.000134156
0.000130781
0.000138295
0.000138295
0.000153101
0.000129951
0.000139489
0.000139489
0.000145781
0.000125117
0.000175068
0.000156273
0.000162147
0.000145039
0.000151903
0.000151903
0.000216622
0.00015743
0.000146219
0.000146219
0.000193814
0.000143731
0.000161301
0.000165859
0.000141026
0.000129201
0.000124633
0.000124633
0.000170928
0.000170928
0.000186461
0.000136711
0.000119074
0.00012793
0.000170379
0.000128329
0.000156273
0.000119281
0.000159559
9.35129e-05
0.000117463
0.00010534
0.00015187
0.000150619
0.000126231
0.00010894
0.000147665
0.000169338
0.000169295
0.000127583
0.000144218
0.000129447
0.000106628
0.000100072
0.000111422
0.000111422
0.00015402
0.000150474
0.000163554
0.000157326
0.00010895
0.000107155
0.000138918
0.000138918
0.000157019
0.000157019
0.000139428
0.000139428
0.000174148
0.00012679
0.000151379
0.000140944
0.000121075
0.000128425
0.00011342
0.00011342
0.000183513
0.000183513
0.000156791
0.000131749
0.000145155
0.000166945
0.000166918
0.000146822
0.000126269
0.000126269
0.000163098
0.000231252
0.000120589
0.000120589
0.000155019
0.000154203
0.000140434
0.000140434
0.00018442
0.000151819
0.000140781
0.000133606
0.000116854
0.000130899
0.00013375
0.00013375
0.000119605
0.000139712
0.000102555
9.74302e-05
0.000126949
0.000111279
0.000122772
0.000143184
0.000103495
0.000221728
0.000141069
0.000112211
0.000123742
0.000134214
0.000190207
0.000190207
0.000193537
0.000193537
0.000112279
0.000122889
0.000186678
0.00013657
0.000122435
0.000122049
0.000119241
0.000119241
0.00013735
0.000132129
0.000185087
0.0001827
0.00012753
0.000127897
0.000159555
0.000151748
0.000117775
0.000117782
0.000166301
0.000166301
0.000217048
0.000173899
0.000148196
0.000122926
0.000122926
0.000168406
0.000128678
0.000199693
0.000199693
0.000119281
0.000145568
0.000118248
0.000118248
0.000116842
0.000116842
0.000116841
0.000116786
0.000123466
0.000125376
0.000143674
0.0001256
0.000130706
8.83398e-05
0.000163686
0.00012431
0.000131565
0.000147712
0.000132361
0.000172313
0.000133853
0.000114982
0.000136514
0.000115502
0.000139598
0.000172239
0.000131057
0.000132162
0.000132162
0.000114303
0.000112446
0.000129531
0.000129531
0.000167824
0.000160343
0.000117181
0.000117181
0.000156611
0.000130385
0.000122028
0.000114902
0.000122149
0.000113208
0.000125293
0.000123586
0.000123586
0.000169298
0.000129843
0.000124933
0.000161865
0.000112088
0.000111252
0.000152985
0.000129034
0.000118351
0.000147145
0.000119063
0.000114776
0.000129536
0.000129536
0.000147817
0.000151284
0.000151284
0.000168817
0.000168817
0.000154435
0.000172796
0.000192183
0.000148531
0.000124728
0.000124728
0.000148647
0.000148647
0.000105666
0.000110653
0.000118422
0.000112611
0.000115279
0.000115279
0.000156289
0.000152776
0.000134805
0.000135069
0.000141815
0.00011411
0.000138672
0.000126943
0.000116471
0.000116471
0.000124328
0.000124328
0.00016648
0.000113463
0.000132617
0.00012417
0.000119966
0.000111034
0.000133156
0.000139833
0.000151463
0.000149231
0.000148278
0.000104759
0.000153459
0.000153459
0.000134802
0.000134802
0.000124432
0.00010285
0.000124175
0.000112373
0.000124624
0.000124624
0.000136375
0.000185876
0.000161578
0.000165009
0.000178171
0.000112216
0.000105283
0.000117702
0.000166757
0.000118517
0.000149895
0.000120171
0.00011699
0.00011699
0.000118226
0.000110925
0.000111076
0.000109538
0.000112238
0.000104
0.000109028
0.000109619
0.00015025
0.000134807
0.00012937
9.99988e-05
9.99988e-05
0.000124065
9.89298e-05
0.000111289
0.00015813
0.000118368
0.000109615
0.000109615
0.000136366
0.000158932
0.00012333
0.000109813
0.000119889
0.000114982
0.000177074
0.000127617
0.000121907
0.000107572
0.000156075
0.000145038
0.000109348
0.000109348
0.000120239
0.000121576
0.000117736
0.000108795
0.000131924
0.000131924
0.00017031
0.000227439
0.000106687
0.000104962
0.000111003
0.000111003
0.000196614
0.00019981
0.000157905
0.000157905
0.00010867
0.00010867
0.000123094
0.000156943
0.000139765
0.000133937
0.000109657
0.000109657
0.000131696
0.000115792
0.000145754
0.000129624
9.78335e-05
8.64352e-05
0.000113827
0.000113827
9.94998e-05
9.09541e-05
0.000108663
0.000108663
0.000175487
0.000139568
9.43613e-05
0.000112116
0.000111777
0.000111777
0.000108604
0.000108604
0.000165387
0.000186908
0.000107399
0.000107399
0.000137981
0.000137461
0.000182118
0.000112862
0.000144896
8.77733e-05
0.000108613
0.00011958
0.00011958
0.000170729
0.000113626
0.000171864
0.000162686
0.000135713
0.000135713
0.000107174
0.000107174
0.000125598
0.000121848
0.000153088
0.000143564
0.000188502
0.000188502
0.000139506
0.000152881
0.000151753
0.000202884
0.000148735
0.000165772
0.000100533
9.19933e-05
0.000164777
0.000150235
0.000119724
0.000119724
0.000103676
0.000102969
0.000158359
0.000158359
0.000158453
0.000158905
0.000102937
0.000106709
0.000118085
9.86827e-05
0.000108576
0.00010917
0.000113353
0.000113353
0.000151027
0.000114943
0.000106015
0.000106015
0.000100057
0.000109441
0.000175113
0.000140338
0.000106811
0.000106811
0.000139576
0.0001332
0.00015514
0.00015514
0.000141433
0.000141433
0.000132947
0.000132947
0.000141093
0.000141093
0.000151367
0.000151367
0.000114759
0.000103154
0.000128151
0.000122354
0.000111901
0.000131422
0.000126546
9.96808e-05
0.000144728
0.000144728
0.000111934
0.000111934
0.000104624
0.000104935
0.000210021
0.000161666
9.16e-05
0.000110828
0.000107407
0.000105958
0.000195104
0.000162471
0.000104193
0.000104193
0.000165505
0.000119821
0.000134642
0.000173182
0.000101234
0.00012145
0.000169457
0.000169457
0.000104026
0.000104026
0.000134599
0.000160906
0.000175707
0.000175707
0.000120185
0.000120185
0.000112466
0.000112466
0.000108861
0.000108875
0.000109758
0.00011258
0.000104237
0.000102256
0.000127075
0.000103385
0.000102549
9.00337e-05
0.000124299
0.000129314
0.000164862
0.000164862
0.000153779
0.000153575
0.000129953
0.000151276
0.00014318
0.00014318
0.00012033
0.000103386
0.000129944
0.000151276
0.00013899
0.000103386
0.000128811
0.000128811
0.000150018
0.000118941
0.00018067
0.000136038
0.000158771
0.000126451
0.000166413
0.000167465
0.000114261
0.000114261
0.000163202
0.000113433
0.000120758
0.000131982
0.000102181
0.000119678
0.000119678
0.000109981
9.93741e-05
0.000134094
0.000134094
0.000158847
0.000189997
0.000111318
0.000127223
0.000102243
0.000102418
0.000150181
0.000105794
0.000151395
0.000151003
0.000174788
0.000174788
0.00012796
0.00012796
0.000119282
0.000102436
0.000134522
0.000134522
0.000123268
0.000128613
0.000103741
0.000103741
0.000101849
0.000105757
0.000120755
0.000121092
0.000110708
0.000102718
0.000129557
0.000109666
0.000154479
0.000113606
0.000106258
0.000106258
0.000115862
0.000115862
9.86356e-05
0.000102408
0.000133011
0.000133011
0.000114179
0.000100962
0.000157887
0.000105044
0.000109916
0.000152102
0.00016062
0.000140172
0.000116673
0.000172349
0.000106568
0.000109458
0.000149515
0.000184533
0.000103636
0.000133046
0.000201403
0.000122438
0.000145921
0.000145921
0.000211925
0.000132144
0.000141778
0.000141778
0.000155173
0.000106661
0.000164074
0.000166517
0.000151263
0.000151263
0.000104112
8.87877e-05
0.000131179
0.000114071
0.000120556
0.000122374
0.000119817
0.000145218
0.000100612
0.000116734
0.00011699
0.000129575
0.000120457
9.70487e-05
0.000100902
0.000145547
9.44149e-05
0.000134935
0.000134935
9.75521e-05
8.95605e-05
0.000112172
0.000123187
0.000108202
9.8179e-05
0.000105022
8.91456e-05
0.00010675
0.00010675
0.000105988
0.000110219
0.000103565
0.000119678
0.00011544
0.000140378
0.000100525
0.000100525
0.000100302
0.000109595
9.99006e-05
0.000114639
0.000223657
0.000177376
0.00010645
0.00010055
9.54431e-05
9.18952e-05
0.000100741
0.000112445
9.7776e-05
0.000122191
0.000121992
0.000108088
9.71409e-05
0.000145863
0.000108978
0.00010712
0.000106432
9.1568e-05
0.000108564
0.000112388
0.000112388
0.000140424
0.000140424
0.000116847
0.000116847
0.000114712
0.000117931
0.00017152
0.000108975
0.000178074
0.000120185
0.000156294
9.88022e-05
0.000138878
0.000104871
0.000126867
0.000105934
0.000153325
0.000159309
0.00015598
0.000141592
0.000135391
0.000119407
0.000140632
0.000103011
9.43983e-05
9.42214e-05
9.79699e-05
9.61349e-05
0.000104004
9.98286e-05
0.000157238
0.000139828
0.000140007
0.000152791
0.000152791
0.000147417
0.000147417
0.000105925
0.000103362
0.000107475
0.000107475
0.000168159
0.000112372
9.76887e-05
9.67817e-05
0.000143002
0.000142521
0.000144821
0.000147019
0.00014459
0.000151086
0.000100892
0.000100892
0.000149504
0.000189797
0.000175226
0.000182451
7.96984e-05
9.01043e-05
0.000102879
0.000107562
0.000117802
0.000114673
0.000139401
0.000139315
0.00015554
0.00015554
0.000128558
0.000155565
9.60922e-05
9.60922e-05
9.55366e-05
9.55366e-05
9.76802e-05
9.33285e-05
0.000136744
9.39897e-05
0.000123359
0.000123359
0.000122178
0.000111766
0.000104414
0.000104414
0.000171485
0.00012679
0.000111691
9.7093e-05
0.000137162
0.000127324
0.000141442
0.000141442
0.000124846
0.000124846
0.000123788
0.000122536
0.000181024
9.33151e-05
9.51074e-05
0.000105187
0.000159789
0.000121021
0.000151701
0.000151701
9.22044e-05
0.000107745
9.51954e-05
9.51954e-05
0.00011897
0.000108613
9.35332e-05
8.67644e-05
0.000141098
0.000139933
9.11646e-05
9.63851e-05
0.000135965
0.000135965
0.000116538
0.000138206
0.000108017
9.92506e-05
0.000144345
0.000144345
0.000151318
0.000114871
0.000164849
0.000130425
9.43063e-05
9.43063e-05
0.000104349
0.000105479
0.000150386
9.59261e-05
0.000109738
0.000124899
0.000118842
9.98345e-05
0.000115563
0.000115563
0.000142341
0.000142341
9.36195e-05
9.36195e-05
0.000137528
0.00012683
0.000131875
9.89835e-05
9.69144e-05
9.72646e-05
0.000131472
0.000195724
0.000161461
9.45143e-05
0.000121034
0.000121034
0.000149953
0.000141511
0.000132039
0.000125932
0.000145927
0.000142512
9.91888e-05
0.000144527
0.000100335
0.000100335
0.000114775
0.000114463
0.000125068
0.000125068
0.000120416
0.000105411
0.000102197
0.000102197
0.000100815
8.61809e-05
9.3932e-05
9.3932e-05
0.000110264
0.000115025
9.7426e-05
0.00012102
9.36105e-05
0.000154512
0.000142072
0.00010014
9.86161e-05
0.000126363
0.000115774
9.42405e-05
9.36364e-05
0.000135684
0.000146162
9.25287e-05
9.25287e-05
9.26637e-05
9.26637e-05
0.000106077
0.000128436
0.000100556
9.39346e-05
9.14081e-05
9.04402e-05
0.000110545
0.000104457
0.000122743
8.93562e-05
9.44139e-05
8.81891e-05
9.16043e-05
0.000112417
9.71406e-05
0.000108002
0.000108002
9.16772e-05
9.16772e-05
9.23663e-05
9.23663e-05
0.000150981
9.65001e-05
0.000153441
0.000114232
0.000115577
0.000115143
0.000136094
9.64616e-05
0.000130183
0.000130183
0.000169131
0.000149679
0.000179349
0.000130671
9.14523e-05
9.14523e-05
9.1535e-05
9.12363e-05
9.21554e-05
9.21554e-05
