0.000164464
0.00010527
0.000130769
0.000125088
0.000121102
0.000120815
0.000219703
0.000124138
0.000169299
0.000125712
0.000131929
0.000118761
0.0001569
0.000169777
0.000245645
0.000159734
0.000151159
0.000136088
0.000125608
0.000159414
0.000124345
0.000110752
0.000143613
0.000146703
0.000114865
0.000112498
0.000106946
0.000151337
9.59804e-05
0.000175757
0.000129425
0.000120344
0.000214252
9.90304e-05
0.000110283
0.000208245
0.000151208
9.59753e-05
0.000161475
0.000183013
0.000156548
0.000163568
0.000119444
0.000125103
0.000135848
0.000200366
0.000274805
0.000102288
0.000119882
0.00016122
0.000142659
0.00016451
0.000183183
0.000110838
0.000141774
0.000102774
0.000126416
0.0001625
0.000202298
9.65185e-05
0.000196603
0.000110752
0.000111107
0.000228904
0.000131802
0.000119674
0.000169148
0.00016406
0.000113108
0.00010093
0.000114259
0.00015143
0.000122485
0.000120567
0.000102758
0.000204682
0.000121785
0.000133753
9.58983e-05
0.000179833
0.000194456
0.000117456
0.000129729
0.000130553
0.000183512
0.000145587
0.000188159
0.000119294
0.000148363
0.000136793
0.000113593
0.000159911
0.000104573
0.000177169
0.000116287
0.000130977
0.000125717
0.000135974
0.000244091
0.00014155
9.30741e-05
0.000115892
0.000136274
0.000116639
0.000154669
9.75037e-05
0.000150517
0.000274805
0.000256028
0.00021663
9.24048e-05
0.00014731
0.000101705
0.000145178
0.000221305
0.000148612
0.000137632
0.000195913
0.00010679
0.000212711
0.000107825
9.238e-05
0.000119786
0.000131495
0.000239552
0.000105015
0.000156519
0.000115073
0.000247285
0.000204218
0.000141403
0.000187228
0.00010872
9.03307e-05
0.000189352
0.000196428
0.000170005
0.000162034
0.000109051
0.000115246
0.000121301
0.00019473
0.000114192
0.000208482
0.000248913
0.000174378
0.000141375
0.00015944
0.000160162
0.000151224
0.000203068
0.000168168
0.000109708
0.000152503
0.000106944
0.000110206
9.88899e-05
0.000147769
0.000166392
0.000202186
0.000141851
0.000225051
0.000171436
0.000134771
0.000235327
0.000257009
0.000105979
0.000108335
0.000176373
0.000172717
0.000173442
0.000172845
0.00017655
0.00018618
0.000165606
0.000108108
0.000171671
0.000211999
0.000130851
0.000163599
0.000109843
0.000196987
0.000120477
0.000122335
0.000109384
0.000189743
0.00013128
0.000121161
0.000113094
0.00013986
0.000100093
0.000117642
0.000270665
0.000217229
9.73234e-05
0.000118354
0.000108732
0.00022088
0.000124462
0.000147594
9.87292e-05
0.000103135
0.000116793
0.000258803
0.000198565
0.00010712
0.000141034
0.000109866
0.000208704
0.000186653
0.000160818
0.000213849
0.000128637
0.000194907
0.000118847
0.0001718
0.000130087
0.000112523
0.000157185
0.000151756
0.000209402
0.000167733
0.00014842
0.000147168
0.000120364
0.000189743
0.00019473
0.000200645
0.000134843
0.000110548
0.000104673
0.000174432
0.000147946
0.000138955
0.000115236
0.000146338
0.000127327
0.000151741
0.000134743
0.000117984
0.000267839
0.000160326
0.000114023
0.000127114
0.000145434
0.00014257
9.47717e-05
0.000128306
0.000117883
0.000144319
0.00012787
0.000117883
0.000134952
0.000149356
0.000155674
0.00024246
0.000127784
0.000168967
9.28869e-05
0.000214032
9.36712e-05
0.000118761
0.000102913
0.000214083
0.000166693
0.000101263
0.000151919
0.000240652
0.000225293
0.000159725
0.000193107
0.000109601
0.000142468
9.13922e-05
0.000191431
0.000183183
0.000106606
0.000223151
0.000110005
0.000151969
0.000134183
0.00013399
0.000112097
0.000206367
0.000123982
0.000187242
0.000167055
0.000142584
0.000154898
0.000141916
0.000137227
0.000164022
9.57102e-05
0.000152067
0.00012764
0.000117967
0.000166809
0.000147055
0.000148422
0.000209402
0.000191385
0.000148812
0.000159981
0.000183749
0.000141063
0.000162669
0.000156781
0.000102457
0.000160871
0.000205302
0.000138785
0.000140876
0.000196987
0.00020261
0.000226602
0.000141774
0.000208885
0.000124745
0.000288598
0.000129442
0.000184118
0.000116771
0.000146465
0.000160739
0.000102149
0.000122834
0.00011342
0.000138741
0.00017196
0.000130086
0.000181992
0.0001444
0.000185982
0.000184089
0.000109683
0.000131435
0.000141063
0.000142004
0.000161695
0.000111525
0.000103332
0.000125443
0.000165866
0.000120901
0.000226857
0.000139915
0.000115123
0.000102698
0.000124331
0.000282958
0.000168158
0.000107963
0.000199503
0.000191577
0.000160743
0.000183402
0.000101544
0.000130914
0.0001115
0.000163246
9.73785e-05
0.000188408
9.16312e-05
0.000108115
0.000156548
0.000164459
0.000126365
0.000107012
0.0001022
0.000207192
0.000246023
9.77472e-05
0.000130982
0.000101706
0.000125183
0.000179739
0.000193631
0.000139884
0.000153536
0.000223542
0.000228776
0.000200881
0.000217779
0.000213961
9.80393e-05
0.000217826
0.000147444
0.00021299
0.000108153
0.000120621
0.000137145
0.000183743
0.000217834
0.000208094
8.77211e-05
0.000189044
0.000122519
0.000108149
0.000117781
0.000207432
0.000198033
9.90978e-05
0.000158703
0.0001363
0.000183561
0.000155499
0.000188024
0.000178056
0.000104185
0.000138212
0.00016512
0.000155153
0.000204105
9.41256e-05
0.000129897
0.000227319
0.000194081
0.000162204
9.3922e-05
0.000116274
0.000243452
0.000193465
9.80672e-05
0.000192623
0.000128704
0.000217985
0.000143185
0.00018534
0.000124562
0.000246409
9.03307e-05
9.5696e-05
0.000133697
0.00012978
0.000151065
0.000123634
0.000108147
0.000122335
0.000143871
0.000160077
0.000198521
0.000198287
0.000112328
0.000195385
0.000148395
0.000184213
0.000179833
0.000123749
9.64733e-05
0.000131985
0.000166164
0.000173846
0.000189485
0.000184786
0.000106356
0.000116015
0.000117461
9.16502e-05
0.00023629
0.000120965
0.000196989
0.000122669
0.000123358
0.000152221
0.00014597
0.000133238
0.000120027
8.68059e-05
0.000103794
0.000185164
0.000138424
0.000192927
0.000183122
0.000100932
9.9392e-05
0.000130806
0.000238331
0.000171604
0.000158315
0.000180047
0.00020092
0.000144186
0.000244507
0.000139897
0.000192971
0.000276157
0.000240902
9.86236e-05
0.000117847
0.000154089
0.000213079
0.000160161
0.000144226
0.000145086
0.000112718
0.000162128
0.000260633
0.000121988
0.000115588
0.000144618
0.000215918
0.000145766
0.000153654
0.000149189
0.000154386
0.000159461
0.000234558
0.000162051
0.0001649
0.000134183
0.000106859
0.000133897
0.00016945
0.000204077
0.000147505
0.000143504
0.000104911
0.000137196
0.000132578
0.000239726
0.000106134
0.000130405
0.000175019
0.000141428
0.000132608
0.000157774
9.17724e-05
0.000190743
0.000129138
0.000107344
0.000135282
0.000147382
0.000154141
0.000159883
0.0001566
0.000100143
0.000133547
0.000176258
0.000133214
0.000110315
0.000109002
0.000132713
0.000134301
0.000141359
8.60419e-05
0.000188026
0.000147442
8.88368e-05
0.000163865
0.000144471
0.000202292
0.000201816
0.000163601
0.000171193
0.000244507
0.00021591
0.000146237
0.000143937
0.000238331
0.000140584
0.000191004
0.000141453
0.000137151
0.000106948
0.000125443
8.70671e-05
0.000124643
0.000124005
0.000120773
0.000153527
0.000152495
0.000143568
0.000126015
0.000126015
0.000129003
0.000146953
0.000208641
0.000177675
0.000121595
0.000101705
9.39576e-05
9.84948e-05
9.97324e-05
0.000132722
0.000180833
0.000168716
0.000140085
0.000166945
0.000163601
0.000114923
0.000255675
0.000134746
9.78714e-05
0.000100978
0.000125992
0.000103197
0.000210033
0.000104745
0.000170618
0.000121408
0.000122473
0.000173237
0.00011605
0.000159461
0.000105943
0.000148838
0.000141916
0.000145179
0.000134204
0.000164267
0.000135275
0.000125413
0.000102469
0.000119068
0.000104116
0.000155081
0.000219792
0.000176519
0.00023758
9.19266e-05
0.000123982
0.000142286
0.000182464
0.000126797
0.00018931
0.000162704
0.000145887
0.000136503
0.000131495
0.000116875
0.000119508
0.000122245
0.000119802
0.000148061
0.000118636
9.13922e-05
9.05531e-05
0.000122751
0.000157778
0.000110624
0.00013281
0.000197989
9.17724e-05
0.000106801
0.000139982
0.000135318
0.000140786
0.000144098
0.000193188
0.000179644
0.000172045
0.000134811
9.53452e-05
0.000135836
0.000118563
0.000117378
0.000209564
0.000123251
0.000147346
0.000151726
0.000129023
0.000141769
0.00022491
0.000130087
0.000185363
0.000178241
0.000184515
0.000107439
0.000163383
0.000152849
0.000112652
0.000110194
0.000139141
0.000122636
0.000152811
0.000159803
0.00014938
0.000136769
0.000127221
0.000138757
0.000115937
0.000134
0.000126548
0.0001223
0.000220102
0.000173097
0.000168857
0.000194969
0.000156514
0.000138119
0.000208094
0.000163749
0.000157409
0.000123675
0.000139475
0.000124219
0.000109415
0.000174964
0.000125269
0.000118938
0.000114288
0.000264668
0.000139154
0.000171009
0.000213274
0.000129163
0.000123273
0.000108929
0.000175188
0.000120952
0.000151292
0.000110401
0.000176338
0.000124453
0.000150552
0.000111987
0.00012533
0.000188473
0.000203716
0.000107169
0.000195385
0.00010693
0.000111033
0.000121719
0.000184316
0.00020059
0.000132725
0.000209955
0.000147309
0.000117934
0.00022387
0.000143404
0.000112845
0.000121857
0.000253148
0.000118514
0.000246409
0.000112517
0.000167659
0.000113902
0.000108587
0.000155262
0.000121402
0.000140961
0.000117251
0.000196582
8.77764e-05
0.000139682
0.000136228
0.000122578
0.000218689
0.00012329
9.65185e-05
0.00016098
0.000109569
0.000127341
0.000122048
0.000187555
0.000162518
0.000108262
0.000116345
0.000197923
0.000171318
0.000187388
0.000221895
0.000111484
9.75134e-05
0.000198565
0.000124331
0.000130314
0.00020615
9.5152e-05
9.42458e-05
0.000145876
0.000203372
0.000193374
0.000116685
0.000124781
0.000113917
0.000159539
0.000166938
0.000233433
0.000127587
0.0001079
0.000104307
0.000209976
0.000177707
0.000103837
0.000153547
9.16312e-05
9.91964e-05
0.000208254
0.000132998
0.000112097
0.000167708
0.000115025
0.000188788
0.000114034
0.000211258
0.000159621
0.000208673
0.000184576
0.000113507
0.000133432
0.000100227
0.000102316
0.000104638
0.000204489
0.000113611
0.000160459
0.000197598
9.925e-05
0.000103902
9.57264e-05
0.000146383
0.000154636
0.000174881
0.000121918
0.00013082
0.000125233
0.000187597
0.000172941
0.000126675
0.000113453
9.88226e-05
9.7799e-05
0.000117314
9.79532e-05
0.000168543
0.000126346
9.88552e-05
0.00017655
9.64103e-05
0.000227421
0.000114315
9.65029e-05
0.000170607
9.7666e-05
0.000187386
0.000123883
0.000169717
0.000102633
0.000143917
0.000201955
0.000133548
0.000105925
9.60609e-05
0.000100988
0.000103244
0.000104913
0.000112832
9.48663e-05
0.000165626
0.00012361
0.000136493
9.01593e-05
9.39657e-05
0.000120166
0.000117038
0.00010763
0.000201378
0.000186361
0.000120239
0.000162812
0.000109585
0.000187091
0.00024246
8.57314e-05
0.000147993
0.000134555
0.000123303
0.00012221
0.000106922
9.7123e-05
0.000121746
0.000118723
0.000138306
0.000149525
0.000112641
0.000164725
0.000113247
0.000123639
0.000156853
0.000105147
0.000224654
0.000127466
0.000105149
8.54783e-05
0.000121595
0.000150729
0.000122965
0.000154874
0.000107325
0.000136218
0.000126742
0.000139347
0.000145151
0.000151747
0.000209352
0.000148316
0.00010943
0.000131912
0.000145184
0.000149575
0.000180593
0.000129344
9.69843e-05
0.000208763
0.000138596
0.000146573
0.000223142
0.000177487
0.000157661
0.0001926
0.000207913
0.000165637
0.000208831
0.000186572
9.55696e-05
9.22154e-05
0.000152395
9.43186e-05
0.000182693
9.22154e-05
0.000105574
0.000118621
0.000106625
9.39035e-05
0.000247985
0.000198079
0.000137522
0.000107423
0.000111525
0.000181472
0.000141585
0.000168168
0.000111271
0.000107175
0.000240639
0.000157287
0.000123094
0.000136218
0.000114965
9.94655e-05
0.000212499
0.000129458
0.000130982
0.000148207
0.000111296
0.000201409
0.00015479
0.000225717
0.000192304
0.000232912
0.000125814
0.000128572
0.000182155
0.000184089
0.000162813
0.000128703
0.000141671
0.000175842
0.000252051
0.00023556
0.000138318
0.000244487
0.000120424
0.0001444
0.000233562
0.000206434
0.000188926
0.000134892
0.000173649
0.000200831
0.000144027
0.000229573
0.00010599
0.000120466
0.000139644
0.000194893
9.21037e-05
0.000125511
0.00018688
0.000174588
0.000156052
0.000124295
0.000138177
0.000160185
0.00019242
0.000150495
0.000115759
0.000252225
0.000270782
0.00017528
0.000148452
0.000161813
0.000208581
0.000132094
8.61008e-05
0.000184142
0.00014257
0.000122235
0.000126118
0.00014903
0.000134827
0.000181447
0.000165296
0.000192114
0.000146829
0.000102035
0.00016571
0.000159608
0.000164124
0.000161695
0.000159758
9.40403e-05
0.000104687
0.00012798
0.000104234
0.000133309
0.000134706
0.000186729
0.000252481
0.000124312
0.000125269
0.000185164
0.000102245
0.000130148
0.000162576
0.000148221
0.000131053
0.000252228
0.00012405
0.000197955
0.000146876
0.000146903
0.000124156
0.000136538
0.000169537
0.000118198
0.000131713
0.000189285
0.000135164
0.000131854
0.000111011
0.000128136
0.000139828
0.000183511
0.000120047
0.000211997
0.000142468
0.000170805
0.000190031
0.00013121
0.000158283
9.68037e-05
0.000183366
9.1454e-05
0.000167382
0.00013548
0.000164859
0.000182587
0.00015421
0.00011611
0.000221544
0.00017917
0.000119429
0.000107095
0.000204613
0.00024606
0.000116164
0.000243172
0.00021611
0.000187228
0.000180713
0.000109415
0.000158782
0.000199693
0.000122751
0.000130947
0.000253255
0.00013571
0.000128811
0.000154471
0.000116875
0.000255233
0.000248093
0.000123354
0.000221734
0.000120676
0.000181899
0.000186564
0.000193606
0.000175822
0.000124068
0.000207546
0.000170827
0.000121203
0.000147072
0.000110878
0.000111113
0.000214434
0.000156786
0.000172704
0.000145702
0.000135847
0.00021256
0.000167552
0.000105807
0.000128362
0.000120928
0.000133697
0.000139897
0.000120477
0.000139475
0.000151635
0.000213826
0.000217716
0.000130191
0.000170272
0.000130914
0.000128984
0.000108312
0.000179905
0.000150837
0.000172325
0.000170306
0.000125165
0.000122751
0.000147361
9.04041e-05
0.000190554
0.000137867
0.000172687
0.000157241
0.000230073
0.000229181
0.000100457
0.000245524
0.000121016
0.000248512
0.000122764
0.000119707
0.000203676
0.000135737
0.000194838
0.000128679
0.000199631
0.000139183
0.000171368
0.000235345
0.000158099
0.000258703
0.000137477
9.57392e-05
0.000130976
0.000123262
0.000153211
0.00017346
0.000189135
0.00012898
0.000215332
0.000102963
0.000143525
0.000177327
0.000115237
0.000122838
0.000153077
0.000128638
0.000124608
0.000232012
0.000240724
0.000136942
0.00021923
0.000178076
0.000140071
0.000264948
0.000264948
0.000192301
0.000141319
0.000148941
0.000115001
0.000200466
0.000193652
0.000204849
0.000106937
0.000169833
0.000155247
0.000129428
0.000134738
0.000150791
0.000112243
0.000169689
0.000151757
0.000118497
0.000150563
0.000150249
0.000203272
0.000184071
0.000130271
9.82677e-05
0.000168047
0.000165659
0.000145845
0.000123219
0.000131905
0.000117305
0.000106178
0.00011315
0.000127938
0.000137695
0.000133411
0.000152495
0.000197678
9.07385e-05
0.000122732
0.000162477
0.000154515
0.000113053
0.000183299
0.00016727
0.000110409
0.000117019
9.83707e-05
0.00020498
0.000105999
0.00012798
0.000209959
0.000118107
0.00014292
8.7242e-05
0.000106947
0.000265554
0.000258068
0.000148187
0.000139401
0.000213693
0.000249632
0.000165037
0.000112975
0.000144351
0.000145262
0.000102758
0.000103592
0.0001223
0.000147173
9.91967e-05
0.000203162
0.000247488
0.000265118
0.000129344
0.000157023
9.77973e-05
0.000116489
0.000125532
0.000135448
0.000138044
0.000183606
0.000163554
0.000101466
0.000167465
0.000157428
0.000162254
0.000131669
0.000164265
0.000128943
0.000174338
0.000123715
0.000129325
0.000120225
0.00010633
0.000144351
0.00012097
0.000134498
9.95545e-05
0.000160265
0.000193302
0.000109862
0.000169723
0.000102034
9.81322e-05
0.000164767
0.000102768
0.000229121
0.000217229
0.000124527
0.000151686
0.000115882
0.000136562
0.000136075
0.000165526
9.62035e-05
0.00012495
0.000124925
0.000112895
0.000191284
0.000102633
0.000102633
0.000113738
0.000115741
0.000138299
0.000137994
0.000178073
0.000136446
0.000257752
0.000245924
0.000139103
0.000115727
0.000131853
0.00014133
0.000161253
0.000114437
0.00012645
0.000156324
0.000229428
0.000126155
0.000108413
0.000131058
0.000140567
0.000172716
9.24195e-05
0.000104669
0.000122867
0.000109708
9.96215e-05
0.000126237
0.000140655
0.000120974
0.000154032
0.000193922
0.000164364
0.000143499
0.000109363
0.00011979
0.000125199
0.000145876
0.000127468
0.000137151
0.000133417
0.000145839
0.000131071
0.000133886
0.000117337
0.000115199
0.000154574
0.000169234
0.000164842
0.000125856
0.000121674
0.000168604
0.000183135
0.00013884
0.000106127
0.000139397
0.000127749
0.0001256
0.000174666
0.000166792
0.000122101
0.000122756
0.000122756
0.000120965
0.000119782
0.00013824
0.000176298
0.000138567
0.000135066
0.000221284
0.000187463
0.000115246
0.000128331
0.000115246
0.000115246
0.000152902
0.000114288
0.000174803
0.000131102
0.00016488
0.000161548
0.000101166
0.000198718
0.000154818
0.000147286
0.000149345
0.000117356
0.000100689
0.000115937
0.000205559
0.000191568
0.000187197
0.000160386
0.000118095
0.000111033
0.000111366
0.000136048
0.000196497
0.000161582
0.000234255
0.00010679
0.000140645
0.000148338
0.000176265
9.1872e-05
9.40781e-05
0.00010863
0.000145437
0.000183861
0.000100093
0.000233658
0.00016312
0.000106416
0.000131625
0.000154895
0.000170578
0.000105637
0.00010635
0.000131718
0.000134204
0.000103186
0.000112895
0.000108463
0.000227456
0.000140225
0.00010006
0.000138459
0.000114209
0.000246665
0.000186982
0.000187628
0.000133319
0.000183746
0.00017358
0.000178925
0.000181663
0.000187891
0.000168413
0.000193256
0.000207893
0.000149764
0.000112352
0.000165335
0.000181198
0.000134456
0.000150894
0.000136531
0.000182464
0.000136226
0.000167734
0.000138815
0.000138195
0.000128399
0.000137079
0.00010941
0.000141479
0.000100514
0.000140026
0.000137351
0.000110766
0.000133696
0.000162413
0.000121706
0.000154642
0.000230049
0.000230049
0.000101736
9.53151e-05
0.000161079
0.000161927
0.000173535
0.000105334
0.000236689
0.00013616
0.000163263
0.000144453
0.000201074
0.000185205
9.88355e-05
0.000101677
0.000147527
0.000134814
0.000117597
9.47419e-05
0.000140349
0.000122432
0.000234912
0.000234912
0.000236233
0.000215449
0.000155323
0.000187597
0.000121718
0.00013562
0.000113628
0.000105389
0.000123018
0.000139154
0.000137892
0.00010688
0.00013839
0.000181626
0.000110321
0.00010473
0.000219958
0.000196342
0.000125062
0.000118674
0.000214903
0.0002003
0.000104454
0.000114315
0.00010827
9.76818e-05
0.000165082
0.000158419
0.000106021
0.000116823
0.000181396
0.000180753
0.000194384
0.000188665
0.000150674
0.000115905
0.000111056
0.000132661
0.000215944
0.000190476
0.000104745
0.000177313
0.000157872
9.71869e-05
9.48663e-05
0.000112392
0.000138266
0.000210311
0.000159803
0.000120519
0.000143022
0.000149302
0.000121357
0.000100542
0.000240798
0.00021867
0.000179326
0.00012186
0.000110781
0.000122972
0.000151428
0.000104692
0.000103114
0.000221491
0.000221491
0.000138308
0.000158468
0.00012451
0.000105286
0.000145814
0.000134827
0.000206914
0.000172484
0.000206141
0.000216436
0.000134593
0.000219351
0.000134574
0.000106054
0.000103866
0.000114712
0.000107525
0.000112852
0.000155395
0.000166018
0.000200325
0.000108423
0.000105425
0.000190909
0.000211985
0.000164547
0.000209392
0.000193465
0.000142314
0.000138004
0.000175076
0.000217028
0.000145781
0.000118075
0.000156748
0.000123238
0.000152668
0.000158307
0.000241955
0.000219296
0.000196658
0.000196658
9.64402e-05
9.49106e-05
0.000165335
0.000163936
0.000201116
0.000200811
0.000125192
9.84103e-05
0.000166265
0.000133731
0.000124489
0.000118899
0.000106456
0.000175528
8.76995e-05
0.000132085
0.000166956
0.000119372
0.000119062
0.000135002
0.000236839
0.000236839
0.000203608
0.000203608
0.000163247
0.000154878
0.000171889
0.000128534
0.000139059
0.000132233
0.000119556
0.000118075
9.60609e-05
0.000168967
9.21037e-05
0.000183291
0.000104765
9.59451e-05
0.000109984
0.000101536
0.000103706
0.000103752
0.000219326
0.000233318
0.000103553
0.000105139
0.000150926
0.000147997
0.000189746
0.000172325
0.000207734
0.000202202
0.000223294
0.000161562
0.000144268
0.00014589
0.00018931
0.000105349
0.000108593
0.000168807
0.000109155
0.000190961
0.000190961
0.000151704
0.000144096
0.000160407
0.000143175
8.84743e-05
0.000208079
0.000160233
0.000116793
0.000104776
0.000224153
0.000125472
0.000122528
0.000139914
0.000127327
0.000112221
0.000166751
0.000135838
0.000107169
0.000107439
0.000192363
0.000215149
0.000187491
0.000187491
0.000180856
0.000181183
0.000185335
0.000185249
0.00014104
0.000225414
0.00010421
0.000196723
0.000107774
0.000147757
0.000133044
9.68644e-05
9.89206e-05
9.80268e-05
0.000213856
0.000213856
0.000125025
0.000155642
0.000202676
0.000211874
0.000103227
0.00013156
0.000108396
0.000148291
0.000110696
0.000110712
0.000141422
0.000209134
0.000102775
0.000109233
0.000154943
0.000112259
0.000158473
0.000121039
0.000188513
0.000201795
0.00018052
0.000180041
0.000186535
0.000186535
0.000184258
0.000186092
0.000159451
0.000142617
0.000200339
0.000193966
0.000191602
0.000187771
0.000101341
0.000194731
0.000213397
0.000226459
0.000180976
0.000104117
0.000193256
0.000124511
0.000116343
0.000229445
0.000103875
9.84145e-05
0.000152935
0.000136501
0.000120357
0.000171671
0.000111143
0.000109904
0.000211392
0.000220805
0.000191461
0.000191461
0.000118578
0.00011882
0.000129753
0.00020569
0.000181688
0.000213517
0.000178167
0.000178167
0.000177436
0.000177436
0.000201136
0.000201136
0.000102389
0.000127341
0.000219813
0.000214022
0.000227318
0.000167499
0.000121713
0.000172129
0.000223429
0.000223429
0.000135376
0.000127471
0.000133697
0.000113885
0.000100457
0.000175296
0.000204864
0.000204864
0.000169651
0.00018237
0.000121519
0.000101054
0.000177454
0.000145086
0.000162914
0.000146377
0.000112605
0.000151428
9.40403e-05
0.000175032
0.000174326
9.39359e-05
0.00019489
0.000182152
0.000203043
0.000203043
0.000137932
0.000145188
0.000215727
0.000215727
0.000223556
0.000203531
0.000203531
0.000185803
0.000176149
0.000126438
0.000120954
0.000140512
9.71275e-05
0.000123466
0.000108691
0.000145186
0.000139598
0.000125763
0.000152147
0.000100947
0.00010025
0.000122866
0.000215235
0.000106947
9.5751e-05
0.000140055
9.81022e-05
9.63077e-05
0.000171474
0.000171474
0.000125088
0.000200356
0.000153184
0.000169905
0.000156226
0.000119602
9.89007e-05
0.000187189
0.000187189
0.00018756
0.00018756
0.000101903
0.000104447
0.000128362
0.000134754
0.000100892
0.000111551
0.000168285
0.000146939
0.000111142
9.5176e-05
0.000154251
0.000174833
0.000142224
0.000162345
0.000208417
0.000208417
0.000135476
0.000109699
0.00016925
0.00016925
0.000148738
0.000156263
0.00010623
0.000110729
0.000123322
0.000162204
0.000183171
0.000183171
0.000185139
0.000185139
0.000141513
0.000147594
0.000163551
0.000134538
0.000146162
0.000112512
0.000152536
0.000128502
0.000154701
0.000107918
0.000264874
0.000194852
0.000119049
0.000160162
0.000115933
0.000116346
0.00021023
0.00021023
0.000182292
0.000182292
0.000147828
0.000207434
0.000166442
0.000204056
0.000173448
0.000173448
0.000145179
0.00016705
0.000178341
0.000187098
0.000206644
0.0001511
0.000137867
0.000167556
0.000110594
0.000188495
0.000117771
0.000140256
0.000120837
9.44838e-05
0.000114564
0.000157706
0.000189066
0.000189066
9.96958e-05
0.000105179
0.00019036
0.000164615
0.000202557
0.000162624
0.000163328
0.000163551
0.000124672
0.000118826
0.000171503
0.00017568
0.000208608
0.000200388
0.000193374
0.000193374
0.00018872
0.00018872
0.000173926
0.000183513
0.000129849
0.000120914
0.00019689
0.000100854
0.000170084
0.000194333
0.000116576
9.50583e-05
0.000218184
0.000109917
0.000164664
0.000138105
0.000199628
0.000199628
0.000145857
0.000180648
0.000268515
0.000163142
0.000134429
0.000127633
0.000131129
9.48659e-05
0.00017772
0.000208369
0.0001348
0.0001015
0.000176937
0.000176937
0.000146226
0.000116309
0.000130192
0.000170809
9.25037e-05
0.000134699
0.000216282
0.000120801
0.000131751
0.000136641
0.000120621
0.000153426
0.000202363
0.000202363
0.00013304
0.000177523
0.000168298
0.000168298
0.000109667
0.000105897
0.000134473
0.00013291
0.000143695
0.000138329
0.0001153
0.000100965
0.000129412
0.000127486
0.000171618
0.000171618
0.000113125
0.000125621
0.000159937
0.000157897
0.00011079
0.000118678
0.000222063
0.000206732
0.000173146
0.000173146
0.00013341
0.000124616
0.000157856
0.000107296
0.000166729
0.000177313
0.00013547
0.000109821
0.000157588
0.000173576
0.000153649
0.000138818
0.000184538
0.000156607
0.00023759
0.000181106
0.000169169
0.000154432
0.00015838
0.000168069
0.000145697
0.000131171
0.000171434
0.000158852
0.00018063
0.000162397
0.000166616
0.000158229
0.000117461
0.000180591
0.000143404
0.000140705
0.000178562
0.000193012
0.000120815
0.000155801
0.000115902
0.000116759
0.000174436
0.00024993
0.000142252
0.00010725
9.95702e-05
0.000178026
0.000178026
0.000143273
0.000166096
9.11367e-05
0.000154589
0.00018529
0.00018529
0.000110169
9.32815e-05
9.69624e-05
9.08555e-05
9.60177e-05
0.000121997
0.00010731
0.000156137
0.000190518
9.22217e-05
0.000158607
0.000158607
0.000154948
0.000154948
0.000148195
0.000154687
0.000153495
0.000153495
0.00010522
9.57417e-05
0.00011383
9.71919e-05
0.000120069
0.000119982
0.000121713
0.000121713
0.000153053
0.000153053
0.000154963
0.000102517
0.000161543
0.000199501
9.18418e-05
0.00016352
0.00010006
0.00011776
0.000171472
0.000154047
0.000157407
0.000157407
8.84984e-05
0.000101657
9.6341e-05
0.000174941
0.000163295
0.000137292
0.000123498
0.000145972
0.000154597
0.000176703
0.000132529
0.000151561
0.000147309
0.000103931
0.000142857
0.000126953
0.000172463
0.000142074
0.000119532
0.000137649
0.000190521
0.000129878
0.000148249
0.000148249
0.000200124
0.000200124
0.000107294
0.000222804
0.000135117
0.000150928
0.000145846
0.000139303
0.000113229
0.000123219
0.000142285
0.000107442
0.000147656
0.000147656
0.000116254
0.000110132
0.000189516
0.000189516
0.000153016
0.000153661
0.000107377
0.000108565
0.000203293
0.000147923
0.000147923
0.000113006
0.000117596
9.64656e-05
0.000112819
8.92754e-05
0.000176869
0.000147006
0.000147006
0.000130762
0.000135752
8.88492e-05
0.000103592
0.000187346
0.000178534
9.6145e-05
0.000109946
0.000140961
0.000165749
0.000189893
0.000174297
0.000156905
0.000198684
0.000204521
0.000198421
0.000160052
0.000152208
0.000122867
0.000145026
0.000141147
0.000141147
0.000147073
0.000164874
0.000149896
0.000149896
0.000145564
0.000144076
0.000140799
9.82593e-05
0.00014177
0.000122611
0.000164948
0.000167651
0.000111181
0.000105725
0.000177174
0.000181191
0.000145241
0.000145241
0.000148715
0.000154261
0.000114874
0.0001001
0.00014801
0.000117857
0.000182613
0.000191438
0.000174753
0.000179656
0.000148172
0.000159976
0.000105134
0.000148524
0.000141727
0.000139883
0.000103133
0.000106306
0.000145011
0.000192235
0.000104208
0.000100947
0.000218236
0.000141388
0.000115963
0.000140424
0.000139801
0.000139908
0.000162574
0.000162574
0.000183575
0.000103401
0.000203573
0.000185593
0.000147315
0.000145927
0.000183435
0.000183435
0.000157825
0.000157691
0.000158653
0.000110974
0.000148531
0.000148531
0.000190578
0.000190578
9.53178e-05
0.000120516
0.000152277
0.000197482
0.000145827
0.000145827
0.000146292
0.000138785
0.000147924
0.000138754
0.000145829
0.000145829
0.000184296
0.000184296
0.000263964
0.000156752
0.000102034
0.000228176
0.000148248
0.000126831
9.18309e-05
0.000194931
0.000162104
0.000163299
0.000268377
0.000152506
0.000142007
0.000114317
0.000138317
0.000135819
0.00019081
0.00010313
0.000128309
0.000111434
0.000136251
0.000118075
0.000117013
0.000184619
0.000184619
0.000125759
0.000130003
0.000174732
0.000193719
0.000110649
0.000146744
0.000200248
0.00010346
0.000136262
0.000189911
0.000147482
0.000117753
9.3733e-05
0.000156845
0.00014275
0.000162978
0.000162978
0.000161974
0.000108784
0.000154573
0.00013785
0.000137364
0.000123971
0.000123786
0.00014218
0.000140565
0.000153212
0.000154476
0.000162824
0.000132503
0.000147169
0.000147169
0.000135374
0.00017912
0.000160635
0.000166483
0.00019696
0.00019696
0.000141572
0.000141572
0.000171469
0.000107919
0.000148962
0.00016644
0.00017289
0.000155454
0.000147568
0.000159692
0.000169884
0.000144392
0.000131798
0.000193111
0.000193111
0.000130706
0.000130706
0.000118169
0.000140624
0.000153628
0.000135063
8.66204e-05
9.57182e-05
0.000101947
0.000103222
0.000205767
0.000202713
0.000143275
0.000126278
0.000108767
0.000150853
0.000150451
0.000130523
0.000130523
0.000112258
0.000105199
0.000124106
0.000102775
0.000140094
0.0001203
0.000175546
0.000143677
0.000127492
0.00013439
0.00011611
0.00015694
0.000171039
0.000171039
0.000137652
0.000133597
0.000153814
0.000153814
0.000112454
0.000106854
0.000148243
0.00013281
0.000159259
0.000159259
0.000137755
0.000137755
0.000151154
0.00013636
0.000140971
0.000140971
0.000132345
0.000132345
0.000156787
0.000156787
0.00014596
0.000121954
0.00013115
0.00013115
0.000120901
0.000131638
0.000165578
0.000155259
0.000175954
0.000166112
0.00015843
0.00015843
0.000171477
0.000156121
0.000193574
0.000193887
0.00014331
0.000147488
0.000143321
0.000143321
0.000126154
0.00015193
0.000171895
0.000171895
0.000142025
0.000130387
0.000132187
0.000131527
0.000131435
0.000121852
0.000104486
8.97856e-05
0.000158729
9.66136e-05
0.000139298
0.000121146
0.000123538
0.000182082
0.000164539
0.000153257
0.000130469
0.000130445
0.000203083
0.000182001
0.000177623
0.000190895
0.000129727
0.000122866
0.000194007
9.34548e-05
0.000133134
0.000140032
0.000207323
0.000136229
0.000136229
0.000216094
0.000150075
0.000144528
0.000155626
0.000161423
0.000161423
0.000145038
0.000139309
0.000137785
0.000137785
0.000186643
0.000186883
0.000137606
0.00015781
0.000217272
0.000149323
0.000186676
0.000163617
0.000131108
0.000128437
0.000182512
0.000182512
0.000125572
0.000125058
0.000140623
0.000140623
0.000125589
0.000125589
0.000174033
0.000127154
0.000196933
0.000195462
0.000139577
0.000138334
0.000174533
0.000173488
0.000116081
0.000106666
0.000139988
0.000116879
0.000141439
0.000159659
0.000200767
0.000127463
0.000127294
0.000127069
0.000130286
0.000181237
0.000157355
0.000142252
0.000157041
0.000157041
0.000135114
0.000126455
0.000164123
0.000164123
0.000158679
0.00015852
0.000115437
0.000130262
0.00015085
0.000152163
0.000103787
0.000135321
0.000153634
0.000161937
0.000206732
0.000138818
0.00012733
0.000138855
0.000226491
0.000161943
0.000211013
0.000145972
0.000126296
0.000126296
0.000126296
0.000126296
0.00012966
0.000135453
0.000110944
9.67266e-05
0.000157713
0.00013678
0.000182793
0.000188091
0.000121844
0.000109984
0.000168368
0.000170621
0.000124383
0.000140019
0.000172672
0.000123014
0.000123014
8.58537e-05
9.78205e-05
0.000163752
0.000163752
0.000151792
0.000141391
0.00012642
0.000163896
0.000170267
0.000170267
0.000161186
0.000161186
0.000138245
0.000119726
0.000147466
0.000147466
0.000122663
0.000122883
0.00012376
0.00012376
0.000159449
0.000126587
0.000168329
0.000168329
0.000136746
0.000132512
0.000205556
0.000155147
0.000106038
9.85731e-05
0.000152609
0.000173772
0.000139867
0.000182839
0.000206531
0.000206531
0.000134582
0.000168847
0.000184745
0.000155277
0.000138046
0.00016953
0.000193454
0.000169639
0.000183155
0.000111509
0.000143588
0.000122317
0.000158783
0.000158783
0.000151703
0.000151703
0.000130877
0.000125799
0.000122096
0.000122071
0.000120402
0.00012253
0.000122197
0.000122197
0.00013325
0.000161824
0.000128208
0.000128208
0.000123274
0.000123261
0.000126641
0.000105143
0.000125773
0.000125773
0.000137745
0.000137745
0.000101987
0.000118563
0.000122459
0.000122459
0.000123199
0.000123199
0.000134986
0.000135651
0.000207914
0.000165746
0.000128782
0.000128782
0.000135318
0.000122245
0.000128782
0.000128782
0.000132829
0.000133076
0.000194004
0.000136274
0.000136274
0.000136274
0.000147161
0.000108137
0.000181723
0.000158771
0.000149785
0.000142252
0.000200531
0.000145188
0.000125898
0.000125898
0.000206885
0.000146377
9.17724e-05
9.17724e-05
0.000217635
0.000143275
0.000133066
0.000133066
0.000124793
0.000122317
0.000125186
0.00012253
0.000158662
0.000134771
0.000111422
0.000111422
0.000141866
0.000111872
0.000148613
0.000139704
0.000134505
0.000134505
0.000103903
0.0001152
0.000186191
0.000186191
0.000146229
0.000142765
0.000104911
9.39382e-05
0.000115237
0.000139103
0.000155305
0.000155305
0.000107734
9.62287e-05
0.000227008
0.000142359
0.000122711
0.000110239
0.000172438
0.000133448
0.00012058
0.000123087
0.000124152
9.90801e-05
0.000156708
0.000120398
0.000129584
0.000153308
0.000188538
0.000193453
0.000155019
0.000192687
0.000192687
0.000117544
0.000116781
0.000118511
0.000118511
0.000105447
0.000164143
0.000101989
0.000117407
0.000184878
0.000189345
0.000147675
0.00011988
0.000131721
0.000131721
0.000108784
0.000115359
0.000125495
0.000107229
0.000128412
0.000134912
0.000164689
0.000121259
0.000194138
0.00015166
0.000127383
0.000107644
0.000174037
0.000160019
0.000119091
0.000119091
0.000120024
0.000120024
0.000140206
0.000102838
0.000124126
0.000118356
0.000178169
0.000159981
0.000164161
0.000164161
0.000119193
0.000119193
8.63555e-05
0.000155635
0.000133014
0.000176405
0.000119035
0.000187941
0.000123434
9.96898e-05
0.000110555
8.69661e-05
0.000186423
0.000185226
0.000193509
0.000140318
0.000141386
0.000141386
0.000138284
0.000129072
0.000150908
0.000152711
0.000177991
0.000177991
0.000142807
0.000153055
0.000168002
0.000165042
0.000188752
0.000188752
0.000133861
0.000127758
0.000157572
0.000131377
0.000136256
0.000122931
0.000144102
0.000127643
0.000171866
0.000171866
0.000143303
0.000124548
0.000217048
9.9208e-05
0.000144855
0.000144855
0.000113463
0.000192828
0.000141833
0.000118945
0.000188457
0.000142446
0.000117366
0.000117366
0.000150189
0.000150189
0.000127891
0.000110999
0.000135687
0.000108469
0.000145971
0.000114401
0.000146403
0.000143645
0.00013754
0.000119262
0.000107358
0.000135744
0.000120121
0.000120121
0.000141191
0.000150023
0.00013491
0.00013491
0.000137421
0.000161408
0.000133601
0.000133601
0.000150532
0.000150532
0.000147822
0.000118599
0.000106089
0.00012961
0.000138206
0.000113818
0.000132243
0.000164111
0.000163657
0.000163657
0.000174023
0.000147927
0.000159488
0.000138369
0.000137076
0.000137076
0.000156611
9.27544e-05
0.000154852
0.000154852
0.000115983
0.000110511
0.000128999
0.000128999
0.000119341
0.000119341
0.000176448
0.000172912
0.000129512
0.000129512
0.00012108
0.000121009
0.000177799
0.000139027
0.000114264
0.00012034
0.00014454
0.000113039
0.000108355
0.000104301
0.000108086
0.000111442
0.000142116
0.000142116
0.000138785
0.000158699
0.000139622
0.0001147
0.000163213
0.000163213
0.000158405
0.000179085
0.00011589
0.000110662
0.000149238
0.00013994
0.00011647
0.000113174
0.000154701
0.000161304
0.000255356
0.000143502
0.000130914
0.000130914
0.000137068
0.000127869
0.000143603
0.000131734
0.000153645
0.000125372
0.000119062
0.000124497
0.000133429
0.000116704
0.000107384
0.000107384
0.000108084
0.000108084
0.0001337
0.0001337
0.00014268
0.000143344
0.000157615
0.000101969
0.000170367
0.000171296
0.000105678
0.000105678
0.000113225
0.000113225
0.000142534
0.000110134
0.000121594
0.000112176
0.000157418
0.000117019
0.000158447
0.000151881
0.000137786
0.000137786
0.000111622
0.000108762
0.000118639
0.000118639
0.000135596
0.000109629
0.000103583
0.000102646
0.000117843
0.0001088
0.000129527
0.000153516
0.000128226
0.000114883
0.000113909
0.000113909
0.00026179
0.000107205
0.000131203
0.000130703
0.000118517
0.000109227
0.000107689
0.000141459
0.00011325
0.000116111
0.000139231
0.000184992
0.000167345
0.000120784
0.00011605
0.000118839
0.000107095
0.000162546
0.000162546
0.000104195
0.000104195
0.000120114
0.000120114
0.000114492
0.000114492
0.00012937
0.000123203
0.000115189
0.000115189
0.000107923
0.000134916
0.000124065
0.000168698
0.000107864
0.000136557
0.000116516
0.000116516
0.00011002
0.00011002
0.000108995
0.000108995
0.000132613
0.000185738
0.000125814
0.00013702
0.000113315
0.000113315
0.000121103
0.00011884
0.000123094
0.000156943
0.000129469
0.000129469
0.000154427
0.000124221
0.000131485
0.000131485
0.000103908
0.000112888
0.000115309
9.93872e-05
0.000125212
0.000126164
0.000129108
0.000125022
0.000159101
0.000122037
0.000108177
0.000107536
0.000114203
9.8773e-05
0.000209541
0.000139582
0.000123342
0.000123342
0.000135782
0.000171438
0.000144896
0.000117377
0.000130037
0.000130037
0.000159565
0.000106625
0.000123853
0.000106854
0.000178326
0.000128615
0.000125598
0.000121848
0.000109112
0.000109112
0.000149826
0.000149826
0.000124593
0.000123708
0.000164777
0.000122146
0.000116016
0.000122752
0.000106806
0.000140645
0.000140645
0.000147218
0.000147218
9.71331e-05
0.000106059
0.000103925
0.000107366
0.000109937
0.000109937
0.00012435
0.000115508
0.000113232
0.000111268
0.000151466
0.000117646
0.000174554
0.000174554
0.000136372
0.000108322
0.000133717
0.000108448
0.000111585
0.000137323
9.97818e-05
8.53238e-05
0.000144898
0.000146237
0.000105973
0.000105973
0.000116992
0.000105721
0.00010599
0.000197433
0.000111969
0.00010657
0.000122276
0.000128692
0.000129801
0.000131095
0.000242256
0.000145358
0.000141433
0.000141433
0.0001263
0.000113617
0.000180165
0.000165655
0.000115494
0.000109514
0.000122746
0.000122746
0.00013815
0.00013815
0.000108907
0.000109421
0.000149933
0.000175553
0.000115046
0.000110124
0.000104739
0.000104739
0.000114039
0.000114039
0.0001401
0.000100576
0.000139737
0.000140835
0.000150448
0.000150448
0.000126142
0.000119673
0.000100105
8.91212e-05
0.000103409
0.000102457
0.000128565
0.000128565
0.000123979
0.000122737
0.000101671
9.7123e-05
0.000144631
0.000128294
0.000109353
0.000143843
0.000103553
0.000106592
0.000105118
0.000105118
0.000111362
0.000111362
0.000108486
0.000108486
0.000105737
0.000132705
0.000159282
0.000159282
0.000171528
0.000170013
0.00012036
0.00012036
0.000145574
0.000147556
0.000116245
0.000116245
0.00014114
0.000104663
0.000117813
0.000117813
0.000153623
0.000100512
8.58861e-05
0.000119655
9.90657e-05
0.000110194
0.000138094
9.88687e-05
0.000108049
0.000172129
0.000121713
0.000123285
0.000107601
0.000131026
0.000119521
0.000119978
0.000111019
0.000103254
0.000103254
0.000158439
0.000158439
0.000114533
0.000114533
0.000123449
0.000123449
0.00012097
0.000104491
0.000108063
9.85335e-05
0.000103825
0.000103825
0.000193091
0.000193091
0.000148047
0.000135145
9.87423e-05
9.87423e-05
0.000105662
0.000100938
0.000117923
0.0001689
0.000102181
0.000113738
0.000149474
0.000146393
0.000110968
0.000103561
0.000103335
0.000105819
0.000134306
0.000141684
0.000135488
0.000105036
0.000126465
0.000146926
0.000110738
0.000108233
0.000127611
0.000127611
0.000110774
0.000110774
0.000128337
0.00012329
0.000107033
0.000107033
0.000102102
0.000101211
0.000122373
0.000110283
0.000144403
9.24261e-05
0.000101327
9.66872e-05
0.000112905
0.000130731
9.81177e-05
9.77522e-05
0.000112603
0.000112603
0.000117642
9.44295e-05
0.000101558
0.000101558
0.000150397
0.000106836
0.000146386
0.000111839
0.000134703
0.00014474
0.000100628
0.000162252
0.000156152
0.000156152
0.000147466
0.000111431
0.000183595
0.000140257
0.000108553
9.95273e-05
0.000119723
0.000119723
0.000121333
0.000123262
0.000136187
0.000114799
0.000104976
0.000104976
0.000127466
0.000129608
0.000104872
0.000104872
0.000141001
0.000152393
0.000100022
8.83971e-05
0.000155173
0.000106661
9.98125e-05
0.000104373
0.000128224
0.000128224
0.000121607
0.000116038
0.000122223
0.000150372
0.000104114
0.000104114
0.000105266
0.000105266
0.000122227
0.000122227
0.000101866
0.000101866
0.000105943
0.000105943
9.65399e-05
0.00010125
0.00014881
0.00014881
0.00013555
0.000101062
0.000137937
0.000100902
9.92266e-05
0.000117253
9.9694e-05
0.000154212
0.00016276
0.000155184
0.000143659
0.000140072
0.000120181
0.000129104
9.91336e-05
0.000111751
0.000111751
0.000102949
0.000102949
0.00014194
0.00014194
0.000115235
9.70961e-05
9.72868e-05
0.000100909
0.000105629
9.9247e-05
9.44149e-05
0.000145547
0.000117731
9.91128e-05
0.00016984
0.000102925
8.74158e-05
9.56589e-05
0.000134273
0.000154846
0.000101431
0.000101431
0.000137186
0.000108964
0.00013881
0.000155587
0.000110653
9.87881e-05
0.000131019
0.000160086
0.000137474
0.00013117
9.36993e-05
0.000102526
0.000209939
0.000124526
0.000128548
0.000128548
0.000126847
0.000146784
0.000100525
0.000100525
0.000132749
0.000132749
0.000100302
0.000109361
0.00011561
0.000101294
0.000101294
0.000100741
0.000100741
9.89805e-05
9.79669e-05
0.000182208
0.000115943
0.000133793
9.5611e-05
0.000163419
0.000140564
0.0001225
0.0001225
0.000137257
0.000138842
0.000149848
0.000113346
9.39256e-05
8.41302e-05
0.00015401
0.00015401
0.000135718
0.000150293
0.00012828
0.000102898
0.000156825
0.000106283
9.33093e-05
0.000118419
9.43983e-05
9.42214e-05
0.000151492
0.000162315
0.000133193
0.000105337
0.000122514
9.96388e-05
0.000136112
0.000136112
0.000141113
0.000141113
0.000104004
0.000125935
0.000125935
0.000121933
0.000121933
0.000109636
9.77062e-05
0.000160912
0.000127082
0.000173257
0.000134751
0.0001494
0.00015026
0.000142604
0.000195582
0.000100068
0.00013279
9.70357e-05
9.70357e-05
9.6358e-05
9.6358e-05
0.000212532
0.000159608
0.00014637
0.00014637
0.000111753
0.000106443
0.000130969
0.000129086
0.000132855
0.000132919
9.61072e-05
9.61072e-05
0.000130983
9.47963e-05
0.000123327
9.91554e-05
0.000145156
9.53327e-05
0.000153457
0.000148445
9.47601e-05
9.76851e-05
0.000176969
0.000145285
0.00012488
0.00012488
0.000156364
0.000102562
9.56928e-05
9.56928e-05
0.000125024
0.000100631
0.000148044
0.000137213
9.7936e-05
9.51692e-05
0.00010578
0.000105765
0.000112964
0.00011076
0.000118454
0.000101489
0.000124554
0.000124554
8.96617e-05
8.11571e-05
0.000128151
0.000104237
9.66285e-05
9.35245e-05
9.95238e-05
9.95238e-05
0.000122671
0.000122671
0.000115787
0.000124158
0.000144077
0.000144077
9.3688e-05
0.000126558
0.000150122
9.95052e-05
0.000135837
0.000100179
0.000139879
0.000150602
9.48407e-05
9.48407e-05
9.45481e-05
9.45481e-05
0.000194846
0.000166218
0.000119552
0.000119552
0.000105938
0.000105938
0.000116333
9.57004e-05
0.000102426
0.000118381
9.43615e-05
9.43615e-05
0.000100261
9.84995e-05
0.00018538
0.000126557
0.000175463
0.000115102
0.000109339
9.03228e-05
9.70388e-05
0.000102109
0.000103779
9.38264e-05
9.38264e-05
0.000165881
0.000158744
0.00014631
9.90127e-05
0.000144465
0.000125316
0.00013785
9.95922e-05
9.85364e-05
0.000107653
0.000118784
8.97713e-05
9.34643e-05
9.34643e-05
9.74647e-05
9.74647e-05
0.000128436
0.000110781
0.000127759
9.0284e-05
0.000114894
0.000101936
9.7426e-05
0.000105659
0.000119712
0.000123393
0.000110755
9.33407e-05
9.86161e-05
0.000141501
0.000133922
0.000137841
0.000109838
0.000164513
0.000156307
0.000118422
0.000159299
0.000181998
0.000118274
0.000132663
0.000132663
0.000105432
0.000105432
9.14081e-05
9.24596e-05
8.9099e-05
0.000156388
0.0001523
9.19056e-05
9.19272e-05
0.000105143
0.000108334
0.000132894
0.000105383
0.000115143
9.47814e-05
9.47814e-05
0.000120798
0.000120798
0.00014928
0.000142231
9.17761e-05
9.17761e-05
0.000141933
0.000129359
9.4256e-05
9.63619e-05
