0.06802010536193848
0.0641927719116211
0.07414507865905762
0.052269935607910156
0.06038379669189453
0.09537386894226074
0.09561896324157715
0.09579324722290039
0.10850095748901367
0.06564879417419434
0.0657663345336914
0.06669163703918457
0.05239439010620117
0.06456661224365234
0.07758355140686035
0.07419443130493164
0.07170748710632324
0.05881953239440918
0.05367922782897949
0.05381321907043457
0.053992509841918945
0.06833386421203613
0.06832408905029297
0.06858682632446289
0.06682276725769043
0.08356976509094238
0.05544924736022949
0.06581950187683105
0.06599283218383789
0.06600284576416016
0.0631418228149414
0.08698391914367676
0.06581592559814453
