0.1001439094543457
0.059044599533081055
0.09198284149169922
0.09715795516967773
0.10148191452026367
0.09972095489501953
0.1014707088470459
0.09855508804321289
0.0642404556274414
0.057299137115478516
0.0561830997467041
0.07379317283630371
0.08630633354187012
0.08683896064758301
0.09949398040771484
0.0833597183227539
0.0691990852355957
0.06867384910583496
0.07027268409729004
0.0672755241394043
0.0585782527923584
0.04991340637207031
0.053734540939331055
0.05118989944458008
0.06379222869873047
0.06027579307556152
0.05593228340148926
0.04491376876831055
0.06848597526550293
0.0788106918334961
0.1007232666015625
0.06754493713378906
0.06570959091186523
0.06476926803588867
0.06108355522155762
0.0646507740020752
0.09286141395568848
0.09838557243347168
0.0966792106628418
0.07938408851623535
0.08310413360595703
0.08189988136291504
0.08109426498413086
0.08194494247436523
0.08714890480041504
0.08712410926818848
0.08655571937561035
0.10813188552856445
0.07338428497314453
0.0734107494354248
0.07459425926208496
0.07458686828613281
0.07900404930114746
0.08197140693664551
0.07758021354675293
0.07925033569335938
0.06164360046386719
0.06255769729614258
0.06497693061828613
0.06664872169494629
0.10664796829223633
0.09039783477783203
0.12147212028503418
0.10688424110412598
0.06634092330932617
0.0575871467590332
0.05410194396972656
0.05683159828186035
0.07897520065307617
0.07646369934082031
0.04902815818786621
0.049910783767700195
0.11929464340209961
0.10275697708129883
0.12557649612426758
0.10463356971740723
0.09152913093566895
0.07934975624084473
0.07792425155639648
0.054079294204711914
0.08966064453125
0.10490226745605469
0.09303736686706543
0.0916452407836914
0.0967710018157959
0.09566402435302734
0.08029937744140625
0.11310505867004395
0.13222980499267578
0.07221865653991699
0.1375718116760254
0.07226681709289551
0.0678551197052002
0.07332897186279297
0.09186458587646484
0.0648031234741211
0.0669548511505127
0.062294721603393555
0.06725549697875977
0.06136441230773926
0.06159615516662598
0.06158924102783203
0.053559303283691406
0.06159615516662598
0.061548709869384766
0.07677602767944336
0.07826042175292969
0.05760073661804199
0.08723139762878418
0.09035396575927734
0.0750582218170166
0.06840896606445312
0.10355043411254883
0.0731956958770752
0.09262347221374512
0.08401823043823242
0.10753822326660156
0.10401701927185059
0.11363601684570312
0.10052943229675293
0.0920717716217041
0.09245991706848145
0.08762264251708984
0.09245014190673828
0.04789257049560547
0.058672428131103516
0.053253889083862305
0.05867195129394531
0.08271646499633789
0.07017970085144043
0.07044506072998047
0.08686399459838867
0.08085751533508301
0.08939480781555176
0.09163236618041992
0.0768117904663086
0.07415080070495605
0.0760352611541748
0.07635927200317383
0.08345508575439453
0.0745234489440918
0.08835244178771973
0.0882103443145752
0.07483649253845215
0.06748390197753906
0.04465031623840332
0.06885337829589844
0.0444793701171875
0.08575820922851562
0.10071825981140137
0.0891871452331543
0.10492300987243652
0.10045003890991211
0.11658501625061035
0.11631894111633301
0.09599494934082031
