1.3131961822509766
1.1423137187957764
1.1067776679992676
1.2579634189605713
1.1881709098815918
1.5584752559661865
1.8640875816345215
1.6802983283996582
0.8128273487091064
1.1549255847930908
0.668694019317627
1.1361849308013916
0.7620730400085449
1.0555980205535889
0.4446277618408203
0.9569714069366455
1.3246862888336182
1.0109121799468994
1.04136061668396
1.4807491302490234
0.9272856712341309
1.1849510669708252
2.1052913665771484
1.4178307056427002
1.0781309604644775
1.6334877014160156
1.0445468425750732
1.24613356590271
1.29472017288208
1.0218310356140137
1.7923293113708496
3.230851173400879
1.1299645900726318
1.224989414215088
1.547257900238037
0.8624105453491211
1.249626636505127
1.0568232536315918
1.2545905113220215
1.101179599761963
0.7382736206054688
0.886052131652832
1.789032220840454
0.783125638961792
1.6022863388061523
1.840742588043213
1.0639078617095947
0.637977123260498
1.1237125396728516
1.949782371520996
0.5787262916564941
0.7864904403686523
1.0079905986785889
0.9865062236785889
1.0544836521148682
0.9710395336151123
0.8614065647125244
1.0384705066680908
0.9316995143890381
0.7733902931213379
1.3223774433135986
1.1694350242614746
2.3319151401519775
1.0194873809814453
1.0333592891693115
1.0306589603424072
1.1558315753936768
1.5519423484802246
0.5975475311279297
1.0404503345489502
1.450498342514038
1.201462745666504
1.3902065753936768
1.1436128616333008
0.5968286991119385
1.102405071258545
0.9942872524261475
0.830028772354126
0.6276588439941406
2.253934860229492
1.8220665454864502
1.244490385055542
1.4871327877044678
0.764962911605835
2.8247134685516357
2.24434494972229
1.1304543018341064
3.6816656589508057
1.4626402854919434
0.9142136573791504
1.8646693229675293
1.828561544418335
1.9145691394805908
2.1209850311279297
1.3636891841888428
1.0442121028900146
1.1212258338928223
3.4801740646362305
1.5005204677581787
1.0232830047607422
1.1616110801696777
0.9568355083465576
0.9435086250305176
1.743610143661499
0.9260368347167969
1.8445067405700684
1.5423321723937988
1.1356723308563232
1.075671911239624
1.2094378471374512
1.0321905612945557
1.3707854747772217
1.7362818717956543
1.4019901752471924
0.8744752407073975
1.7504351139068604
1.708308458328247
2.8991291522979736
0.598675012588501
1.7933459281921387
1.09474515914917
1.8383700847625732
1.5984156131744385
1.2021570205688477
0.6185433864593506
1.2734060287475586
0.8121278285980225
0.9451665878295898
1.1958751678466797
1.04710054397583
2.017052173614502
1.3171722888946533
1.7832655906677246
0.9415676593780518
1.7026124000549316
0.8065180778503418
1.3147706985473633
2.536367654800415
0.7460334300994873
1.393559217453003
1.0410511493682861
0.8135032653808594
0.859368085861206
1.2398488521575928
1.0457580089569092
1.1073546409606934
0.9397373199462891
0.774071216583252
1.6483829021453857
1.4720697402954102
0.8441793918609619
2.0362114906311035
0.729794979095459
0.7651698589324951
1.1543571949005127
1.9294407367706299
1.259521245956421
1.0216286182403564
0.828887939453125
1.2616369724273682
1.9523906707763672
0.8595407009124756
0.9715793132781982
1.0222868919372559
1.4001896381378174
1.0584964752197266
0.6985414028167725
1.4202964305877686
0.8769772052764893
1.0943939685821533
0.8457884788513184
1.5846941471099854
1.1489636898040771
1.2952940464019775
1.3832488059997559
1.16009521484375
1.3923680782318115
1.6498432159423828
1.1429612636566162
1.8241562843322754
1.0235333442687988
0.941352128982544
1.0853729248046875
0.4444234371185303
0.9162609577178955
1.3049426078796387
0.9496035575866699
1.279545783996582
0.7936158180236816
1.5745782852172852
1.0425231456756592
1.731687307357788
1.4071111679077148
1.0630900859832764
0.722224235534668
2.4753499031066895
1.3691356182098389
1.2237167358398438
1.1675078868865967
1.0468776226043701
1.105154275894165
1.1226732730865479
1.1506130695343018
1.8564507961273193
1.0975921154022217
0.7566702365875244
1.6711461544036865
1.5050642490386963
0.8463139533996582
2.2476797103881836
1.5700972080230713
2.298190116882324
1.4004669189453125
1.7543809413909912
1.2378230094909668
0.661928653717041
1.135204553604126
0.9347870349884033
1.2135953903198242
0.6823954582214355
1.1853079795837402
1.2568573951721191
1.3860142230987549
1.5253016948699951
1.4650945663452148
0.9738290309906006
1.2591276168823242
4.550119876861572
0.5621223449707031
1.3309462070465088
0.8150856494903564
1.2770767211914062
1.1362714767456055
0.8678860664367676
1.9781160354614258
1.197066307067871
0.8060102462768555
0.863379716873169
1.5622899532318115
1.0340399742126465
1.491487741470337
1.9805233478546143
1.2601253986358643
1.2351107597351074
1.2628278732299805
1.175814151763916
0.8071424961090088
1.1470491886138916
1.4195773601531982
0.9138102531433105
0.8610272407531738
0.8789126873016357
0.980933427810669
1.2299838066101074
1.212303638458252
1.5430564880371094
1.0480365753173828
0.9463613033294678
1.3449270725250244
1.4956202507019043
1.6828868389129639
1.3096075057983398
1.4952187538146973
1.1119976043701172
0.7995631694793701
2.1967880725860596
0.7166533470153809
1.1509466171264648
1.2217392921447754
0.9893321990966797
1.2413084506988525
0.8083317279815674
2.6851656436920166
1.0078871250152588
1.1921029090881348
0.9013657569885254
1.0344645977020264
0.9316854476928711
0.7503900527954102
1.2720177173614502
1.9277594089508057
1.4257147312164307
1.4408094882965088
1.5211780071258545
1.3979058265686035
1.3865091800689697
1.3806591033935547
0.9150619506835938
1.469724416732788
1.2722411155700684
0.9993717670440674
1.4079797267913818
1.1518893241882324
0.6092205047607422
1.7807221412658691
1.151561975479126
2.671294927597046
1.321275234222412
2.147658348083496
1.2276020050048828
2.007084608078003
1.8097357749938965
0.8475217819213867
0.8250069618225098
0.7946803569793701
0.903423547744751
1.02480149269104
1.0081942081451416
1.2333335876464844
0.9146645069122314
1.280022382736206
1.4681675434112549
0.9428322315216064
0.8573081493377686
2.438617467880249
1.4046430587768555
0.6533651351928711
1.2055468559265137
1.0739562511444092
1.3795068264007568
1.1470847129821777
0.7878608703613281
1.6702749729156494
1.0630853176116943
0.5788094997406006
0.861485481262207
2.0161821842193604
0.9752345085144043
0.9883310794830322
1.391143560409546
2.5709948539733887
2.1502718925476074
2.8069095611572266
0.7647602558135986
0.9623124599456787
1.967695713043213
1.3464727401733398
1.0079638957977295
0.5616140365600586
2.067944288253784
1.2672553062438965
0.9342713356018066
1.1025893688201904
1.3665592670440674
1.0270934104919434
1.5271244049072266
1.290877103805542
0.57305908203125
1.345322608947754
1.2141132354736328
1.7640283107757568
1.0468952655792236
0.6904098987579346
1.9839434623718262
0.6883275508880615
1.2419064044952393
1.3793540000915527
0.953937292098999
1.7340047359466553
0.6440165042877197
1.8162624835968018
0.7085709571838379
0.5530483722686768
1.3551733493804932
2.635167121887207
0.7178006172180176
0.8385448455810547
0.7250146865844727
1.0909578800201416
0.9069523811340332
2.0151870250701904
1.3709540367126465
1.1278276443481445
1.1201260089874268
1.329493761062622
3.147270441055298
1.1788058280944824
0.969681978225708
1.1612493991851807
1.6163218021392822
0.6877789497375488
1.9677550792694092
1.2040143013000488
0.9931693077087402
0.7594187259674072
1.1765549182891846
2.1220860481262207
1.0615923404693604
1.1458444595336914
1.0549724102020264
1.2151169776916504
1.2420885562896729
1.6268255710601807
1.120992660522461
1.7509522438049316
0.7273342609405518
1.09743070602417
2.1762382984161377
0.9091076850891113
2.2523679733276367
0.8107986450195312
1.0020313262939453
1.4418888092041016
0.9346587657928467
2.39388370513916
0.6039788722991943
1.4767889976501465
0.5369150638580322
1.3573696613311768
1.0510339736938477
1.1889946460723877
1.0398805141448975
1.0693986415863037
1.0844414234161377
1.0498509407043457
1.2329933643341064
0.7826709747314453
1.408003330230713
1.605497121810913
1.2139995098114014
0.6073079109191895
0.6143040657043457
0.9064779281616211
0.9462902545928955
0.9014239311218262
2.4664018154144287
2.282838821411133
0.7173316478729248
0.787865161895752
1.4662375450134277
1.041443109512329
0.7396211624145508
1.0395469665527344
1.5124895572662354
1.5080797672271729
1.0890989303588867
1.2797634601593018
1.2005186080932617
1.667966604232788
0.9218778610229492
0.9034485816955566
1.2651875019073486
1.6394932270050049
1.7288193702697754
1.5970306396484375
1.343675136566162
0.8267359733581543
2.2682926654815674
0.7372429370880127
1.5503265857696533
0.8579931259155273
0.6906154155731201
0.7592666149139404
1.2046284675598145
2.036391258239746
0.7737958431243896
2.63667631149292
0.9262678623199463
0.6356232166290283
1.6162042617797852
1.3581516742706299
1.359961986541748
1.1318225860595703
0.7031714916229248
1.5494554042816162
1.2596042156219482
1.305250883102417
1.4580094814300537
1.1107730865478516
2.8845651149749756
1.1330935955047607
1.1964290142059326
1.6151580810546875
0.9717721939086914
2.6361420154571533
0.8826584815979004
1.3174798488616943
1.0038187503814697
1.3297648429870605
1.227391004562378
2.276120185852051
2.362847089767456
0.9044780731201172
1.254150390625
1.474644422531128
0.8015778064727783
0.9499177932739258
1.4396018981933594
1.4827423095703125
1.2415549755096436
1.3616561889648438
0.94032883644104
1.2894222736358643
1.1007781028747559
1.0127568244934082
1.216783046722412
0.6972732543945312
1.6176738739013672
0.9793331623077393
1.4519379138946533
