1277 3014 5216 
476 3336 3688 
2333 971 4817 
1356 5004 5218 
2774 1881 4022 
1403 4797 6148 
3569 538 5062 
1601 2638 3002 
4116 1364 6975 
1364 4764 6975 
1295 2603 4126 
2127 977 5407 
3292 2293 6105 
2435 978 3411 
3334 18 4464 
17 16 2965 
2633 1584 3141 
3469 1680 3470 
3733 1711 3735 
1711 3556 3735 
2317 1176 4374 
3742 1913 3743 
4401 498 4402 
3851 1835 3852 
2921 42 3484 
2921 3484 5673 
3411 978 6106 
4557 985 6313 
685 4869 5788 
3356 1500 5962 
3413 421 4667 
809 5785 6970 
4827 216 5825 
3515 1648 5600 
1793 6114 6821 
1617 4345 5161 
3347 728 6678 
1851 2812 7107 
1887 991 3792 
4544 2418 6707 
1965 3783 3957 
3783 992 3957 
4946 453 6108 
4245 3098 6652 
508 6302 6919 
1817 5037 6302 
618 3435 3919 
1362 4921 4922 
2464 996 3142 
2185 375 4936 
998 2624 3527 
2624 998 3764 
2624 1206 3527 
1206 4346 6053 
471 3100 3618 
1919 999 3617 
1000 2369 3911 
1234 4363 4364 
6091 2891 6768 
2891 1001 6768 
1002 3473 4042 
113 4371 6496 
1003 3804 5637 
3588 1761 3803 
297 3706 3851 
1004 3851 3852 
2453 1439 4172 
2010 5056 5057 
2696 1351 4606 
2732 1579 5757 
4071 234 5488 
2135 234 3357 
3341 1686 6572 
5834 1684 5915 
2618 6735 6736 
1039 3944 3945 
3369 1545 3690 
299 2997 4496 
93 2021 5016 
3874 1011 5831 
3046 1463 5504 
3455 2198 5502 
3698 1198 7119 
2622 1198 2742 
3216 1049 6201 
1049 3859 6201 
1015 3455 5502 
2642 1015 3351 
4544 1207 4616 
255 3813 5161 
784 2119 3432 
3761 1017 4487 
3182 2765 5067 
2457 3182 5067 
3674 1064 3675 
2461 4317 7077 
1675 3787 3838 
460 3647 6439 
3645 1021 3646 
5976 1628 6238 
3173 444 6539 
1538 3509 3719 
2965 979 6153 
3279 341 4218 
3222 1025 4760 
6921 2548 6922 
3508 1026 3649 
1027 3543 3576 
5442 1504 5995 
1851 2479 2812 
3318 1697 5441 
5104 697 6525 
312 3728 4358 
1688 6476 6477 
1030 3704 4908 
2308 639 5061 
305 1992 2470 
4525 1675 6124 
2038 3191 6883 
2181 320 3906 
2428 89 3169 
1860 546 3818 
2350 1170 4467 
2330 653 3891 
155 2329 2929 
1628 2244 6237 
1022 5316 5976 
1037 2331 4228 
3801 307 3880 
3360 361 3730 
1038 3711 6216 
3901 1461 6925 
2857 1039 3669 
4362 2355 4739 
3395 1040 3557 
3383 1257 3806 
1662 2740 5639 
1043 3960 6116 
3498 209 5063 
2391 1044 2392 
2392 772 2799 
5429 2773 6315 
3766 1983 4263 
3492 1046 6347 
5691 1706 5692 
2906 1047 3811 
3639 227 3640 
1048 3058 3788 
4267 228 4268 
3467 1083 6299 
3859 2151 6201 
231 2614 3898 
2614 2107 5986 
3899 1051 4252 
3629 800 7018 
2552 2764 6662 
4203 2050 7083 
4711 1227 5963 
2528 5963 6957 
3815 3816 6407 
1227 2932 5606 
2279 4648 5605 
2281 232 4917 
1201 4497 6207 
2629 1668 6211 
3980 455 5538 
2343 444 3162 
2342 642 4026 
642 5889 6881 
2561 236 5989 
1786 4091 5783 
3045 762 6219 
2325 6380 6415 
2313 2967 5104 
1956 78 2313 
2225 3540 6893 
3540 1171 6893 
1682 3006 6338 
2626 1063 4235 
1064 3674 6047 
2199 1634 6047 
3564 1955 6727 
2094 703 2341 
2261 1605 2532 
3480 377 4530 
3150 419 3502 
3502 1297 3973 
674 2399 4157 
2405 311 4041 
1069 3807 3808 
3242 443 6429 
2834 1509 5425 
722 2870 6867 
1983 3876 5535 
3230 1488 4977 
314 2152 5848 
1207 4649 5012 
3677 2114 5392 
3989 1073 3991 
1593 4097 5951 
2068 964 3391 
30 29 2963 
3456 456 6375 
4178 2754 5562 
2720 467 4541 
2199 648 2866 
3101 503 4329 
2019 1078 4079 
5137 2201 5138 
2628 2014 3888 
3404 2014 4655 
1770 3695 4383 
1687 5891 5967 
2337 2813 4799 
2337 930 5514 
765 2599 2787 
765 2230 2599 
766 2789 4367 
3216 1083 5641 
3914 1084 6855 
2007 1084 3914 
1395 5268 6527 
4163 2251 4164 
3330 1523 6311 
2818 322 4778 
2874 124 3535 
2357 6478 6644 
810 4974 6644 
188 4109 6910 
2926 1089 6924 
2756 1200 6051 
2756 452 6002 
3582 1091 4106 
3983 254 4598 
3142 375 6119 
1092 2464 3142 
5508 2093 6961 
3964 1199 4500 
1977 594 2298 
2298 4100 6052 
1095 2076 4353 
1145 4353 4628 
2296 4082 5092 
1586 4723 7090 
1599 4754 4755 
3630 1737 4939 
4148 323 6852 
5571 3190 6419 
1797 3190 6672 
4780 507 6036 
1100 3983 4399 
1920 3413 6777 
3175 1101 6306 
1811 2971 6849 
3799 1101 5781 
2675 5036 5524 
500 4007 4289 
2500 325 4051 
96 2498 3192 
1105 4166 4167 
2269 176 5526 
2086 5676 7044 
3697 208 6485 
2161 1107 4231 
1725 3423 6258 
5174 1724 5777 
6504 258 6616 
3631 1109 4710 
2863 785 2864 
1562 5961 6648 
1995 3298 6874 
3731 1111 7068 
304 3464 3681 
2739 1112 6987 
3085 1113 3969 
550 3085 3969 
3922 638 4990 
1114 3922 3923 
2695 1291 4737 
4802 1589 4803 
2212 1329 4822 
1116 2882 6365 
2194 534 5065 
2223 1117 4279 
1118 2606 4654 
2120 1868 6268 
2456 1119 4403 
4467 546 5481 
1926 532 6737 
157 3962 4532 
3444 1827 3795 
6551 5345 6552 
256 2886 3827 
1122 3827 5431 
3165 1340 5155 
2268 1123 4137 
824 3909 6166 
3382 1266 5607 
5877 492 6815 
1712 5432 5433 
2081 496 2617 
5577 2222 6203 
1754 4457 4814 
4294 1987 4296 
2324 1128 4562 
3506 1128 4942 
4459 3622 6978 
1832 3622 4138 
2382 4341 4576 
3103 2195 6409 
3473 113 4042 
4194 1131 6626 
63 4089 4295 
5735 2061 6344 
1774 1953 6637 
4308 184 6579 
3981 529 4458 
2416 1934 5028 
5028 1601 5881 
1160 4289 6254 
4049 2535 5068 
1137 2680 5100 
3178 711 5603 
1138 4173 4285 
4359 1139 4361 
333 2379 4540 
619 4366 4696 
2379 1140 4540 
97 2571 5090 
3770 1141 4737 
2916 3590 4704 
2916 1847 3590 
1684 5834 6183 
1128 3506 6174 
2701 1144 4144 
524 4144 4331 
378 2801 4738 
2801 2641 7084 
837 2628 3888 
6390 2231 6391 
1147 2726 4277 
5105 152 5154 
5973 1943 7003 
5193 2487 7002 
1149 3753 3754 
2388 1325 4502 
1159 5364 6233 
2632 6232 6233 
4829 490 5714 
2958 113 6496 
4287 1152 6280 
2432 3238 6241 
3446 2062 6764 
4201 2062 4213 
1154 2030 3850 
2362 288 2713 
2006 213 2011 
1891 541 3472 
1156 4437 4473 
1261 2367 4811 
1157 2758 4861 
4332 1862 6842 
2563 1604 4909 
19 3334 4431 
1794 3363 6233 
4049 1160 6254 
4289 1436 6254 
4642 805 6066 
877 2653 4266 
817 3869 6911 
1805 4444 4445 
1163 4455 4456 
2243 616 3337 
4306 2265 6398 
4303 1164 5570 
1165 4260 6604 
1877 2948 5774 
198 2088 3296 
4265 186 4779 
2692 1168 4439 
3061 2018 3927 
1169 2018 3926 
2065 817 6502 
1170 2428 3169 
4358 1171 5501 
4770 2976 6515 
893 2108 7118 
3033 1172 4954 
1897 4255 5201 
213 2421 3794 
1174 3794 4057 
1175 4145 4483 
2120 3217 4926 
489 3779 4374 
1176 4375 4377 
2128 4996 6596 
1068 2405 4041 
808 4070 4662 
4190 382 5549 
1961 1179 5073 
2481 1179 4534 
1551 4436 5719 
4436 1974 5719 
111 3249 4800 
2607 1181 4533 
1898 4083 5241 
3000 1898 6292 
3223 1183 5150 
2804 200 6217 
428 2912 3637 
1184 3637 4017 
1571 3167 6158 
3452 906 7047 
2958 1762 6512 
2383 1186 3429 
793 2885 2888 
4491 2130 6546 
3310 1188 4526 
4310 3312 5696 
1189 2279 4309 
3659 1922 6607 
4560 1190 4561 
2216 4270 4594 
2216 4594 6684 
3536 368 6700 
781 2668 4874 
48 47 3525 
891 2605 4717 
1752 4081 6812 
1195 4570 4571 
4530 1196 4531 
4572 377 6812 
2638 1197 4627 
3002 975 5999 
918 2622 2742 
3621 1316 5054 
1440 3964 4500 
3930 268 4324 
268 2463 5026 
1056 4798 5280 
1201 3968 4497 
408 3578 5371 
2055 3578 4870 
2056 6474 6627 
4970 249 5660 
4 53 3450 
3450 1819 6946 
1547 2708 5160 
768 2187 4141 
3527 1206 7020 
2418 4544 4616 
3812 1890 6972 
2998 362 5713 
1208 2998 5713 
4383 1209 4384 
1612 5179 6030 
1641 2344 4547 
1210 4478 4479 
3079 2378 4322 
4114 2312 4411 
2027 3504 4633 
2994 1688 2995 
6600 2551 6601 
3217 605 4926 
3749 1123 4736 
4330 356 4601 
3078 1215 4904 
3263 1216 4319 
3952 1600 6834 
746 5796 7055 
4518 358 4519 
1691 3884 5069 
2513 93 5016 
319 2787 3701 
1651 4387 5970 
2195 3293 5045 
1220 3995 6966 
3723 185 5547 
2382 185 4170 
2519 1222 6067 
2820 4001 5563 
4413 1223 6968 
3611 1815 6970 
3158 856 5918 
3936 87 6060 
1619 2147 3361 
1780 3651 4568 
1226 4567 4568 
4023 2528 6188 
2932 1227 4711 
4584 194 6900 
5601 573 6260 
230 4694 6048 
4694 2190 6048 
2793 773 4432 
426 4133 4134 
2062 2942 4213 
1231 2942 4688 
3785 4430 7088 
1512 2849 5617 
834 2913 3025 
374 2080 3074 
3605 374 4423 
2369 1234 4558 
1523 2666 4468 
2251 195 4164 
3324 897 5125 
2459 1236 3996 
4103 3085 5845 
3085 550 5003 
1238 2037 2822 
2037 1238 4053 
2009 3920 4128 
2865 1239 5675 
3613 957 6605 
3329 416 4136 
1881 2774 6393 
1241 2774 4022 
784 2378 3079 
2119 784 2429 
1244 2802 4370 
3687 1244 4370 
2364 646 3972 
204 2363 2993 
513 3340 3524 
1246 3664 4748 
3655 2792 4712 
3344 1249 3817 
900 3364 3365 
2091 1250 3902 
3811 227 6532 
1251 4420 6239 
3957 511 4645 
4646 2540 4647 
1108 4000 5777 
6197 481 6258 
601 4442 4761 
2467 1254 4762 
3895 1255 3896 
1420 4267 4268 
1256 3720 6783 
2403 724 6569 
3890 2522 7099 
3806 1257 6449 
1097 3377 6095 
3377 1097 3378 
800 2168 4824 
2328 2824 3034 
3002 2638 4627 
2702 1260 4573 
4742 526 4811 
339 3032 3282 
4405 92 5895 
4409 426 4708 
2895 1930 5901 
2775 5627 5928 
651 3676 6489 
2314 3702 5737 
1266 2271 4424 
2271 2920 4424 
3358 123 5975 
3082 3755 4943 
2718 751 4956 
4084 383 4866 
3042 1269 5025 
95 2716 5609 
1271 2771 4806 
748 4806 6019 
2018 384 3926 
2781 1893 7054 
2613 719 4884 
3898 2290 4826 
2107 719 4077 
3900 1273 6145 
4920 6182 6799 
4300 1857 7080 
3273 1278 5008 
1912 298 3381 
380 3014 5658 
1663 3625 4440 
5658 3014 6455 
381 3624 6753 
1278 3380 5008 
4440 1278 4887 
2568 709 5457 
2569 709 4879 
2121 1311 4401 
286 3248 4634 
821 2012 2545 
2374 138 6843 
2012 4395 6444 
4395 1282 6444 
1282 4395 6376 
1718 6376 6585 
2546 3874 4831 
1284 2546 4831 
4366 2272 4696 
2351 4916 5970 
958 1915 3329 
3174 270 6229 
1572 3321 5235 
4096 1287 4900 
2283 2256 5007 
2258 1289 2283 
1288 2256 2283 
4703 1954 5338 
3741 1291 7007 
3770 1291 4803 
4599 5149 6494 
2052 3983 4598 
1293 1961 5509 
2131 3921 6938 
1697 3136 4521 
3136 2227 4521 
425 2227 4681 
2227 425 3234 
2465 735 3227 
1296 2465 3227 
562 3105 4229 
1880 4446 4985 
2386 3089 6450 
2963 29 6184 
4613 1299 4614 
673 4053 4959 
2836 311 5005 
3191 2038 4380 
1301 2038 4379 
1546 2637 5786 
987 4410 5299 
1015 2642 3419 
5220 552 6531 
292 3887 4862 
1304 4862 4864 
1262 2220 4133 
2753 92 4947 
159 2127 6967 
1306 3976 4708 
952 3562 5243 
4288 1344 5151 
575 5013 5930 
2054 6951 6952 
2768 574 6951 
1597 4756 4758 
3422 973 5218 
4388 171 6055 
1311 2924 3975 
4308 1840 6979 
1618 4458 5185 
1313 1994 3864 
15 3864 6589 
6022 1993 6046 
34 35 3862 
1999 3863 6590 
1315 1999 4153 
2661 1568 4566 
1440 3833 3964 
4935 564 6879 
3407 2228 4350 
1319 4350 4899 
1883 4505 6929 
538 3569 4626 
2103 2872 5078 
199 5206 5855 
3053 385 3180 
1847 2916 6603 
978 3410 3412 
3410 427 4653 
309 3748 6098 
3130 1689 3793 
930 2402 5514 
3753 1325 3754 
2556 731 5406 
2725 152 4225 
3187 6896 6897 
82 2201 4539 
1328 2951 6236 
5357 66 5950 
1329 2212 4823 
2623 1329 4823 
862 2526 2880 
4471 1330 6916 
3600 1445 6510 
4856 1331 6510 
4448 370 4988 
3691 1693 4331 
3064 614 6361 
3405 324 6522 
936 2201 5137 
3662 488 6329 
197 4654 5098 
3897 1335 5097 
692 2457 4492 
5106 3077 6910 
1249 3344 4559 
664 2912 6823 
2506 1856 3397 
1338 3397 4080 
3247 2576 4524 
2204 1339 4523 
4637 3165 5155 
3165 188 7021 
633 4848 5167 
2729 138 5574 
531 4836 4837 
4836 1707 4837 
1709 3099 3894 
568 4149 5994 
1307 2983 4288 
164 4852 6167 
795 3423 3579 
2112 1058 3987 
3998 506 3999 
1346 3999 5924 
1347 2251 5163 
2358 721 4863 
5186 2722 6120 
814 2453 3004 
3230 414 5833 
2327 738 2779 
458 1950 5183 
2731 1006 5386 
1351 4604 4606 
3038 282 5184 
4604 458 4606 
3559 2156 5568 
1036 2156 3559 
3924 1354 6976 
3339 1607 3924 
2191 2923 6115 
3844 2116 3893 
567 3844 5630 
2673 420 4527 
4650 1357 5071 
2334 656 2673 
1358 2334 4527 
1375 5285 5286 
4721 1359 6964 
3307 1361 6882 
130 4240 5250 
1164 2483 5570 
1361 4584 6882 
4921 1362 5238 
3636 1363 7037 
3636 1939 7100 
1938 4589 7037 
3177 914 6796 
4765 4764 6499 
4177 2141 5820 
1365 2140 4890 
4009 1366 5440 
2353 1525 5487 
5345 137 6552 
3157 1368 4976 
2033 5431 6996 
2689 1370 5272 
3868 3536 6700 
4174 2832 5669 
719 2107 2614 
1374 1968 3508 
2584 713 5286 
1376 3739 3740 
2932 710 4254 
2705 4879 5245 
842 2944 3644 
139 2557 5631 
5222 689 6154 
1382 4859 4980 
1896 400 2297 
2649 688 5240 
3977 687 5565 
76 4039 5307 
1968 396 2211 
2744 1632 4203 
2190 650 6115 
2179 637 5175 
2708 1547 5717 
636 6101 6240 
2295 1391 5311 
617 2213 2370 
2335 1241 3107 
2232 122 3108 
1394 2444 5301 
2709 613 6527 
4197 1856 6366 
2690 143 4934 
1400 1964 5337 
594 2949 6926 
347 1977 4098 
3253 407 3633 
2973 519 7110 
1495 2397 3437 
5034 144 5866 
3691 486 5113 
2785 776 6187 
5604 1666 6397 
1360 2265 4306 
1597 4758 5108 
4498 1597 5437 
700 2425 4722 
2436 704 2437 
2436 2437 7091 
3900 2596 6992 
402 2397 5680 
2900 1412 2960 
5217 2551 6600 
2000 3313 7117 
2832 148 5669 
3371 1415 4819 
2918 5906 5908 
4731 132 6097 
3100 1455 6597 
1283 2503 3462 
3981 1418 5917 
2245 354 5086 
3865 1419 5087 
3099 554 3894 
1255 3895 4632 
4149 3099 5994 
1421 4268 5124 
1422 3016 4139 
1422 1944 2815 
2694 680 5744 
4700 1423 5399 
4165 3424 5409 
3983 1100 5204 
5011 544 6534 
2780 1425 5572 
630 5429 6315 
1426 5430 6956 
1184 3772 4347 
1476 4472 6949 
2593 1613 5993 
2555 731 3789 
1429 2586 4828 
1496 2586 4829 
2934 1743 4480 
4895 1430 4994 
3199 1744 6291 
4808 1658 6712 
1432 3856 5398 
5398 3856 6182 
1076 2044 3599 
1433 4178 6351 
846 3040 3396 
3040 1755 3396 
1435 2451 4575 
2451 3196 4575 
4007 500 5059 
4006 355 5496 
2724 5153 5479 
417 4022 6458 
4152 802 4475 
2307 6487 6738 
3004 2453 4172 
2326 1439 3978 
1440 4840 5468 
3929 1824 5651 
3968 433 4497 
682 3201 6514 
2480 753 2839 
2433 1442 4892 
5458 1443 6914 
4217 1443 5458 
3287 294 4984 
2095 3287 4984 
1331 3600 6510 
189 2092 3683 
3485 1446 3886 
424 3110 3631 
3266 955 4059 
3445 1447 5115 
3213 1584 5922 
342 4054 6263 
1449 2059 3501 
4033 1301 4815 
562 1880 3105 
2835 1854 4385 
5051 342 6908 
3254 1451 5554 
3728 1062 6037 
163 2225 4222 
2153 1453 2688 
1453 2153 5135 
5205 622 6096 
1454 2154 5558 
2049 654 3474 
3474 654 6024 
995 3408 3781 
3721 336 6056 
4678 3257 6141 
3257 634 6143 
4888 1458 5408 
90 3407 4350 
2513 691 4482 
4978 2023 5589 
1461 3901 4529 
1820 5076 5667 
430 4978 5589 
1461 4529 4978 
99 3522 6694 
3522 2090 6694 
4223 3046 5504 
5502 1463 5503 
2897 1464 5466 
2898 1464 6121 
880 2162 6792 
1942 3277 3572 
4409 1230 4432 
3292 2032 6313 
1467 2074 3715 
5241 1529 5242 
3133 1846 5858 
1468 3346 5395 
1469 2917 6264 
5393 1469 5394 
2963 3456 6375 
4719 2401 5912 
3185 2446 5550 
225 3185 5804 
4244 1708 5462 
1274 2881 4300 
2881 1857 4300 
1340 3165 7021 
3077 188 6910 
5756 1918 7040 
3695 154 4383 
4347 632 4677 
2303 4827 5825 
364 5158 6518 
2340 1025 3222 
3197 1165 3678 
3678 1165 3679 
4020 1479 4801 
1479 4246 6289 
1112 3333 4680 
5684 2757 5836 
2715 747 6432 
5661 1481 5662 
2850 5670 6371 
1482 5670 6769 
4406 2572 5693 
434 2572 2868 
2717 1484 6850 
3178 1484 5608 
3123 6482 6483 
3123 6266 6482 
1378 2705 5245 
1486 2569 5610 
647 4749 5629 
5627 1487 5628 
902 3229 3230 
4977 1488 5535 
4830 2021 6570 
1218 2601 4342 
3269 1747 5018 
542 3269 5079 
2463 838 3218 
1491 2463 4390 
1492 3398 5411 
5785 3611 6970 
2941 5130 5208 
4685 517 6686 
3030 821 6336 
3029 1738 3148 
1496 4829 5714 
2586 1496 3831 
1059 2494 4481 
5460 725 5766 
4047 1070 4048 
658 2372 4987 
4341 658 4576 
2373 4408 5553 
1500 5788 5962 
3836 1669 6276 
2486 4315 6612 
4538 3184 4735 
104 4191 4808 
4191 104 5464 
2477 1503 4257 
3251 1503 6011 
1504 5442 5598 
1984 4168 5040 
457 2361 5416 
1505 5414 5415 
1506 5804 5806 
2854 1506 5805 
2177 1507 2763 
1507 2177 5500 
5598 2751 6290 
1508 2276 4967 
2243 3937 6256 
830 2165 3821 
6315 2773 7038 
234 2135 6749 
6250 828 6251 
4860 2285 6343 
5614 610 6780 
2849 353 5617 
2042 825 3889 
2042 3889 5822 
3781 3408 6934 
4861 1514 5539 
597 2123 3696 
2656 1515 5799 
1872 6984 6986 
6984 2656 6986 
5236 1518 6100 
3321 1947 5235 
1518 5236 5623 
1287 4320 4900 
3113 1519 5460 
5728 1519 5840 
1520 2748 5838 
1521 4274 5727 
3563 464 4004 
2454 238 4769 
1522 3842 5998 
1235 3605 4423 
1796 4468 6560 
4840 2462 5468 
3833 1440 4030 
4840 469 5534 
1525 2353 5486 
329 2891 6091 
3144 802 6898 
2080 834 4046 
193 3025 4743 
2074 1528 3715 
5687 1528 5688 
4083 178 5241 
4537 1530 5146 
1530 2727 5145 
1951 4537 5146 
4415 1247 7012 
1531 4415 7012 
1640 5702 5703 
2230 3550 4670 
4685 2752 5943 
1493 2752 6686 
3114 623 5814 
2863 5729 6070 
1793 2977 6822 
3043 255 5545 
2103 5078 6820 
5078 3122 6820 
2334 2673 4527 
2347 232 2914 
1023 3172 3719 
3509 1023 3719 
5514 2402 5885 
2402 5730 5885 
548 2809 5907 
1598 4202 5907 
1541 2917 5886 
887 3342 7114 
6024 1624 6025 
2553 1624 5530 
2292 1543 5646 
1543 3375 5646 
3664 1922 6608 
1544 3659 5189 
2329 1545 2929 
3690 1545 5704 
1546 2472 4410 
637 5755 6758 
1547 5202 5717 
895 3634 4676 
5056 1549 5057 
1549 3822 3824 
1989 1549 4687 
3384 761 5911 
1550 2806 5910 
4436 1551 5718 
2992 557 4436 
2870 1552 5560 
1552 3721 3722 
3400 1090 3414 
3414 1090 4759 
316 3517 5471 
2587 811 2703 
718 3761 6456 
2608 5828 5830 
883 2266 3872 
2491 3995 5904 
3668 679 6517 
1936 463 5181 
2745 1672 4684 
192 3164 5556 
5544 1559 6974 
2979 5544 6974 
1986 1491 4024 
1986 4024 5721 
6498 577 6591 
4639 1561 5621 
1562 3597 6488 
2186 5823 6070 
4714 1563 5764 
4057 1563 4855 
3989 1564 4629 
4629 1565 5875 
5469 1660 5470 
1565 5469 5470 
2879 267 6427 
1566 5200 5981 
848 3127 5377 
4060 450 7064 
3964 219 6013 
1568 5149 5700 
3047 462 3645 
1569 3245 4416 
725 4027 5766 
2681 239 6081 
2609 1004 3843 
2609 3843 5880 
1509 2243 2894 
1509 2894 5424 
519 2973 4907 
2973 1985 4729 
2220 1262 3186 
2220 3186 7075 
5663 1575 5664 
1576 4946 6108 
1576 3083 5121 
1739 3083 6330 
1577 2278 2484 
3933 1577 6468 
3172 71 3719 
1578 5985 6003 
2732 2731 5386 
1683 2681 6081 
2544 4088 6413 
470 4415 5120 
888 3241 4466 
4619 3155 7027 
1582 3425 6032 
5747 578 6909 
1865 3834 5947 
5920 1584 5921 
1448 2827 3213 
3458 3291 6297 
1787 3291 3458 
3622 1832 6978 
2988 1832 6063 
49 50 4979 
50 51 4979 
1588 5746 5749 
12 13 4913 
542 3770 4803 
205 5655 5656 
4197 3049 7094 
5698 2125 5882 
3845 1775 6420 
1775 3845 5988 
3164 1592 4465 
485 6128 7026 
1593 2441 2442 
476 3391 4097 
1323 3410 4653 
798 2603 2910 
4362 640 4682 
1595 3435 5859 
163 4299 5133 
1596 4299 5602 
3428 1407 4498 
636 3017 6101 
2173 1390 3017 
563 3263 4319 
4753 1662 4754 
3377 215 4017 
1600 4941 6834 
6829 3965 6830 
3362 1135 3966 
2635 3545 6621 
1602 2635 5094 
1603 2149 3041 
3041 2149 4656 
2825 4314 4909 
22 21 4909 
681 2261 2532 
1605 2261 6147 
705 5573 6105 
3411 6106 6814 
3711 1607 6216 
3924 1607 5039 
174 3153 6244 
5511 1608 5512 
2497 3616 5527 
1609 2497 5527 
862 5084 5734 
2526 862 2890 
426 4134 4708 
4133 1305 4134 
3560 1475 5383 
614 5382 6361 
2591 730 2592 
233 2014 2628 
4161 1124 5860 
3106 105 6782 
116 3651 4698 
1615 3020 4664 
6016 1616 6017 
615 6016 6390 
3812 1016 3813 
501 3814 4616 
1100 3981 4458 
529 3981 5917 
3936 5483 5612 
527 4547 7031 
1816 2838 6825 
5708 1620 5710 
672 2233 2869 
6205 1621 6206 
1622 2797 6004 
288 3850 6705 
2396 3133 5858 
4300 179 5701 
1632 5520 6023 
1632 6023 6220 
2658 310 5958 
1625 5023 6679 
1746 2182 6518 
4561 1190 6675 
1627 2143 3326 
5743 2694 5744 
1767 2830 6745 
2244 1628 5976 
515 5380 6374 
5378 1629 5380 
1002 3628 5809 
1002 3214 3473 
1630 3028 5223 
1631 3878 5789 
2744 64 3846 
1632 2744 3846 
4243 1110 5740 
4261 481 5174 
2314 651 6345 
2923 2190 6115 
2955 635 4767 
2177 635 2955 
5255 1192 5946 
5856 2516 6781 
2654 928 5997 
4741 245 6271 
3140 1638 3496 
5172 2654 5997 
621 5424 6878 
474 2165 3140 
3231 1640 5703 
2230 241 2599 
1619 5935 7031 
4478 1210 6955 
1972 331 4034 
857 6155 6655 
1745 3394 6846 
3935 86 6548 
1079 2014 3404 
121 3717 7053 
343 2830 2831 
3736 1645 4717 
1646 2983 4452 
464 3563 4452 
2432 872 3238 
5243 1647 5244 
3709 3515 5600 
1648 5234 5767 
2234 5780 6324 
2234 5779 5780 
4763 1650 5758 
1650 4744 5401 
1219 4031 4696 
319 3889 4031 
3290 1800 6346 
3220 876 6342 
496 3837 4397 
4596 1653 4786 
1091 3424 4165 
3424 1091 3582 
2429 784 2855 
784 3079 6340 
1020 3787 6350 
242 6242 6463 
3837 1875 6124 
3787 479 3838 
487 4427 4428 
487 5518 6291 
915 2538 3086 
4773 1659 4774 
1565 5722 5875 
593 4773 5469 
2341 703 2902 
4074 1661 6354 
1599 4753 4754 
94 3468 4753 
3625 1663 3751 
970 3626 4440 
1664 2172 2809 
6097 1598 6101 
5069 746 7055 
3093 1665 6309 
2258 2283 5007 
6397 1666 6398 
644 2077 2257 
5926 1667 6899 
1668 2629 4798 
685 5788 6276 
3836 437 6706 
510 6286 6854 
6285 1670 6286 
875 2576 3247 
2636 1671 6177 
1672 3164 4465 
3750 1672 4854 
1673 3583 3584 
3490 1673 6109 
2171 1553 3602 
1674 2171 3602 
3104 170 4256 
3603 1020 6405 
3571 1149 3754 
869 3135 6740 
1583 4200 4733 
578 3059 4200 
2431 4623 4772 
4953 1678 6134 
560 3470 6349 
2901 1679 5754 
980 3469 3470 
1680 3970 6348 
24 23 4314 
3922 1681 3923 
4573 625 7087 
3951 1874 6561 
3780 2495 6540 
4011 1754 4090 
1008 3313 7115 
482 3341 6572 
2937 855 3883 
1685 2937 3883 
2945 884 2946 
5091 2318 7022 
4384 553 7022 
2995 1761 3588 
6476 2833 6477 
3748 3592 6098 
3793 1689 6645 
5139 1690 6506 
3667 661 6199 
1691 2610 5480 
2020 3884 5652 
1693 3691 5113 
2394 5113 6185 
1694 2785 3097 
1692 3097 6187 
3639 1251 4858 
4858 597 6448 
450 3126 7064 
169 3125 5795 
1028 3318 3905 
3318 190 6466 
3125 2413 5795 
1698 5795 6021 
778 5674 6511 
1742 6357 6358 
3112 1012 3971 
3037 1700 5939 
2902 109 4794 
2972 6234 6235 
4795 1280 6321 
1702 5000 6567 
3721 994 3722 
4675 185 6837 
1704 4047 4048 
3774 1704 6140 
531 3491 4536 
1706 2908 5019 
1342 4073 4837 
1707 4836 5691 
2847 1707 4877 
6286 1670 6854 
4489 1708 5081 
228 3788 6044 
3099 1709 5994 
3603 495 6761 
1710 3603 6761 
981 3733 3735 
1711 4989 6971 
3265 1020 3603 
3483 1712 6406 
4299 1713 5602 
163 4028 4299 
4173 1714 4285 
2582 1714 6402 
287 3766 4263 
2085 3402 6190 
634 3257 5225 
4094 1716 4923 
4089 2061 4295 
5736 2219 6208 
2749 820 3542 
6376 2930 6585 
1719 4972 5513 
908 2704 6669 
1720 6319 6549 
483 3394 6265 
831 3067 3068 
4972 1721 5513 
1722 2617 4247 
1126 2081 2617 
447 3076 5982 
1061 2468 3521 
1724 2904 4021 
344 3997 4021 
1834 6404 6880 
1725 6258 6404 
988 3515 3709 
4713 1726 6991 
1007 3512 3513 
1727 4071 5567 
3708 2079 5979 
2079 5519 5979 
4065 1732 6902 
2539 1729 5561 
1731 3554 4349 
1884 2940 3554 
4329 503 4726 
1731 4726 4727 
2866 4550 5587 
503 3101 4065 
1733 2595 4063 
6126 1733 6127 
1672 4465 4854 
1773 3750 3956 
3418 950 5085 
1736 3145 5791 
459 4138 4939 
3630 867 6581 
3503 1738 6611 
6611 260 6918 
1739 2459 3996 
1739 3996 6328 
253 2828 4473 
1740 2602 3918 
3119 1173 4255 
1742 3024 6356 
1929 4044 6356 
1744 2934 4480 
4994 1430 6223 
2136 3199 6291 
440 4994 6223 
3394 1745 6265 
3394 907 6846 
2634 1746 6518 
1746 4453 6674 
3495 928 4551 
522 3925 6772 
5784 3520 6693 
3489 1748 6615 
1357 3535 5070 
4648 1749 5605 
6380 1750 6415 
174 3285 7013 
3338 2078 5519 
3132 1751 6132 
2546 1011 3874 
1752 3258 5831 
4220 1753 4291 
2791 36 6041 
1059 3073 4457 
236 3073 6739 
3396 1434 6075 
3742 1755 6699 
907 5118 6620 
466 3562 3835 
6040 1757 7123 
3324 2164 6040 
2736 274 3154 
2040 960 2706 
523 2692 4439 
4911 1759 5650 
724 6369 6569 
2403 1256 2662 
114 5099 7063 
1761 2893 6718 
1151 4372 5569 
3195 490 4372 
4372 1151 7082 
1799 2640 3986 
5791 3145 6423 
4029 1764 6709 
2633 1218 4520 
4517 93 6137 
6163 1928 6164 
5470 698 5722 
6282 896 6745 
1767 3801 3880 
1931 684 3388 
1931 3388 4671 
1769 3627 6556 
1145 3183 4738 
316 2860 3517 
3517 1080 5471 
3262 835 6827 
2221 271 3389 
966 3172 6539 
6613 1772 6771 
2807 929 4640 
3750 566 4684 
2332 301 3724 
2954 2521 3890 
702 4012 5728 
4012 702 6741 
1571 2609 5880 
498 3852 4402 
1420 4268 4269 
3373 595 5543 
1778 2950 6666 
1778 2338 2950 
241 3231 5703 
5702 814 6681 
2810 1780 3580 
1780 2810 6225 
2202 3262 5741 
4037 1781 6202 
1782 2300 2301 
6816 1782 6817 
221 4015 6906 
1908 4015 6362 
6507 1784 6508 
4198 1785 5162 
587 2099 4029 
504 4298 6362 
2968 5877 6815 
1786 2968 6815 
1585 3104 3291 
1787 3458 6808 
1788 3689 5484 
3519 1935 5022 
365 2179 5323 
860 2959 6657 
3054 6656 7085 
6831 1791 6832 
3634 499 6473 
1792 3332 3958 
1792 3958 5463 
3430 1535 6442 
451 3430 6442 
1150 3363 3567 
3363 1794 3567 
3275 1795 6640 
4982 1795 6650 
4363 1796 4364 
1796 4363 4468 
815 2909 4162 
1797 3131 4162 
5149 572 5700 
3385 1798 6789 
3196 280 4575 
1799 2209 4776 
4556 588 6866 
1800 4556 6866 
5627 764 5928 
5637 1801 5810 
2157 764 2776 
1802 6786 6787 
1803 6429 6858 
156 3051 3745 
2238 1597 5108 
4756 454 6756 
1805 6172 6911 
3001 3260 6575 
1806 6479 6480 
4805 97 5597 
5608 435 5611 
6482 1807 6483 
5089 2166 7093 
2120 2616 6472 
4221 1303 5022 
379 4856 5021 
1757 3738 7123 
1810 6912 7046 
1811 5076 6039 
5781 1811 6848 
3177 1812 6886 
2141 441 4116 
6624 3243 6625 
5797 2134 6138 
2731 2732 6939 
847 3436 5031 
1815 6133 6968 
1223 4413 6778 
2155 4419 6824 
1816 6823 6824 
4170 185 4675 
1817 2415 6837 
6919 1818 6920 
508 3781 6934 
2959 860 3274 
3274 860 6945 
1854 3604 5942 
3604 2058 5942 
4752 1821 5699 
1764 4752 6709 
2098 4752 5699 
1822 2097 5156 
951 3327 3541 
5712 1823 5808 
2462 3929 5651 
3737 1824 6907 
4629 1564 4630 
4630 1564 4631 
2557 842 3644 
609 4716 7019 
912 3301 4219 
2200 571 3301 
1828 6734 6960 
3301 571 4219 
1829 3405 6980 
449 3406 5188 
1830 2510 5666 
2510 4160 5666 
1058 3980 5538 
794 2898 6121 
4723 1586 4734 
1586 2988 6063 
798 3147 4607 
1833 4212 6441 
2112 3987 6811 
2112 6811 6881 
1946 983 3706 
2121 4401 4402 
2346 645 4663 
1836 3095 6641 
4156 78 4554 
1837 4204 6525 
1283 3462 5678 
3462 529 5678 
3543 1027 3544 
4763 1839 6936 
633 4241 4307 
4241 2305 6327 
4551 522 5018 
1271 4805 7054 
1842 3285 3286 
1842 3286 7014 
3340 1843 3524 
3664 1246 4986 
2064 886 3289 
88 3664 4986 
3050 1845 5427 
1845 3221 5427 
684 2396 5858 
2941 1846 7000 
1168 4265 4439 
576 3590 4264 
520 5835 6524 
2133 1402 2844 
6524 2757 6697 
1849 5705 6987 
1850 4020 6142 
1964 1400 3023 
4010 3666 6794 
2479 1851 7106 
1495 4062 5679 
1852 4685 5943 
224 3354 4975 
6159 1853 6847 
3604 1854 5941 
1880 562 2835 
6471 3159 6989 
4000 2160 5777 
2124 600 3049 
3020 518 4664 
4664 518 5030 
2810 963 6225 
290 1858 3652 
2789 766 3348 
766 2973 7109 
320 1860 3906 
1033 2181 6459 
1861 2745 6038 
4684 2015 6038 
4332 2015 4333 
4921 1862 4922 
4332 565 6863 
565 1863 3134 
772 2348 4129 
1864 2730 6270 
1677 2669 3188 
4200 1677 5093 
1866 4142 6633 
4153 1999 6022 
1866 3619 5682 
3834 3619 5947 
1952 4600 6267 
1868 5761 6267 
664 6095 6555 
1869 3377 4017 
2570 1143 4355 
2322 332 4357 
1301 4033 4380 
2645 1871 6988 
3332 1043 3958 
2656 4591 6986 
1399 5344 6565 
1260 3951 4573 
3951 107 6649 
1875 3837 4016 
1125 3104 4256 
900 2735 3685 
1130 4340 4408 
1116 3671 4205 
3892 1877 5775 
1878 5041 7070 
2742 3259 5041 
3105 1879 4229 
3974 1297 4985 
83 3974 4985 
4343 2111 6180 
2422 973 3421 
3422 417 6458 
1882 2959 4272 
1882 4272 5816 
5385 2034 5964 
2686 4418 6564 
4635 2145 5024 
2145 586 5024 
2573 917 3447 
2589 212 4930 
2001 3054 7085 
2674 1103 4404 
6857 3791 6959 
4910 1887 6287 
892 3128 4325 
