0
4
8
17
18
19
21
22
23
25
27
28
29
31
33
34
35
36
37
38
39
40
41
42
43
44
45
46
47
48
49
51
52
53
54
55
56
57
59
60
61
62
63
64
65
67
73
75
77
80
89
90
91
94
95
96
99
101
102
103
107
110
113
116
117
119
120
121
122
123
125
126
131
132
133
134
137
138
139
140
142
145
146
149
150
153
154
155
156
157
160
171
172
174
175
176
177
180
181
182
186
189
190
193
194
198
199
201
204
205
206
208
212
213
215
216
220
222
223
224
225
230
231
236
237
238
239
240
241
242
243
244
245
246
251
252
253
254
262
263
266
267
268
279
280
281
282
283
284
285
286
287
288
289
290
293
294
297
298
299
300
301
304
305
306
307
308
309
310
311
318
319
324
325
329
330
331
332
333
334
342
343
344
345
348
349
350
351
352
353
354
355
356
357
358
359
362
363
366
367
380
381
386
387
388
389
390
391
392
393
398
399
406
407
408
409
410
411
414
415
416
417
418
419
420
421
422
423
424
429
430
433
434
439
440
443
444
447
456
457
458
459
464
465
472
473
474
475
478
479
481
487
488
491
492
498
499
502
503
504
505
510
511
512
513
514
515
516
517
518
522
523
526
527
528
529
530
531
534
535
536
537
538
539
540
541
544
545
550
551
558
559
560
561
562
567
568
571
572
573
574
575
583
584
585
586
587
588
591
592
597
598
599
602
610
611
615
616
617
618
619
621
622
623
624
625
626
629
640
641
642
643
645
646
647
648
651
652
653
654
655
656
657
658
661
664
669
670
680
681
685
686
687
688
689
690
691
692
697
698
701
702
703
704
705
706
707
708
721
726
727
732
733
734
735
736
739
740
741
742
743
744
745
746
747
748
749
752
753
754
755
756
757
758
759
760
761
762
763
764
775
776
777
778
781
782
783
784
785
786
787
790
791
792
793
794
795
796
809
810
811
812
813
814
815
816
817
818
819
820
821
822
823
832
833
840
841
848
849
852
853
854
855
858
859
860
861
862
863
864
865
878
879
887
888
889
890
891
892
893
900
901
902
909
910
911
912
913
914
923
924
925
926
927
928
929
930
931
932
933
934
935
936
937
938
953
954
955
956
963
964
969
970
971
972
973
974
975
978
979
982
983
984
985
986
987
989
990
991
996
997
1000
1001
1002
1003
1006
1007
1010
1011
1012
1013
1016
1017
1020
1021
1024
1025
1034
1035
1036
1037
1038
1043
1044
1045
1046
1047
1048
1049
1050
1054
1055
1056
1057
1058
1059
1060
1063
1064
1065
1068
1069
1072
1073
1074
1075
1076
1077
1078
1079
1084
1085
1086
1090
1091
1098
1099
1100
1101
1102
1103
1107
1108
1111
1112
1115
1116
1125
1126
1127
1128
1132
1133
1138
1139
1140
1141
1144
1145
1146
1147
1150
1151
1154
1155
1156
1157
1160
1161
1164
1165
1166
1167
1174
1175
1176
1177
1178
1179
1180
1181
1182
1183
1188
1189
1192
1193
1197
1198
1202
1203
1204
1205
1212
1213
1214
1215
1216
1217
1222
1223
1224
1225
1226
1227
1230
1231
1236
1237
1238
1239
1240
1241
1242
1253
1254
1255
1256
1257
1258
1259
1264
1265
1266
1267
1268
1269
1270
1271
1272
1273
1274
1287
1288
1289
1290
1291
1292
1293
1294
1295
1296
1299
1300
1303
1304
1305
1306
1307
1308
1312
1313
1314
1315
1316
1317
1318
1319
1326
1327
1328
1329
1330
1333
1334
1341
1342
1344
1345
1347
1350
1351
1352
1353
1358
1359
1360
1361
1370
1371
1376
1377
1382
1383
1384
1389
1390
1391
1392
1393
1394
1395
1398
1399
1400
1401
1402
1403
1408
1409
1412
1413
1416
1417
1438
1439
1440
1441
1444
1445
1446
1447
1452
1453
1456
1457
1458
1459
1464
1465
1466
1467
1468
1469
1470
1471
1472
1473
1478
1479
1480
1481
1486
1487
1488
1500
1501
1502
1503
1504
1505
1508
1509
1510
1511
1512
1513
1516
1517
1522
1523
1524
1525
1526
1527
1530
1531
1532
1533
1543
1544
1556
1557
1558
1560
1561
1562
1563
1564
1565
1566
1567
1576
1577
1578
1579
1580
1581
1582
1590
1591
1592
1593
1596
1597
1598
1599
1602
1603
1609
1610
1611
1612
1613
1614
1619
1620
1621
1622
1623
1624
1625
1628
1629
1630
1631
1634
1635
1636
1637
1638
1639
1644
1645
1649
1650
1651
1652
1657
1658
1663
1664
1665
1666
1667
1668
1675
1676
1679
1680
1681
1682
1683
1684
1685
1686
1691
1692
1693
1694
1695
1696
1697
1698
1703
1704
1707
1708
1709
1710
1723
1724
1725
1726
1731
1732
1737
1738
1742
1743
1744
1745
1746
1747
1748
1749
1758
1760
1761
1762
1763
1768
1769
1770
1771
1772
1773
1776
1777
1778
1779
1780
1781
1782
1783
1788
1789
1790
1791
1792
1793
1806
1807
1816
1817
1822
1823
1826
1827
1828
1834
1835
1836
1837
1840
1841
1842
1843
1844
1845
1846
1853
1854
1855
1856
1867
1868
1873
1874
1889
1890
1899
1900
1901
1902
1907
1908
1909
1910
1913
1914
1915
1916
1925
1926
1929
1930
1931
1932
1935
1936
1937
1938
1939
1940
1941
1942
1943
1944
1955
1956
1957
1958
1962
1963
1964
1965
1966
1967
1968
1969
1970
1971
1976
1983
1984
1991
1992
1993
1994
1996
1997
1998
1999
2001
2002
2003
2010
2011
2012
2013
2014
2015
2016
2017
2018
2019
2020
2021
2024
2025
2026
2027
2028
2029
2030
2031
2038
2039
2042
2043
2049
2050
2055
2062
2063
2064
2065
2066
2067
2068
2069
2072
2073
2074
2075
2076
2077
2084
2085
2086
2087
2088
2089
2090
2091
2094
2095
2096
2097
2103
2104
2105
2106
2107
2108
2109
2110
2111
2112
2113
2114
2115
2116
2117
2118
2119
2123
2124
2125
2126
2149
2150
2151
2156
2157
2161
2168
2169
2170
2171
2172
2177
2178
2184
2185
2196
2197
2198
2199
2200
2209
2210
2211
2212
2213
2214
2217
2224
2225
2226
2227
2228
2229
2230
2231
2232
2233
2234
2235
2236
2237
2238
2239
2240
2241
2246
2247
2248
2249
2250
2251
2254
2255
2262
2263
2268
2269
2270
2271
2274
2275
2286
2287
2290
2291
2292
2293
2300
2301
2302
2303
2322
2323
2324
2325
2326
2327
2332
2333
2334
2335
2336
2337
2338
2339
2340
2341
2342
2343
2346
2347
2348
2349
2354
2355
2356
2365
2366
2367
2368
2369
2370
2371
2372
2373
2376
2377
2380
2381
2384
2385
2386
2387
2388
2389
2390
2391
2392
2395
2396
2397
2398
2399
2400
2401
2402
2405
2406
2407
2408
2411
2412
2413
2414
2417
2418
2420
2421
2422
2423
2424
2425
2426
2429
2430
2433
2434
2435
2436
2441
2442
2443
2444
2445
2446
2447
2448
2449
2462
2463
2464
2469
2470
2471
2472
2473
2474
2475
2476
2477
2478
2479
2480
2481
2482
2483
2484
2485
2486
2487
2488
2490
2492
2493
2494
2500
2501
2502
2505
2506
2507
2513
2514
2515
2516
2517
2518
2519
2526
2527
2528
2529
2530
2531
2532
2538
2539
2540
2544
2545
2546
2547
2548
2557
2558
2559
2560
2565
2566
2569
2570
2571
2572
2575
2576
2583
2584
2585
2586
2589
2590
2593
2594
2601
2602
2603
2604
2613
2614
2615
2616
2617
2618
2619
2620
2621
2622
2623
2624
2625
2626
2637
2638
2641
2642
2649
2650
2651
2652
2653
2656
2657
2658
2664
2665
2666
2667
2670
2671
2672
2673
2674
2675
2688
2689
2690
2691
2696
2697
2702
2703
2704
2705
2706
2707
2708
2709
2710
2711
2712
2713
2714
2715
2716
2717
2718
2719
2720
2721
2722
2723
2724
2725
2730
2731
2734
2735
2740
2741
2742
2743
2746
2747
2748
2751
2752
2753
2754
2755
2756
2757
2758
2759
2760
2773
2774
2775
2776
2777
2778
2781
2782
2789
2790
2791
2792
2804
2805
2808
2809
2810
2811
2816
2817
2818
2819
2820
2821
2822
2823
2824
2825
2828
2829
2830
2831
2832
2833
2834
2835
2836
2837
2840
2841
2848
2849
2852
2853
2854
2855
2856
2857
2858
2859
2860
2861
2867
2868
2870
2881
2882
2883
2884
2887
2888
2891
2892
2893
2894
2895
2896
2897
2910
2911
2914
2915
2920
2921
2922
2923
2924
2925
2926
2927
2928
2929
2930
2931
2934
2935
2936
2937
2938
2939
2946
2947
2950
2951
2958
2966
2967
2968
2969
2970
2971
2972
2973
2976
2977
2978
2979
2980
2981
2988
2989
2990
2991
2992
2993
2994
2995
2996
2997
3000
3001
3002
3003
3010
3011
3018
3019
3020
3021
3022
3023
3024
3025
3034
3035
3036
3037
3039
3040
3045
3046
3047
3048
3049
3050
3055
3057
3058
3063
3064
3069
3070
3071
3072
3073
3078
3079
3080
3081
3084
3085
3086
3087
3092
3093
3100
3101
3104
3105
3106
3107
3114
3123
3124
3129
3130
3133
3134
3135
3136
3137
3138
3139
3140
3143
3144
3145
3146
3147
3148
3155
3156
3157
3158
3159
3160
3161
3162
3163
3164
3165
3166
3167
3168
3171
3172
3173
3174
3180
3181
3182
3183
3184
3185
3188
3189
3200
3201
3206
3207
3208
3209
3212
3213
3214
3215
3222
3223
3226
3227
3228
3234
3235
3238
3239
3240
3241
3258
3259
3260
3261
3262
3263
3264
3265
3279
3280
3285
3286
3289
3290
3301
3302
3303
3304
3305
3306
3309
3310
3313
3314
3317
3318
3327
3328
3329
3330
3335
3336
3337
3338
3339
3340
3341
3342
3343
3344
3347
3348
3349
3350
3351
3352
3353
3354
3355
3356
3359
3360
3361
3362
3367
3368
3369
3370
3371
3372
3373
3374
3375
3376
3383
3384
3387
3388
3393
3394
3395
3396
3399
3400
3403
3404
3405
3412
3413
3414
3415
3416
3417
3418
3419
3420
3421
3424
3425
3426
3427
3428
3429
3432
3433
3443
3444
3445
3446
3447
3448
3453
3454
3459
3460
3461
3462
3465
3466
3467
3468
3469
3470
3471
3472
3473
3474
3477
3478
3483
3484
3491
3492
3495
3496
3497
3498
3499
3500
3501
3502
3503
3504
3505
3506
3507
3512
3513
3520
3521
3522
3523
3526
3527
3528
3529
3544
3545
3546
3547
3554
3555
3556
3557
3562
3563
3564
3565
3566
3567
3568
3569
3570
3571
3576
3577
3584
3585
3588
3589
3594
3595
3597
3598
3599
3600
3601
3602
3603
3604
3605
3606
3616
3617
3618
3621
3622
3623
3624
3625
3626
3631
3632
3647
3648
3649
3650
3655
3656
3659
3660
3663
3664
3673
3674
3679
3680
3681
3682
3683
3684
3685
3686
3687
3692
3693
3698
3699
3702
3703
3704
3705
3708
3709
3710
3711
3714
3715
3716
3717
3720
3721
3722
3723
3724
3725
3730
3731
3734
3735
3742
3743
3744
3746
3747
3748
3750
3751
3752
3757
3758
3771
3772
3773
3779
3780
3781
3782
3783
3785
3786
3787
3788
3792
3793
3804
3805
3806
3807
3810
3811
3814
3815
3818
3826
3827
3830
3831
3832
3833
3834
3835
3840
3841
3846
3847
3855
3856
3857
3858
3861
3862
3865
3866
3867
3868
3871
3872
3873
3874
3875
3876
3877
3878
3879
3880
3881
3882
3885
3886
3887
3888
3889
3890
3891
3892
3896
3897
3898
3899
3902
3903
3904
3905
3906
3907
3908
3909
3910
3911
3912
3913
3918
3919
3926
3927
3928
3929
3932
3933
3936
3937
3938
3939
3942
3943
3950
3951
3952
3953
3954
3955
3958
3959
3960
3961
3962
3963
3968
3969
3974
3975
3978
3979
3982
3983
3984
3985
3986
3987
3996
3997
3998
3999
4002
4003
4004
4005
4006
4007
4008
4009
4010
4011
4017
4018
4022
4023
4024
4025
4026
4027
4028
4029
4030
4031
4036
4037
4040
4041
4042
4043
4044
4045
4046
4047
4054
4055
4056
4060
4061
4062
4063
4064
4065
4066
4067
4070
4071
4072
4073
4074
4075
4088
4089
4094
4095
4096
4097
4103
4104
4111
4112
4117
4118
4119
4120
4121
4122
4123
4124
4125
4126
4127
4128
4133
4134
4135
4136
4139
4140
4141
4142
4143
4144
4145
4146
4147
4148
4149
4150
4151
4152
4153
4154
4155
4156
4157
4158
4161
4162
4165
4166
4167
4168
4171
4172
4173
4174
4175
4176
4177
4182
4183
4184
4185
4186
4187
4197
4198
4199
4200
4201
4202
4203
4204
4205
4206
4209
4210
4219
4220
4221
4222
4223
4224
4231
4232
4241
4242
4247
4248
4249
4250
4251
4252
4259
4264
4265
4266
4267
4268
4269
4273
4274
4275
4276
4277
4278
4289
4290
4291
4294
4295
4300
4301
4302
4303
4304
4305
4306
4307
4308
4309
4310
4311
4332
4333
4334
4339
4340
4343
4344
4345
4346
4347
4348
4357
4358
4359
4360
4361
4362
4367
4368
4369
4370
4371
4372
4373
4374
4375
4376
4377
4378
4379
4380
4381
4382
4383
4384
4391
4392
4397
4398
4403
4404
4405
4406
4407
4408
4423
4424
4429
4430
4431
4432
4433
4434
4437
4438
4443
4444
4447
4448
4449
4450
4458
4459
4460
4461
4464
4465
4470
4471
4472
4473
4474
4475
4486
4487
4488
4489
4494
4495
4500
4501
4502
4503
4504
4505
4506
4507
4508
4509
4510
4511
4512
4513
4516
4517
4518
4519
4520
4521
4522
4523
4526
4527
4543
4544
4546
4547
4548
4549
4552
4553
4554
4555
4564
4565
4566
4567
4568
4569
4572
4573
4574
4575
4578
4579
4580
4581
4582
4583
4588
4589
4590
4591
4592
4593
4596
4597
4600
4601
4602
4603
4604
4605
4608
4609
4612
4613
4614
4615
4618
4619
4620
4621
4622
4623
4624
4625
4626
4627
4628
4629
4630
4631
4632
4633
4634
4635
4636
4647
4648
4649
4650
4651
4652
4653
4654
4655
4656
4657
4658
4659
4660
4663
4664
4665
4672
4673
4674
4675
4686
4687
4688
4689
4690
4691
4692
4693
4698
4699
4704
4705
4706
4707
4728
4729
4730
4731
4736
4737
4738
4739
4742
4743
4750
4751
4752
4753
4754
4755
4756
4757
4758
4761
4762
4763
4764
4776
4777
4778
4779
4780
4781
4782
4783
4790
4791
4792
4793
4794
4795
4796
4797
4804
4805
4806
4807
4808
4809
4814
4815
4816
4817
4818
4819
4826
4827
4830
4831
4832
4833
4834
4835
4836
4837
4838
4839
4842
4843
4844
4845
4848
4849
4854
4855
4856
4857
4858
4859
4860
4861
4879
4880
4887
4888
4889
4890
4891
4892
4893
4899
4900
4901
4902
4905
4906
4907
4908
4931
4932
4939
4940
4942
4943
4952
4953
4966
4967
4968
4969
4970
4971
4972
4973
4976
4977
4978
4979
4988
4989
4996
5001
5002
5003
5004
5007
5008
5017
5018
5019
5020
5021
5022
5023
5024
5025
5026
5027
5028
5033
5034
5039
5040
5041
5042
5045
5046
5051
5052
5057
5058
5061
5062
5065
5066
5069
5070
5071
5072
5073
5074
5083
5084
5085
5086
5087
5088
5089
5090
5091
5092
5093
5094
5095
5096
5101
5102
5103
5104
5109
5112
5113
5116
5117
5118
5119
5124
5125
5126
5127
5128
5129
5130
5131
5136
5137
5138
5139
5140
5141
5142
5143
5146
5147
5148
5149
5152
5153
5156
5157
5162
5163
5164
5165
5166
5167
5168
5169
5170
5171
5172
5173
5180
5181
5182
5183
5184
5185
5188
5199
5200
5201
5202
5209
5210
5211
5220
5221
5224
5225
5226
5227
5228
5229
5230
5231
5232
5233
5234
5235
5243
5244
5245
5250
5251
5252
5253
5260
5261
5262
5263
5266
5267
5270
5271
5272
5273
5274
5275
5276
5277
5278
5279
5288
5289
5298
5299
5300
5301
5302
5303
5306
5307
5316
5317
5318
5319
5320
5321
5324
5325
5329
5330
5333
5334
5335
5336
5337
5338
5339
5340
5343
5344
5345
5346
5355
5356
5357
5358
5359
5360
5361
5362
5363
5364
5365
5366
5367
5368
5369
5370
5371
5372
5373
5374
5377
5378
5381
5382
5383
5384
5387
5388
5391
5392
5393
5394
5395
5396
5397
5398
5401
5402
5407
5408
5409
5410
5411
5412
5413
5414
5415
5416
5417
5418
5419
5420
5421
5424
5425
5430
5431
5432
5433
5439
5440
5441
5442
5443
5444
5454
5455
5460
5461
5464
5465
5466
5467
5472
5473
5474
5475
5480
5481
5484
5485
5486
5487
5493
5494
5495
5500
5501
5502
5503
5506
5507
5508
5509
5514
5515
5518
5519
5520
5521
5524
5525
5526
5529
5530
5537
5538
5543
5544
5545
5546
5547
5548
5555
5556
5559
5560
5561
5562
5567
5568
5573
5574
5577
5578
5581
5582
5583
5584
5585
5586
5587
5588
5589
5590
5591
5592
5593
5594
5597
5598
5599
5600
5601
5602
5603
5604
5605
5606
5631
5632
5635
5636
5643
5644
5647
5648
5659
5660
5668
5669
5670
5671
5676
5677
5678
5681
5682
5683
5684
5689
5690
5691
5692
5703
5704
5717
5718
5719
5720
5727
5728
5729
5730
5731
5732
5737
5738
5741
5742
5743
5744
5745
5746
5753
5754
5755
5756
5763
5764
5765
5766
5767
5768
5773
5774
5775
5776
5779
5780
5781
5782
5783
5784
5785
5786
5787
5788
5791
5792
5797
5798
5803
5804
5809
5810
5823
5824
5825
5826
5827
5828
5831
5832
5833
5834
5835
5836
5837
5838
5843
5844
5845
5846
5847
5848
5849
5850
5851
5852
5853
5858
5859
5860
5861
5870
5871
5874
5875
5878
5879
5886
5887
5888
5889
5890
5891
5898
5899
5902
5903
5906
5907
5910
5911
5914
5915
5918
5919
5920
5921
5924
5925
5926
5927
5932
5933
5940
5941
5944
5945
5946
5947
5948
5949
5954
5955
5956
5957
5958
5959
5960
5961
5968
5969
5970
5971
5972
5973
5974
5975
5976
5977
5978
5979
5982
5983
5984
5987
5988
5989
5990
5991
5992
5993
5994
5995
5997
5998
5999
6000
6001
6002
6003
6004
6005
6006
6007
6008
6013
6014
6017
6018
6023
6024
6027
6028
6029
6030
6041
6042
6047
6048
6053
6054
6063
6064
6065
6066
6071
6072
6077
6078
6081
6082
6097
6098
6105
6106
6107
6108
6109
6110
6117
6118
6129
6130
6131
6132
6133
6134
6143
6144
6147
6148
6149
6150
6151
6152
6161
6162
6163
6164
6165
6166
6167
6168
6173
6174
6188
6191
6192
6197
6198
6213
6214
6215
6216
6217
6218
6219
6220
6221
6222
6231
6232
6233
6234
6235
6240
6241
6242
6243
6244
6245
6248
6249
6250
6251
6254
6255
6256
6257
6258
6259
6264
6265
6266
6267
6268
6269
6270
6271
6272
6273
6274
6275
6276
6277
6278
6279
6282
6283
6284
6285
6286
6287
6288
6289
6296
6297
6302
6303
6310
6311
6314
6315
6322
6323
6328
6329
6334
6335
6336
6337
6338
6339
6340
6341
6356
6357
6358
6359
6360
6361
6362
6363
6376
6377
6378
6379
6392
6393
6396
6397
6398
6399
6400
6401
6402
6403
6412
6413
6414
6415
6416
6417
6418
6419
6422
6423
6425
6426
6427
6428
6433
6434
6435
6436
6437
6438
6439
6440
6441
6442
6443
6444
6445
6446
6447
6448
6449
6450
6451
6452
6455
6456
6463
6464
6467
6468
6469
6470
6471
6472
6473
6474
6475
6476
6477
6478
6481
6482
6483
6484
6487
6488
6495
6496
6497
6498
6507
6508
6511
6512
6513
6514
6515
6516
6517
6518
6519
6520
6521
6522
6523
6524
6525
6528
6529
6534
6535
6538
6539
6544
6545
6546
6547
6550
6551
6555
6556
6569
6570
6573
6574
6575
6576
6577
6578
6579
6580
6581
6582
6588
6589
6592
6593
6594
6595
6596
6597
6600
6601
6604
6605
6610
6611
6612
6613
6614
6615
6616
6617
6618
6619
6630
6631
6636
6637
6638
6639
6640
6641
6642
6643
6645
6647
6658
6659
6666
6667
6680
6681
6682
6683
6684
6685
6686
6687
6688
6689
6690
6691
6692
6693
6698
6699
6700
6701
6704
6705
6706
6707
6708
6709
6710
6711
6712
6713
6716
6717
6720
6721
6722
6723
6726
6727
6728
6729
6732
6733
6738
6739
6740
6741
6744
6745
6746
6747
6748
6749
6750
6751
6752
6753
6754
6755
6756
6757
6770
6771
6776
6777
6778
6779
6782
6783
6786
6787
6788
6789
6790
6791
6792
6793
6796
6797
6804
6805
6808
6809
6810
6811
6812
6813
6814
6815
6818
6819
6820
6821
6822
6823
6826
6827
6828
6829
6834
6835
6836
6837
6838
6839
6840
6841
6848
6849
6850
6851
6856
6857
6858
6859
6860
6861
6862
6863
6864
6865
6866
6867
6886
6887
6888
6889
6894
6895
6896
6897
6900
6901
6920
6921
6922
6923
6924
6925
6932
6933
6938
6939
6940
6941
6944
6945
6946
6947
6948
6949
6950
6951
6954
6955
6956
6957
6958
6959
6960
6961
6964
6965
6966
6967
6972
6973
6974
6975
6976
6977
6978
6979
6980
6981
6982
6983
6984
6985
6992
6993
6994
6995
6996
6997
6998
6999
7006
7007
7010
7011
7012
7013
7014
7018
7019
7020
7021
7022
7023
7024
7025
7028
7033
7034
7049
7050
7055
7056
7057
7058
7061
7062
7063
7064
7065
7066
7067
7068
7069
7070
7073
7074
7075
7076
7077
7078
7079
7080
7081
7082
7085
7088
7095
7096
7097
7098
7099
7100
7101
7102
7103
7104
7105
7106
7117
7118
7119
7120
7121
7122
7123
7124
7127
7128
7135
7136
7137
7138
7140
7141
7142
7153
7154
7161
7162
7163
7164
7165
7166
7169
7170
7171
7172
7177
7178
7179
7180
7185
7186
7187
7188
7193
7194
7201
7202
7203
7204
7205
7206
7207
7208
7209
7210
7211
7212
7213
7214
7219
7220
7227
7228
7233
7234
7247
7248
7249
7250
7251
7252
7259
7260
7261
7262
7263
7264
7265
7266
7275
7276
7277
7278
7279
7280
7281
7282
7283
7284
7289
7290
7291
7292
7293
7294
7295
7296
7303
7304
7305
7306
7311
7312
7315
7316
7317
7318
7321
7322
7323
7324
7329
7330
7331
7332
7337
7338
7343
7344
7347
7348
7349
7350
7351
7352
7353
7354
7355
7356
7357
7358
7361
7362
7365
7366
7367
7368
7377
7378
7381
7382
7385
7387
7388
7389
7390
7393
7394
7395
7396
7397
7398
7399
7400
7407
7408
7409
7410
7417
7418
7427
7428
7429
7430
7431
7432
7433
7434
7435
7436
7441
7442
7445
7446
7447
7448
7457
7458
7461
7462
7463
7464
7467
7468
7469
7470
7473
7474
7475
7476
7477
7478
7479
7480
7481
7482
7483
7484
7485
7486
7489
7490
7491
7492
7493
7494
7497
7498
7499
7500
7507
7508
7515
7516
7517
7518
7519
7520
7521
7522
7531
7532
7535
7536
7545
7546
7549
7550
7551
7552
7575
7576
7583
7584
7585
7586
7587
7588
7589
7590
7597
7598
7599
7600
7601
7602
7603
7604
7605
7606
7613
7614
7615
7616
7617
7618
7619
7620
7621
7622
7623
7624
7625
7626
7629
7630
7631
7632
7633
7634
7639
7640
7641
7642
7643
7644
7649
7650
7651
7652
7653
7654
7661
7662
7663
7664
7665
7666
7667
7668
7671
7672
7673
7674
7675
7676
7679
7680
7681
7682
7683
7684
7695
7696
7703
7704
7713
7714
7715
7716
7717
7718
7719
7720
7725
7726
7737
7738
7739
7740
7741
7742
7745
7746
7749
7750
7753
7754
7755
7756
7757
7758
7759
7760
7761
7762
7771
7772
7773
7774
7779
7780
7781
7782
7783
7784
7787
7788
7793
7794
7797
7798
7807
7808
7811
7812
7815
7816
7824
7825
7830
7831
7832
7833
7834
7835
7838
7839
7840
7841
7842
7843
7846
7847
7852
7853
7854
7855
7856
7857
7860
7861
7862
7863
7866
7867
7868
7869
7872
7873
7874
7875
7876
7877
7878
7879
7880
7881
7888
7889
7890
7891
7892
7893
7894
7895
7896
7897
7902
7903
7906
7907
7908
7909
7910
7911
7912
7913
7914
7915
7916
7917
7924
7925
7926
7927
7928
7929
7930
7931
7932
7933
7934
7935
7938
7939
7940
7941
7942
7943
7944
7945
7948
7949
7950
7951
7952
7953
7954
7955
7956
7957
7958
7959
7960
7961
7962
7963
7970
7971
7974
7975
7976
7977
7978
7979
7982
7983
7990
7991
8004
8005
8006
8007
8014
8015
8016
8017
8018
8019
8020
8021
8024
8025
8027
8028
8029
8030
8031
8032
8033
8034
8039
8040
8043
8044
8045
8046
8047
8048
8053
8054
8057
8058
8059
8060
8061
8062
8065
8066
8071
8072
8073
8074
8081
8082
8083
8084
8087
8088
8089
8090
8099
8100
8101
8102
8103
8104
8107
8108
8109
8110
8111
8112
8113
8114
8117
8118
8119
8120
8135
8136
8139
8140
8141
8142
8143
8144
8145
8146
8149
8150
8151
8152
8161
8162
8163
8164
8169
8170
8171
8172
8173
8174
8175
8176
8177
8178
8179
8180
8181
8182
8183
8184
8193
8194
8195
8196
8197
8198
8203
8204
8207
8208
8217
8218
8219
8220
8227
8228
8231
8232
8233
8234
8235
8236
8237
8238
8249
8250
8251
8252
8253
8254
8261
8262
8263
8264
8269
8270
8271
8272
8275
8276
8279
8280
8281
8282
8283
8284
8285
8286
8287
8288
8289
8290
8291
8292
8293
8294
8299
8300
8301
8302
8303
8304
8309
8310
8311
8312
8319
8320
8321
8322
8331
8332
8333
8334
8335
8336
8337
8338
8345
8346
8347
8348
8349
8350
8361
8362
8367
8368
8373
8374
8377
8378
8383
8384
8393
8394
8401
8402
8403
8404
8405
8406
8411
8412
8413
8414
8419
8420
8421
8422
8427
8428
8431
8432
8433
8434
8435
8436
8437
8438
8439
8440
8449
8450
8455
8456
8465
8466
8467
8468
8469
8470
8475
8476
8477
8478
8479
8480
8481
8482
8483
8484
8485
8486
8491
8492
8499
8500
8503
8504
8505
8506
8507
8508
8509
8510
8511
8512
8515
8516
8517
8518
8519
8520
8521
8522
8523
8524
8525
8526
8529
8530
8531
8532
8533
8534
8537
8538
8541
8542
8545
8546
8549
8550
8551
8552
8555
8556
8557
8558
8559
8560
8563
8564
8569
8570
8571
8572
8573
8574
8581
8582
8587
8588
8589
8590
8591
8592
8597
8598
8599
8600
8601
8602
8603
8604
8605
8606
8607
8608
8611
8612
8617
8618
8621
8622
8627
8628
8633
8634
8651
8652
8663
8664
8673
8674
8697
8698
8699
8700
8703
8704
8705
8706
8707
8708
8709
8710
8717
8718
8719
8720
8721
8722
8723
8724
8727
8728
8729
8730
8731
8732
8735
8736
8737
8738
8745
8746
8751
8752
8753
8754
8773
8774
8775
8776
8777
8778
8779
8780
8783
8784
8787
8788
8789
8790
8791
8792
8793
8798
8799
8800
8801
8804
8805
8806
8807
8808
8809
8810
8811
8814
8815
8816
8817
8818
8819
8820
8821
8822
8823
8824
8825
8834
8835
8836
8837
8838
8839
8840
8841
8842
8843
8844
8845
8846
8847
8848
8849
8850
8851
8852
8853
8854
8855
8856
8857
8858
8859
8860
8861
8862
8863
8864
8865
8866
8867
8868
8869
8877
8878
8879
8880
8881
8882
8883
8890
8891
8892
8893
8894
8895
8900
8901
8902
8903
8906
8907
8918
8919
8922
8923
8924
8925
8926
8927
8928
8929
8930
8931
8934
8935
8950
8951
8970
8971
8976
8977
8978
8979
8982
8983
8984
8985
8986
8987
8988
8989
8996
8997
8998
8999
9000
9001
9002
9003
9004
9005
9006
9007
9008
9009
9022
9023
9026
9027
9028
9029
9034
9035
9036
9037
9040
9041
9048
9049
9050
9051
9054
9055
9058
9059
9060
9062
9063
9064
9065
9068
9069
9072
9073
9074
9075
9076
9077
9084
9085
9087
9090
9091
9092
9093
9094
9095
9098
9099
9100
9101
9102
9103
9106
9107
9108
9109
9122
9123
9124
9125
9132
9133
9134
9135
9136
9137
9138
9139
9142
9143
9144
9145
9146
9147
9148
9149
9150
9153
9154
9155
9156
9159
9160
9163
9164
9165
9166
9167
9168
9169
9170
9175
9176
9177
9178
9179
9180
9181
9182
9183
9184
9185
9186
9187
9188
9189
9190
9195
9196
9197
9198
9207
9208
9220
9221
9222
9223
9224
9225
9228
9229
9230
9231
9232
9233
9234
9235
9258
9259
9262
9263
9264
9265
9287
9288
9295
9296
9297
9298
9299
9300
9301
9302
9303
9304
9309
9310
9312
9313
9314
9315
9316
9317
9320
9321
9322
9323
9324
9325
9326
9327
9334
9335
9338
9339
9340
9341
9342
9343
9344
9345
9346
9347
9354
9355
9360
9361
9362
9363
9366
9367
9368
9369
9378
9379
9392
9393
9394
9395
9396
9397
9398
9399
9400
9401
9402
9403
9404
9405
9406
9407
9412
9413
9414
9415
9416
9417
9418
9419
9424
9425
9426
9427
9434
9435
9436
9437
9438
9439
9440
9441
9452
9453
9458
9459
9460
9461
9462
9463
9464
9465
9466
9467
9468
9469
9470
9471
9472
9473
9474
9475
9476
9477
9480
9481
9482
9483
9484
9485
9486
9487
9488
9489
9490
9491
9492
9493
9500
9501
9508
9509
9510
9511
9518
9519
9520
9521
9522
9523
9530
9531
9532
9533
9538
9539
9540
9541
9546
9547
9550
9551
9556
9557
9560
9561
9566
9567
9568
9569
9576
9577
9578
9579
9590
9591
9592
9595
9596
9597
9598
9603
9604
9605
9606
9619
9620
9623
9624
9627
9628
9629
9630
9633
9634
9635
9636
9637
9638
9639
9640
9641
9642
9643
9644
9649
9650
9651
9652
9655
9656
9663
9664
9667
9668
9673
9674
9684
9685
9688
9689
9690
9691
9694
9695
9696
9697
9700
9701
9704
9705
9706
9707
9708
9709
9710
9711
9712
9713
9714
9715
9722
9723
9730
9731
9734
9735
9744
9745
9748
9749
9758
9759
9764
9765
9768
9769
9770
9771
9772
9773
9774
9775
9776
9777
9780
9781
9782
9783
9784
9785
9786
9787
9788
9789
9792
9793
9794
9795
9798
9799
9806
9807
9808
9809
9810
9811
9814
9815
9817
9818
9819
9820
9821
9822
9823
9824
9825
9826
9827
9828
9829
9830
9831
9832
9833
9834
9835
9836
9837
9840
9841
9842
9843
9844
9845
9846
9847
9850
9851
9856
9857
9864
9865
9866
9867
9870
9871
9880
9881
9882
9883
9884
9885
9886
9887
9888
9889
9890
9891
9892
9893
9894
9895
9896
9897
9902
9903
9912
9913
9916
9917
9918
9919
9920
9921
9922
9923
9924
9925
9926
9927
9936
9937
9938
9939
9940
9941
9942
9943
9946
9947
9948
9949
9952
9953
9958
9959
9960
9961
9962
9963
9966
9967
9974
9975
9976
9977
9978
9979
9984
9985
9986
9987
9988
9989
9990
9991
10000
10001
10004
10005
10008
10009
10012
10013
10014
10015
10020
10021
10022
10023
10024
10025
10026
10027
10028
10029
10032
10033
10034
10035
10040
10041
10044
10045
10048
10049
10050
10051
10056
10057
10062
10063
10064
10065
10068
10069
10070
10071
10074
10075
10076
10077
10080
10081
10084
10085
10086
10087
10088
10089
10090
10091
10094
10095
10100
10101
10102
10103
10108
10109
10110
10111
10112
10113
10114
10115
10120
10121
10126
10127
10128
10129
10136
10137
10138
10139
10140
10141
10142
10143
10144
10145
10146
10147
10148
10149
10150
10151
10152
10153
10154
10155
10156
10157
10158
10159
10160
10161
10162
10163
10164
10165
10168
10169
10172
10173
10176
10177
10182
10183
10184
10185
10186
10187
10188
10189
10204
10205
10208
10209
10216
10217
10220
10221
10222
10223
10224
10225
10226
10227
10232
10233
10240
10241
10244
10245
10248
10249
10250
10251
10252
10253
10262
10263
10272
10273
10276
10277
10278
10279
10280
10281
10282
10283
10286
10287
10288
10289
10290
10291
10294
10295
10296
10297
10298
10299
10300
10301
10304
10305
10320
10321
10322
10323
10324
10325
10340
10341
10344
10345
10346
10347
10352
10353
10358
10359
10360
10361
10364
10365
10366
10367
10379
10380
10390
10391
10392
10393
10394
10395
10398
10399
10416
10417
10418
10419
10422
10423
10424
10425
10426
10427
10428
10429
10430
10431
10432
10433
10438
10439
10442
10443
10444
10445
10446
10447
10450
10451
10454
10455
10456
10457
10460
10461
10462
10463
10464
10465
10466
10467
10468
10469
10476
10477
10482
10483
10486
10487
10488
10489
10490
10491
10494
10495
10496
10497
10498
10499
10500
10501
10504
10505
10510
10511
10516
10517
10518
10519
10520
10521
10522
10523
10526
10527
10538
10539
10542
10543
10544
10545
10546
10547
10548
10549
10550
10551
10552
10553
10554
10555
10558
10559
10572
10573
10576
10577
10578
10579
10584
10585
10586
10587
10588
10589
10594
10595
10596
10597
10598
10599
10600
10601
10604
10605
10608
10609
10610
10611
10612
10613
10614
10615
10616
10617
10624
10625
10628
10629
10630
10631
10640
10641
10650
10651
10654
10655
10656
10657
10658
10659
10666
10667
10668
10669
10670
10671
10672
10673
10674
10675
10682
10683
10688
10689
10690
10691
10692
10693
10694
10695
10702
10703
10704
10705
10706
10707
10708
10709
10714
10715
10716
10717
10718
10719
10720
10721
10726
10727
10730
10731
10732
10733
10734
10735
10736
10737
10738
10739
10740
10741
10746
10747
10754
10755
10758
10759
10760
10761
10762
10763
10764
10765
10766
10767
10770
10771
10774
10775
10780
10781
10788
10789
10802
10803
10804
10805
10806
10807
10808
10809
10810
10811
10812
10813
10816
10817
10818
10819
10822
10823
10828
10829
10842
10843
10844
10845
10848
10849
10852
10853
10854
10855
10860
10861
10862
10863
10874
10875
10890
10891
10894
10895
10904
10905
10906
10907
10908
10909
10912
10914
10915
10916
10917
10920
10921
10922
10923
10924
10925
10926
10927
10928
10929
10932
10933
10934
10935
10936
10937
10938
10939
10940
10941
10942
10943
10944
10945
10946
10947
10950
10951
10952
10953
10954
10955
10964
10965
10968
10969
10970
10971
10976
10977
10978
10979
10992
10993
11000
11001
11002
11003
11004
11005
11010
11011
11012
11013
11014
11015
11038
11039
11054
11055
11056
11057
11058
11059
11066
11067
11068
11069
11072
11073
11080
11081
11082
11083
11088
11089
11090
11091
11094
11095
11098
11099
11126
11127
11130
11131
11136
11137
11138
11139
11140
11141
11142
11143
11150
11151
11153
11154
11155
11156
11157
11158
11159
11160
11161
11162
11163
11164
11165
11166
11167
11168
11169
11170
11171
11172
11173
11174
11175
11178
11179
11188
11189
11190
11191
11196
11197
11218
11219
11220
11221
11222
11223
11224
11225
11226
11227
11230
11231
11240
11241
11242
11243
11248
11249
11252
11253
11254
11255
11260
11261
11262
11263
11268
11269
11278
11279
11282
11283
11288
11289
11290
11291
11292
11293
11296
11297
11300
11301
11302
11303
11306
11307
11308
11309
11310
11311
11314
11315
11318
11319
11322
11323
11324
11325
11332
11333
11334
11335
11336
11337
11348
11349
11350
11351
11356
11357
11358
11359
11360
11361
11364
11365
11378
11379
11392
11393
11394
11395
11400
11401
11402
11403
11404
11405
11414
11415
11422
11423
11424
11425
11432
11433
11434
11435
11436
11437
11438
11439
11444
11445
11446
11447
11448
11449
11450
11451
11452
11453
11462
11463
11466
11467
11472
11473
11474
11475
11476
11477
11482
11483
11490
11491
11508
11509
11512
11513
11520
11521
11522
11523
11526
11527
11536
11537
11538
11539
11546
11547
11552
11553
11556
11557
11558
11559
11560
11561
11574
11575
11576
11577
11578
11579
11580
11581
11584
11585
11594
11595
11596
11597
11598
11599
11600
11601
11604
11605
11608
11609
11614
11615
11618
11619
11620
11621
11622
11623
11624
11625
11626
11627
11628
11629
11630
11631
11636
11637
11640
11641
11646
11647
11648
11649
11650
11651
11652
11653
11658
11659
11660
11661
11662
11663
11664
11665
11668
11669
11676
11677
11678
11679
11682
11683
11684
11685
11686
11687
11688
11689
11690
11691
11694
11695
11696
11697
11698
11699
11706
11707
11708
11709
11710
11711
11716
11717
11722
11723
11726
11727
11736
11737
11748
11749
11750
11751
11754
11755
11760
11761
11766
11767
11770
11771
11774
11775
11784
11785
11786
11787
11790
11791
11796
11797
11798
11799
11800
11801
11802
11803
11806
11807
11810
11811
11812
11813
11814
11815
11818
11819
11822
11823
11824
11825
11826
11827
11828
11829
11830
11831
11832
11833
11842
11843
11844
11845
11848
11849
11850
11851
11852
11853
11854
11855
11856
11857
11858
11859
11860
11861
11864
11865
11866
11867
11868
11869
11870
11871
11882
11883
11884
11885
11886
11887
11892
11893
11894
11895
11896
11897
11898
11899
11900
11901
11912
11913
11914
11915
11916
11917
11918
11919
11920
11921
11932
11933
11936
11937
11938
11939
11940
11941
11942
11943
11944
11945
11946
11947
11948
11949
11956
11957
11958
11959
11960
11961
11962
11963
11964
11965
11966
11967
11970
11971
11976
11977
11980
11981
11982
11983
11984
11985
11986
11987
11988
11989
11992
11993
11996
11997
11998
11999
12000
12001
12006
12007
12008
12009
12010
12011
12012
12013
12044
12045
12054
12055
12058
12059
12060
12061
12066
12067
12070
12071
12072
12073
12076
12077
12082
12083
12084
12085
12096
12097
12104
12105
12106
12107
12108
12109
12110
12111
12124
12125
12126
12127
12128
12129
12130
12131
12132
12133
12134
12135
12136
12137
12138
12139
12144
12145
12148
12149
12150
12151
12154
12155
12156
12157
12160
12161
12162
12163
12164
12165
12166
12167
12170
12171
12172
12173
12174
12175
12176
12177
12178
12179
12180
12181
12188
12189
12192
12193
12194
12195
12196
12197
12200
12201
12204
12205
12206
12207
12214
12215
12218
12219
12220
12221
12223
12228
12229
12234
12235
12236
12237
12240
12241
12246
12247
12248
12249
12250
12251
12252
12253
12254
12255
12258
12259
12260
12261
12262
12263
12264
12265
12268
12269
12270
12271
12272
12273
12274
12275
12276
12277
12286
12287
12304
12305
12316
12317
12320
12321
12322
12323
12324
12325
12336
12337
12338
12339
12342
12343
12344
12345
12346
12347
12348
12349
12350
12351
12352
12353
12354
12355
12356
12357
12360
12361
12364
12365
12366
12367
12370
12371
12372
12373
12376
12377
12378
12379
12382
12383
12390
12391
12392
12393
12394
12395
12396
12397
12398
12399
12400
12401
12402
12403
12406
12407
12408
12409
12410
12411
12416
12417
12422
12423
12432
12433
12434
12435
12438
12439
12450
12451
12458
12459
12460
12461
12462
12463
12464
12465
12466
12467
12468
12469
12478
12479
12480
12481
12484
12485
12486
12487
12494
12495
12496
12497
12498
12499
12502
12503
12506
12507
12514
12515
12518
12519
12520
12521
12522
12523
12530
12531
12532
12533
12544
12545
12546
12547
12548
12549
12550
12551
12552
12553
12554
12555
12556
12557
12558
12559
12562
12563
12564
12565
12572
12573
12574
12575
12576
12577
12582
12583
12584
12585
12588
12589
12590
12591
12592
12593
12594
12595
12596
12597
12602
12603
12604
12605
12612
12613
12616
12617
12618
12619
12620
12621
12624
12625
12626
12627
12628
12629
12630
12631
12640
12641
12644
12645
12648
12649
12656
12657
12658
12659
12664
12665
12668
12669
12674
12675
12682
12683
12684
12685
12688
12689
12692
12693
12698
12699
12704
12705
12706
12707
12708
12709
12710
12711
12712
12713
12716
12717
12718
12719
12720
12721
12722
12723
12734
12735
12751
12752
12753
12758
12759
12760
12761
12762
12763
12764
12765
12766
12767
12768
12769
12772
12773
12774
12775
12782
12783
12784
12785
12786
12787
12788
12789
12790
12791
12794
12795
12798
12799
12800
12801
12802
12803
12808
12809
12810
12811
12812
12813
12814
12815
12816
12817
12818
12819
12820
12821
12822
12823
12824
12825
12832
12833
12836
12837
12838
12839
12840
12841
12848
12849
12850
12851
12854
12855
12858
12859
12860
12861
12868
12869
12870
12871
12872
12873
12874
12875
12880
12881
12882
12883
12884
12885
12886
12887
12900
12901
12904
12905
12908
12909
12910
12911
12916
12917
12918
12919
12920
12921
12930
12931
12932
12933
12934
12935
12938
12939
12940
12941
12942
12943
12944
12945
12950
12951
12952
12953
12954
12955
12966
12967
12968
12969
12970
12971
12978
12979
12982
12983
12990
12991
12992
12993
12996
12997
12998
12999
13006
13007
13020
13021
13022
13023
13024
13025
13026
13027
13028
13029
13032
13033
13036
13037
13038
13039
13054
13055
13056
13057
13058
13059
13060
13061
13062
13063
13064
13065
13066
13067
13068
13069
13080
13081
13082
13083
13090
13091
13100
13101
13102
13103
13104
13106
13107
13108
13109
13114
13115
13122
13123
13126
13127
13134
13135
13138
13139
13140
13141
13142
13143
13146
13147
13150
13151
13152
13153
13154
13155
13156
13157
13158
13159
13160
13161
13162
13163
13166
13167
13174
13175
13178
13179
13180
13181
13190
13191
13192
13193
13194
13195
13196
13197
13202
13203
13206
13207
13220
13221
13224
13225
13226
13227
13236
13237
13240
13241
13242
13243
13246
13247
13248
13249
13250
13251
13252
13253
13254
13255
13256
13257
13258
13259
13284
13285
13286
13287
13288
13289
13290
13291
13292
13293
13294
13295
13296
13297
13298
13299
13300
13301
13304
13305
13306
13307
13308
13309
13326
13327
13328
13329
13336
13337
13338
13339
13340
13341
13342
13343
13348
13349
13350
13351
13352
13353
13354
13355
13356
13357
13364
13365
13370
13371
13372
13373
13374
13375
13376
13377
13378
13379
13386
13387
13388
13389
13392
13393
13394
13395
13398
13399
13400
13401
13402
13403
13406
13407
13408
13409
13410
13411
13412
13413
13414
13415
13416
13417
13418
13419
13420
13421
13422
13423
13424
13425
13426
13427
13428
13429
13434
13435
13436
13437
13438
13439
13440
13441
13446
13447
13448
13449
13450
13451
13452
13453
13454
13455
13462
13463
13470
13471
13474
13475
13476
13477
13480
13481
13482
13483
13485
13486
13487
13488
13489
13500
13501
13502
13503
13514
13515
13520
13521
13532
13533
13534
13535
13536
13537
13540
13541
13542
13543
13544
13545
13546
13547
13548
13549
13558
13559
13560
13561
13562
13563
13564
13565
13568
13569
13572
13573
13574
13575
13576
13577
13578
13579
13592
13593
13600
13601
13604
13605
13606
13607
13608
13609
13610
13611
13616
13617
13618
13619
13620
13621
13624
13625
13628
13629
13630
13631
13632
13633
13634
13635
13636
13637
13656
13657
13664
13665
13666
13667
13668
13669
13670
13671
13674
13675
13678
13679
13680
13681
13682
13683
13688
13689
13694
13695
13696
13697
13700
13701
13706
13707
13710
13711
13712
13713
13718
13719
13720
13721
13722
13723
13738
13739
13746
13747
13748
13749
13752
13754
13755
13764
13765
13772
13773
13780
13781
13790
13791
13798
13799
13800
13801
13802
13803
13806
13807
13808
13809
13814
13815
13816
13817
13818
13819
13820
13821
13822
13823
13826
13827
13828
13829
13836
13837
13844
13845
13846
13847
13848
13849
13852
13853
13858
13859
13860
13861
