1
2
3
4
5
6
7
9
10
11
12
13
14
15
16
17
20
24
26
30
32
50
57
58
63
65
66
67
68
69
70
71
72
74
76
77
78
79
81
82
83
84
85
86
87
88
92
93
97
98
100
104
105
106
108
109
111
112
114
115
118
124
127
128
129
130
135
136
140
141
142
143
144
147
148
151
152
158
159
161
162
163
164
165
166
167
168
169
170
173
178
179
183
184
185
187
188
191
192
195
196
197
200
202
203
207
209
210
211
214
217
218
219
221
226
227
228
229
232
233
234
235
247
248
249
250
255
256
257
258
259
260
261
264
265
269
270
271
272
273
274
275
276
277
278
291
292
295
296
302
303
312
313
314
315
316
317
320
321
322
323
326
327
328
335
336
337
338
339
340
341
346
347
360
361
364
365
368
369
370
371
372
373
374
375
376
377
378
379
382
383
384
385
394
395
396
397
400
401
402
403
404
405
412
413
425
426
427
428
431
432
435
436
437
438
441
442
445
446
448
449
450
451
452
453
454
455
460
461
462
463
466
467
468
469
470
471
476
477
480
481
482
483
484
485
486
487
489
490
493
494
495
496
497
500
501
506
507
508
509
519
520
521
524
525
532
533
542
543
546
547
548
549
552
553
554
555
556
557
563
564
565
566
569
570
576
577
578
579
580
581
582
589
590
593
594
595
596
600
601
602
603
604
605
606
607
608
609
612
613
614
620
627
628
630
631
632
633
634
635
636
637
638
639
644
649
650
659
660
662
663
665
666
667
668
671
672
673
674
675
676
677
678
679
682
683
684
693
694
695
696
699
700
709
710
711
712
713
714
715
716
717
718
719
720
722
723
724
725
728
729
730
731
737
738
750
751
765
766
767
768
769
770
771
772
773
774
779
780
788
789
797
798
799
800
801
802
803
804
805
806
807
808
824
825
826
827
828
829
830
831
834
835
836
837
838
839
842
843
844
845
846
847
850
851
856
857
866
867
868
869
870
871
872
873
874
875
876
877
880
881
882
883
884
885
886
894
895
896
897
898
899
903
904
905
906
907
908
915
916
917
918
919
920
921
922
939
940
941
942
943
944
945
946
947
948
949
950
951
952
957
958
959
960
961
962
965
966
967
968
976
977
980
981
988
992
993
994
995
998
999
1004
1005
1008
1009
1014
1015
1018
1019
1022
1023
1026
1027
1028
1029
1030
1031
1032
1033
1039
1040
1041
1042
1051
1052
1053
1061
1062
1066
1067
1070
1071
1080
1081
1082
1083
1086
1087
1088
1089
1092
1093
1094
1095
1096
1097
1104
1105
1106
1109
1110
1113
1114
1117
1118
1119
1120
1121
1122
1123
1124
1129
1130
1131
1134
1135
1136
1137
1142
1143
1148
1149
1152
1153
1158
1159
1162
1163
1168
1169
1170
1171
1172
1173
1184
1185
1186
1187
1190
1191
1194
1195
1196
1199
1200
1201
1206
1207
1208
1209
1210
1211
1218
1219
1220
1221
1228
1229
1232
1233
1234
1235
1243
1244
1245
1246
1247
1248
1249
1250
1251
1252
1260
1261
1262
1263
1275
1276
1277
1278
1279
1280
1281
1282
1283
1284
1285
1286
1297
1298
1301
1302
1309
1310
1311
1320
1321
1322
1323
1324
1325
1331
1332
1335
1336
1337
1338
1339
1340
1343
1346
1347
1348
1349
1354
1355
1356
1357
1362
1363
1364
1365
1366
1367
1368
1369
1372
1373
1374
1375
1378
1379
1380
1381
1385
1386
1387
1388
1396
1397
1404
1405
1406
1407
1410
1411
1414
1415
1418
1419
1420
1421
1422
1423
1424
1425
1426
1427
1428
1429
1430
1431
1432
1433
1434
1435
1436
1437
1442
1443
1448
1449
1450
1451
1454
1455
1460
1461
1462
1463
1474
1475
1476
1477
1482
1483
1484
1485
1489
1490
1491
1492
1493
1494
1495
1496
1497
1498
1499
1506
1507
1514
1515
1518
1519
1520
1521
1528
1529
1534
1535
1536
1537
1538
1539
1540
1541
1542
1545
1546
1547
1548
1549
1550
1551
1552
1553
1554
1555
1559
1568
1569
1570
1571
1572
1573
1574
1575
1583
1584
1585
1586
1587
1588
1589
1594
1595
1600
1601
1604
1605
1606
1607
1608
1615
1616
1617
1618
1626
1627
1632
1633
1640
1641
1642
1643
1646
1647
1648
1653
1654
1655
1656
1659
1660
1661
1662
1669
1670
1671
1672
1673
1674
1677
1678
1687
1688
1689
1690
1699
1700
1701
1702
1705
1706
1711
1712
1713
1714
1715
1716
1717
1718
1719
1720
1721
1722
1727
1728
1729
1730
1733
1734
1735
1736
1739
1740
1741
1749
1750
1751
1752
1753
1754
1755
1756
1757
1758
1759
1764
1765
1766
1767
1774
1775
1784
1785
1786
1787
1794
1795
1796
1797
1798
1799
1800
1801
1802
1803
1804
1805
1808
1809
1810
1811
1812
1813
1814
1815
1818
1819
1820
1821
1824
1825
1829
1830
1831
1832
1833
1836
1837
1838
1839
1847
1848
1849
1850
1851
1852
1857
1858
1859
1860
1861
1862
1863
1864
1865
1866
1869
1870
1871
1872
1873
1874
1875
1876
1877
1878
1879
1880
1881
1882
1883
1884
1885
1886
1887
1888
1891
1892
1893
1894
1895
1896
1897
1898
1903
1904
1905
1906
1911
1912
1917
1918
1919
1920
1921
1922
1923
1924
1927
1928
1933
1934
1945
1946
1947
1948
1949
1950
1951
1952
1953
1954
1959
1960
1961
1972
1973
1974
1975
1976
1977
1978
1979
1980
1981
1982
1985
1986
1987
1988
1989
1990
1995
2000
2004
2005
2006
2007
2008
2009
2022
2023
2032
2033
2034
2035
2036
2037
2040
2041
2044
2045
2046
2047
2048
2051
2052
2053
2054
2056
2057
2058
2059
2060
2061
2070
2071
2078
2079
2080
2081
2082
2083
2092
2093
2098
2099
2100
2101
2102
2120
2121
2122
2127
2128
2129
2130
2131
2132
2133
2134
2135
2136
2137
2138
2139
2140
2141
2142
2143
2144
2145
2146
2147
2148
2152
2153
2154
2155
2158
2159
2160
2162
2163
2164
2165
2166
2167
2173
2174
2175
2176
2179
2180
2181
2182
2183
2186
2187
2188
2189
2190
2191
2192
2193
2194
2195
2201
2202
2203
2204
2205
2206
2207
2208
2215
2216
2218
2219
2220
2221
2222
2223
2242
2243
2244
2245
2252
2253
2256
2257
2258
2259
2260
2261
2264
2265
2266
2267
2272
2273
2276
2277
2278
2279
2280
2281
2282
2283
2284
2285
2288
2289
2294
2295
2296
2297
2298
2299
2304
2305
2306
2307
2308
2309
2310
2311
2312
2313
2314
2315
2316
2317
2318
2319
2320
2321
2328
2329
2330
2331
2344
2345
2350
2351
2352
2353
2357
2358
2359
2360
2361
2362
2363
2364
2374
2375
2378
2379
2382
2383
2393
2394
2403
2404
2409
2410
2415
2416
2419
2427
2428
2431
2432
2437
2438
2439
2440
2450
2451
2452
2453
2454
2455
2456
2457
2458
2459
2460
2461
2465
2466
2467
2468
2489
2491
2495
2496
2497
2498
2499
2503
2504
2508
2509
2510
2511
2512
2520
2521
2522
2523
2524
2525
2533
2534
2535
2536
2537
2541
2542
2543
2549
2550
2551
2552
2553
2554
2555
2556
2561
2562
2563
2564
2567
2568
2573
2574
2577
2578
2579
2580
2581
2582
2587
2588
2591
2592
2595
2596
2597
2598
2599
2600
2605
2606
2607
2608
2609
2610
2611
2612
2627
2628
2629
2630
2631
2632
2633
2634
2635
2636
2639
2640
2643
2644
2645
2646
2647
2648
2654
2655
2659
2660
2661
2662
2663
2668
2669
2676
2677
2678
2679
2680
2681
2682
2683
2684
2685
2686
2687
2692
2693
2694
2695
2698
2699
2700
2701
2726
2727
2728
2729
2732
2733
2736
2737
2738
2739
2744
2745
2749
2750
2761
2762
2763
2764
2765
2766
2767
2768
2769
2770
2771
2772
2779
2780
2783
2784
2785
2786
2787
2788
2793
2794
2795
2796
2797
2798
2799
2800
2801
2802
2803
2806
2807
2812
2813
2814
2815
2826
2827
2838
2839
2842
2843
2844
2845
2846
2847
2850
2851
2862
2863
2864
2865
2866
2869
2870
2871
2872
2873
2874
2875
2876
2877
2878
2879
2880
2885
2886
2889
2890
2898
2899
2900
2901
2902
2903
2904
2905
2906
2907
2908
2909
2912
2913
2916
2917
2918
2919
2926
2927
2932
2933
2940
2941
2942
2943
2944
2945
2948
2949
2952
2953
2954
2955
2956
2957
2958
2959
2960
2961
2962
2963
2964
2965
2974
2975
2982
2983
2984
2985
2986
2987
2992
2998
2999
3004
3005
3006
3007
3008
3009
3012
3013
3014
3015
3016
3017
3026
3027
3028
3029
3030
3031
3032
3033
3038
3041
3042
3043
3044
3051
3052
3053
3054
3055
3056
3059
3060
3061
3062
3065
3066
3067
3068
3074
3075
3076
3077
3082
3083
3088
3089
3090
3091
3094
3095
3096
3097
3098
3099
3102
3103
3108
3109
3110
3111
3112
3113
3115
3116
3117
3118
3119
3120
3121
3122
3125
3126
3127
3128
3131
3132
3141
3142
3149
3150
3151
3152
3153
3154
3169
3170
3175
3176
3177
3178
3179
3186
3187
3190
3191
3192
3193
3194
3195
3196
3197
3198
3199
3202
3203
3204
3205
3210
3211
3216
3217
3218
3219
3220
3221
3224
3225
3228
3229
3230
3231
3232
3233
3234
3235
3236
3237
3242
3243
3244
3245
3246
3247
3248
3249
3250
3251
3252
3253
3254
3255
3256
3257
3266
3267
3268
3269
3270
3271
3272
3273
3274
3275
3276
3277
3278
3281
3282
3283
3284
3287
3288
3291
3292
3293
3294
3295
3296
3297
3298
3299
3300
3307
3308
3311
3312
3315
3316
3319
3320
3321
3322
3323
3324
3325
3326
3331
3332
3333
3334
3345
3346
3357
3358
3363
3364
3365
3366
3377
3378
3379
3380
3381
3382
3385
3386
3389
3390
3391
3392
3397
3398
3401
3402
3406
3407
3408
3409
3410
3411
3421
3422
3423
3430
3431
3434
3435
3436
3437
3438
3439
3440
3441
3442
3449
3450
3451
3452
3455
3456
3457
3458
3463
3464
3475
3476
3479
3480
3481
3482
3485
3486
3487
3488
3489
3490
3493
3494
3508
3509
3510
3511
3514
3515
3516
3517
3518
3519
3524
3525
3527
3530
3531
3532
3533
3534
3535
3536
3537
3538
3539
3540
3541
3542
3543
3548
3549
3550
3551
3552
3553
3558
3559
3560
3561
3572
3573
3574
3575
3578
3579
3580
3581
3582
3583
3586
3587
3590
3591
3592
3593
3596
3607
3608
3609
3610
3611
3612
3613
3614
3615
3619
3620
3627
3628
3629
3630
3633
3634
3635
3636
3637
3638
3639
3640
3641
3642
3643
3644
3645
3646
3650
3651
3652
3653
3654
3657
3658
3661
3662
3665
3666
3667
3668
3669
3670
3671
3672
3675
3676
3677
3678
3680
3688
3689
3690
3691
3694
3695
3696
3697
3700
3701
3706
3707
3712
3713
3718
3719
3726
3727
3728
3729
3732
3733
3736
3737
3738
3739
3740
3741
3745
3749
3753
3754
3755
3756
3759
3760
3761
3762
3763
3764
3765
3766
3767
3768
3769
3770
3774
3775
3776
3777
3778
3784
3789
3790
3791
3794
3795
3796
3797
3798
3799
3800
3801
3802
3803
3808
3809
3812
3813
3816
3817
3818
3819
3820
3821
3822
3823
3824
3825
3828
3829
3832
3833
3836
3837
3838
3839
3842
3843
3844
3845
3848
3849
3850
3851
3852
3853
3854
3859
3860
3863
3864
3869
3870
3883
3884
3893
3894
3895
3900
3901
3914
3915
3916
3917
3920
3921
3922
3923
3924
3925
3930
3931
3934
3935
3940
3941
3944
3945
3946
3947
3948
3949
3956
3957
3964
3965
3966
3967
3970
3971
3972
3973
3976
3977
3980
3981
3988
3989
3990
3991
3992
3993
3994
3995
4000
4001
4012
4013
4014
4015
4016
4019
4020
4021
4024
4025
4032
4033
4034
4035
4038
4039
4048
4049
4050
4051
4052
4053
4057
4058
4059
4068
4069
4076
4077
4078
4079
4080
4081
4082
4083
4084
4085
4086
4087
4090
4091
4092
4093
4098
4099
4100
4101
4102
4105
4106
4107
4108
4109
4110
4113
4114
4115
4116
4129
4130
4131
4132
4137
4138
4159
4160
4163
4164
4169
4170
4178
4179
4180
4181
4188
4189
4190
4191
4192
4193
4194
4195
4196
4207
4208
4211
4212
4213
4214
4215
4216
4217
4218
4225
4226
4227
4228
4229
4230
4233
4234
4235
4236
4237
4238
4239
4240
4243
4244
4245
4246
4253
4254
4255
4256
4257
4258
4260
4261
4262
4263
4270
4271
4272
4279
4280
4281
4282
4283
4284
4285
4286
4287
4288
4292
4293
4296
4297
4298
4299
4312
4313
4314
4315
4316
4317
4318
4319
4320
4321
4322
4323
4324
4325
4326
4327
4328
4329
4330
4331
4335
4336
4337
4338
4341
4342
4349
4350
4351
4352
4353
4354
4355
4356
4363
4364
4365
4366
4375
4385
4386
4387
4388
4389
4390
4393
4394
4395
4396
4399
4400
4401
4402
4409
4410
4411
4412
4413
4414
4415
4416
4417
4418
4419
4420
4421
4422
4425
4426
4427
4428
4430
4435
4436
4439
4440
4441
4442
4445
4446
4451
4452
4453
4454
4455
4456
4457
4462
4463
4466
4467
4468
4469
4476
4477
4478
4479
4480
4481
4482
4483
4484
4485
4490
4491
4492
4493
4496
4497
4498
4499
4514
4515
4524
4525
4528
4529
4530
4531
4532
4533
4534
4535
4536
4537
4538
4539
4540
4541
4542
4545
4550
4551
4556
4557
4558
4559
4560
4561
4562
4563
4570
4571
4576
4577
4584
4585
4586
4587
4594
4595
4598
4599
4606
4607
4610
4611
4616
4617
4626
4637
4638
4639
4640
4641
4642
4643
4644
4645
4646
4661
4662
4666
4667
4668
4669
4670
4671
4676
4677
4678
4679
4680
4681
4682
4683
4684
4685
4694
4695
4696
4697
4700
4701
4702
4703
4708
4709
4710
4711
4712
4713
4714
4715
4716
4717
4718
4719
4720
4721
4722
4723
4724
4725
4726
4727
4732
4733
4734
4735
4740
4741
4744
4745
4746
4747
4748
4749
4759
4760
4765
4766
4767
4768
4769
4770
4771
4772
4773
4774
4775
4784
4785
4786
4787
4788
4789
4798
4799
4800
4801
4802
4803
4810
4811
4812
4813
4820
4821
4822
4823
4824
4825
4828
4829
4840
4841
4846
4847
4850
4851
4852
4853
4862
4863
4864
4865
4866
4867
4868
4869
4870
4871
4872
4873
4874
4875
4876
4877
4878
4881
4882
4883
4884
4885
4886
4894
4895
4896
4897
4898
4903
4904
4909
4910
4911
4912
4913
4914
4915
4916
4917
4918
4919
4920
4921
4922
4923
4924
4925
4926
4927
4928
4929
4930
4933
4934
4935
4936
4937
4938
4941
4944
4945
4946
4947
4948
4949
4950
4951
4954
4955
4956
4957
4958
4959
4960
4961
4962
4963
4964
4965
4974
4975
4980
4981
4982
4983
4984
4985
4986
4987
4990
4991
4992
4993
4994
4995
4997
4998
4999
5000
5005
5006
5009
5010
5011
5012
5013
5014
5015
5016
5029
5030
5031
5032
5035
5036
5037
5038
5043
5044
5047
5048
5049
5050
5053
5054
5055
5056
5059
5060
5063
5064
5067
5068
5075
5076
5077
5078
5079
5080
5081
5082
5097
5098
5099
5100
5105
5106
5107
5108
5110
5111
5114
5115
5120
5121
5122
5123
5132
5133
5134
5135
5144
5145
5150
5151
5154
5155
5158
5159
5160
5161
5174
5175
5176
5177
5178
5179
5186
5187
5189
5190
5191
5192
5193
5194
5195
5196
5197
5198
5203
5204
5205
5206
5207
5208
5212
5213
5214
5215
5216
5217
5218
5219
5222
5223
5236
5237
5238
5239
5240
5241
5242
5246
5247
5248
5249
5254
5255
5256
5257
5258
5259
5264
5265
5268
5269
5280
5281
5282
5283
5284
5285
5286
5287
5290
5291
5292
5293
5294
5295
5296
5297
5299
5300
5301
5304
5305
5308
5309
5310
5311
5312
5313
5314
5315
5322
5323
5326
5327
5328
5331
5332
5341
5342
5347
5348
5349
5350
5351
5352
5353
5354
5357
5358
5375
5376
5379
5380
5385
5386
5389
5390
5399
5400
5403
5404
5405
5406
5422
5423
5426
5427
5428
5429
5434
5435
5436
5437
5438
5445
5446
5447
5448
5449
5450
5451
5452
5453
5456
5457
5458
5459
5462
5463
5468
5469
5470
5471
5476
5477
5478
5479
5482
5483
5488
5489
5490
5491
5492
5493
5496
5497
5498
5499
5504
5505
5510
5511
5512
5513
5516
5517
5522
5523
5527
5528
5531
5532
5533
5534
5535
5536
5539
5540
5541
5542
5549
5550
5551
5552
5553
5554
5557
5558
5563
5564
5565
5566
5569
5570
5571
5572
5575
5576
5579
5580
5595
5596
5607
5608
5609
5610
5611
5612
5613
5614
5615
5616
5617
5618
5619
5620
5621
5622
5623
5624
5625
5626
5627
5628
5629
5630
5633
5634
5637
5638
5639
5640
5641
5642
5645
5646
5649
5650
5651
5652
5653
5654
5655
5656
5657
5658
5661
5662
5663
5664
5665
5666
5667
5672
5673
5674
5675
5679
5680
5685
5686
5687
5688
5693
5694
5695
5696
5697
5698
5699
5700
5701
5702
5705
5706
5707
5708
5709
5710
5711
5712
5713
5714
5715
5716
5721
5722
5723
5724
5725
5726
5733
5734
5735
5736
5739
5740
5745
5747
5748
5749
5750
5751
5752
5757
5758
5759
5760
5761
5762
5769
5770
5771
5772
5777
5778
5789
5790
5793
5794
5795
5796
5799
5800
5801
5802
5805
5806
5807
5808
5811
5812
5813
5814
5815
5816
5817
5818
5819
5820
5821
5822
5829
5830
5839
5840
5841
5842
5854
5855
5856
5857
5862
5863
5864
5865
5866
5867
5868
5869
5872
5873
5876
5877
5880
5881
5882
5883
5884
5885
5892
5893
5894
5895
5896
5897
5900
5901
5904
5905
5908
5909
5912
5913
5916
5917
5922
5923
5928
5929
5930
5931
5934
5935
5936
5937
5938
5939
5942
5943
5950
5951
5952
5953
5962
5963
5964
5965
5966
5967
5980
5981
5985
5986
5995
5996
6005
6006
6009
6010
6011
6012
6015
6016
6019
6020
6021
6022
6025
6026
6031
6032
6033
6034
6035
6036
6037
6038
6039
6040
6043
6044
6045
6046
6049
6050
6051
6052
6055
6056
6057
6058
6059
6060
6061
6062
6067
6068
6069
6070
6073
6074
6075
6076
6079
6080
6081
6082
6083
6084
6085
6086
6087
6088
6089
6090
6091
6092
6093
6094
6095
6096
6099
6100
6101
6102
6103
6104
6111
6112
6113
6114
6115
6116
6119
6120
6121
6122
6123
6124
6125
6126
6127
6128
6135
6136
6137
6138
6139
6140
6141
6142
6145
6146
6153
6154
6155
6156
6157
6158
6159
6160
6169
6170
6171
6172
6175
6176
6177
6178
6179
6180
6181
6182
6183
6184
6185
6186
6187
6188
6189
6190
6193
6194
6195
6196
6199
6200
6201
6202
6203
6204
6205
6206
6207
6208
6209
6210
6211
6212
6223
6224
6225
6226
6227
6228
6229
6230
6236
6237
6238
6239
6246
6247
6252
6253
6260
6261
6262
6263
6280
6281
6290
6291
6292
6293
6294
6295
6298
6299
6300
6301
6304
6305
6306
6307
6308
6309
6312
6313
6316
6317
6318
6319
6320
6321
6324
6325
6326
6327
6330
6331
6332
6333
6342
6343
6344
6345
6346
6347
6348
6349
6350
6351
6352
6353
6354
6355
6364
6365
6366
6367
6368
6369
6370
6371
6372
6373
6374
6375
6380
6381
6382
6383
6384
6385
6386
6387
6388
6389
6390
6391
6394
6395
6404
6405
6406
6407
6408
6409
6410
6411
6420
6421
6424
6429
6430
6431
6432
6453
6454
6457
6458
6459
6460
6461
6462
6465
6466
6479
6480
6485
6486
6489
6490
6491
6492
6493
6494
6499
6500
6501
6502
6503
6504
6505
6506
6509
6510
6526
6527
6530
6531
6532
6533
6536
6537
6540
6541
6542
6543
6548
6549
6552
6553
6554
6557
6558
6559
6560
6561
6562
6563
6564
6565
6566
6567
6568
6571
6572
6583
6584
6585
6586
6587
6590
6591
6593
6598
6599
6602
6603
6606
6607
6608
6609
6620
6621
6622
6623
6624
6625
6626
6627
6628
6629
6632
6633
6634
6635
6644
6645
6646
6647
6648
6649
6650
6651
6652
6653
6654
6655
6656
6657
6658
6660
6661
6662
6663
6664
6665
6668
6669
6670
6671
6672
6673
6674
6675
6676
6677
6678
6679
6694
6695
6696
6697
6700
6701
6702
6703
6714
6715
6718
6719
6724
6725
6730
6731
6734
6735
6736
6737
6742
6743
6758
6759
6760
6761
6762
6763
6764
6765
6766
6767
6768
6769
6772
6773
6774
6775
6780
6781
6784
6785
6794
6795
6798
6799
6800
6801
6802
6803
6806
6807
6816
6817
6824
6825
6830
6831
6832
6833
6838
6842
6843
6844
6845
6846
6847
6852
6853
6854
6855
6868
6869
6870
6871
6872
6873
6874
6875
6876
6877
6878
6879
6880
6881
6882
6883
6884
6885
6890
6891
6892
6893
6898
6899
6902
6903
6904
6905
6906
6907
6908
6909
6910
6911
6912
6913
6914
6915
6916
6917
6918
6919
6926
6927
6928
6929
6930
6931
6934
6935
6936
6937
6939
6942
6943
6952
6953
6962
6963
6968
6969
6970
6971
6986
6987
6988
6989
6990
6991
7000
7001
7002
7003
7004
7005
7008
7009
7012
7013
7014
7015
7016
7017
7026
7027
7029
7030
7031
7032
7035
7036
7037
7038
7039
7040
7041
7042
7043
7044
7045
7046
7047
7048
7051
7052
7053
7054
7059
7060
7071
7072
7083
7084
7085
7086
7087
7089
7090
7091
7092
7093
7094
7096
7107
7108
7109
7110
7111
7112
7113
7114
7115
7116
7125
7126
7129
7130
7131
7132
7133
7134
7139
7140
7143
7144
7145
7146
7147
7148
7149
7150
7151
7152
7155
7156
7157
7158
7159
7160
7167
7168
7173
7174
7175
7176
7181
7182
7183
7184
7189
7190
7191
7192
7195
7196
7197
7198
7199
7200
7215
7216
7217
7218
7221
7222
7223
7224
7225
7226
7229
7230
7231
7232
7235
7236
7237
7238
7239
7240
7241
7242
7243
7244
7245
7246
7253
7254
7255
7256
7257
7258
7267
7268
7269
7270
7271
7272
7273
7274
7285
7286
7287
7288
7291
7297
7298
7299
7300
7301
7302
7307
7308
7309
7310
7313
7314
7319
7320
7325
7326
7327
7328
7333
7334
7335
7336
7339
7340
7341
7342
7345
7346
7351
7352
7359
7360
7363
7364
7369
7370
7371
7372
7373
7374
7375
7376
7379
7380
7383
7384
7385
7386
7391
7392
7401
7402
7403
7404
7405
7406
7411
7412
7413
7414
7415
7416
7419
7420
7421
7422
7423
7424
7425
7426
7437
7438
7439
7440
7443
7444
7449
7450
7451
7452
7453
7454
7455
7456
7459
7460
7465
7466
7471
7472
7487
7488
7495
7496
7501
7502
7503
7504
7505
7506
7509
7510
7511
7512
7513
7514
7523
7524
7525
7526
7527
7528
7529
7530
7533
7534
7537
7538
7539
7540
7541
7542
7543
7544
7547
7548
7553
7554
7555
7556
7557
7558
7559
7560
7561
7562
7563
7564
7565
7566
7567
7568
7569
7570
7571
7572
7573
7574
7577
7578
7579
7580
7581
7582
7591
7592
7593
7594
7595
7596
7607
7608
7609
7610
7611
7612
7627
7628
7635
7636
7637
7638
7645
7646
7647
7648
7655
7656
7657
7658
7659
7660
7669
7670
7677
7678
7685
7686
7687
7688
7689
7690
7691
7692
7693
7694
7697
7698
7699
7700
7701
7702
7705
7706
7707
7708
7709
7710
7711
7712
7721
7722
7723
7724
7727
7728
7729
7730
7731
7732
7733
7734
7735
7736
7743
7744
7747
7748
7751
7752
7763
7764
7765
7766
7767
7768
7769
7770
7775
7776
7777
7778
7785
7786
7789
7790
7791
7792
7795
7796
7799
7800
7801
7802
7803
7804
7805
7806
7809
7810
7813
7814
7817
7818
7819
7820
7821
7822
7823
7826
7827
7828
7829
7836
7837
7844
7845
7848
7849
7850
7851
7858
7859
7864
7865
7870
7871
7882
7883
7884
7885
7886
7887
7898
7899
7900
7901
7904
7905
7907
7918
7919
7920
7921
7922
7923
7936
7937
7946
7947
7964
7965
7966
7967
7968
7969
7972
7973
7980
7981
7984
7985
7986
7987
7988
7989
7992
7993
7994
7995
7996
7997
7998
7999
8000
8001
8002
8003
8008
8009
8010
8011
8012
8013
8022
8023
8026
8035
8036
8037
8038
8041
8042
8049
8050
8051
8052
8055
8056
8063
8064
8067
8068
8069
8070
8075
8076
8077
8078
8079
8080
8085
8086
8091
8092
8093
8094
8095
8096
8097
8098
8105
8106
8115
8116
8121
8122
8123
8124
8125
8126
8127
8128
8129
8130
8131
8132
8133
8134
8137
8138
8147
8148
8153
8154
8155
8156
8157
8158
8159
8160
8165
8166
8167
8168
8185
8186
8187
8188
8189
8190
8191
8192
8199
8200
8201
8202
8205
8206
8209
8210
8211
8212
8213
8214
8215
8216
8221
8222
8223
8224
8225
8226
8229
8230
8239
8240
8241
8242
8243
8244
8245
8246
8247
8248
8252
8255
8256
8257
8258
8259
8260
8265
8266
8267
8268
8273
8274
8277
8278
8295
8296
8297
8298
8305
8306
8307
8308
8313
8314
8315
8316
8317
8318
8323
8324
8325
8326
8327
8328
8329
8330
8339
8340
8341
8342
8343
8344
8351
8352
8353
8354
8355
8356
8357
8358
8359
8360
8363
8364
8365
8366
8369
8370
8371
8372
8375
8376
8379
8380
8381
8382
8385
8386
8387
8388
8389
8390
8391
8392
8395
8396
8397
8398
8399
8400
8407
8408
8409
8410
8415
8416
8417
8418
8423
8424
8425
8426
8429
8430
8441
8442
8443
8444
8445
8446
8447
8448
8451
8452
8453
8454
8457
8458
8459
8460
8461
8462
8463
8464
8471
8472
8473
8474
8487
8488
8489
8490
8493
8494
8495
8496
8497
8498
8501
8502
8513
8514
8527
8528
8535
8536
8539
8540
8543
8544
8547
8548
8553
8554
8561
8562
8565
8566
8567
8568
8575
8576
8577
8578
8579
8580
8583
8584
8585
8586
8593
8594
8595
8596
8609
8610
8613
8614
8615
8616
8619
8620
8623
8624
8625
8626
8629
8630
8631
8632
8635
8636
8637
8638
8639
8640
8641
8642
8643
8644
8645
8646
8647
8648
8649
8650
8653
8654
8655
8656
8657
8658
8659
8660
8661
8662
8665
8666
8667
8668
8669
8670
8671
8672
8675
8676
8677
8678
8679
8680
8681
8682
8683
8684
8685
8686
8687
8688
8689
8690
8691
8692
8693
8694
8695
8696
8701
8702
8711
8712
8713
8714
8715
8716
8725
8726
8733
8734
8739
8740
8741
8742
8743
8744
8747
8748
8749
8750
8755
8756
8757
8758
8759
8760
8761
8762
8763
8764
8765
8766
8767
8768
8769
8770
8771
8772
8781
8782
8785
8786
8794
8795
8796
8797
8802
8803
8812
8813
8826
8827
8828
8829
8830
8831
8832
8833
8870
8871
8872
8873
8874
8875
8876
8877
8884
8885
8886
8887
8888
8889
8896
8897
8898
8899
8904
8905
8908
8909
8910
8911
8912
8913
8914
8915
8916
8917
8920
8921
8932
8933
8936
8937
8938
8939
8940
8941
8942
8943
8944
8945
8946
8947
8948
8949
8952
8953
8954
8955
8956
8957
8958
8959
8960
8961
8962
8963
8964
8965
8966
8967
8968
8969
8972
8973
8974
8975
8980
8981
8990
8991
8992
8993
8994
8995
9010
9011
9012
9013
9014
9015
9016
9017
9018
9019
9020
9021
9024
9025
9030
9031
9032
9033
9038
9039
9042
9043
9044
9045
9046
9047
9052
9053
9056
9057
9060
9061
9066
9067
9070
9071
9078
9079
9080
9081
9082
9083
9086
9087
9088
9089
9096
9097
9104
9105
9110
9111
9112
9113
9114
9115
9116
9117
9118
9119
9120
9121
9126
9127
9128
9129
9130
9131
9140
9141
9151
9152
9157
9158
9161
9162
9171
9172
9173
9174
9186
9191
9192
9193
9194
9199
9200
9201
9202
9203
9204
9205
9206
9209
9210
9211
9212
9213
9214
9215
9216
9217
9218
9219
9226
9227
9236
9237
9238
9239
9240
9241
9242
9243
9244
9245
9246
9247
9248
9249
9250
9251
9252
9253
9254
9255
9256
9257
9260
9261
9266
9267
9268
9269
9270
9271
9272
9273
9274
9275
9276
9277
9278
9279
9280
9281
9282
9283
9284
9285
9286
9289
9290
9291
9292
9293
9294
9305
9306
9307
9308
9311
9318
9319
9328
9329
9330
9331
9332
9333
9336
9337
9348
9349
9350
9351
9352
9353
9356
9357
9358
9359
9364
9365
9370
9371
9372
9373
9374
9375
9376
9377
9380
9381
9382
9383
9384
9385
9386
9387
9388
9389
9390
9391
9408
9409
9410
9411
9420
9421
9422
9423
9428
9429
9430
9431
9432
9433
9442
9443
9444
9445
9446
9447
9448
9449
9450
9451
9454
9455
9456
9457
9478
9479
9494
9495
9496
9497
9498
9499
9502
9503
9504
9505
9506
9507
9512
9513
9514
9515
9516
9517
9524
9525
9526
9527
9528
9529
9534
9535
9536
9537
9542
9543
9544
9545
9548
9549
9552
9553
9554
9555
9558
9559
9562
9563
9564
9565
9570
9571
9572
9573
9574
9575
9580
9581
9582
9583
9584
9585
9586
9587
9588
9589
9593
9594
9599
9600
9601
9602
9607
9608
9609
9610
9611
9612
9613
9614
9615
9616
9617
9618
9621
9622
9625
9626
9631
9632
9633
9645
9646
9647
9648
9653
9654
9657
9658
9659
9660
9661
9662
9665
9666
9669
9670
9671
9672
9675
9676
9677
9678
9679
9680
9681
9682
9683
9686
9687
9692
9693
9698
9699
9702
9703
9716
9717
9718
9719
9720
9721
9724
9725
9726
9727
9728
9729
9732
9733
9736
9737
9738
9739
9740
9741
9742
9743
9746
9747
9750
9751
9752
9753
9754
9755
9756
9757
9760
9761
9762
9763
9766
9767
9778
9779
9790
9791
9796
9797
9798
9799
9800
9801
9802
9803
9804
9805
9812
9813
9816
9817
9818
9819
9820
9838
9839
9848
9849
9852
9853
9854
9855
9858
9859
9860
9861
9862
9863
9868
9869
9872
9873
9874
9875
9876
9877
9878
9879
9898
9899
9900
9901
9904
9905
9906
9907
9908
9909
9910
9911
9914
9915
9928
9929
9930
9931
9932
9933
9934
9935
9944
9945
9950
9951
9954
9955
9956
9957
9964
9965
9968
9969
9970
9971
9972
9973
9980
9981
9982
9983
9992
9993
9994
9995
9996
9997
9998
9999
10002
10003
10006
10007
10010
10011
10016
10017
10018
10019
10030
10031
10036
10037
10038
10039
10042
10043
10046
10047
10052
10053
10054
10055
10058
10059
10060
10061
10066
10067
10072
10073
10078
10079
10082
10083
10092
10093
10096
10097
10098
10099
10104
10105
10106
10107
10116
10117
10118
10119
10122
10123
10124
10125
10130
10131
10132
10133
10134
10135
10166
10167
10170
10171
10174
10175
10178
10179
10180
10181
10190
10191
10192
10193
10194
10195
10196
10197
10198
10199
10200
10201
10202
10203
10206
10207
10210
10211
10212
10213
10214
10215
10218
10219
10228
10229
10230
10231
10234
10235
10236
10237
10238
10239
10242
10243
10246
10247
10254
10255
10256
10257
10258
10259
10260
10261
10264
10265
10266
10267
10268
10269
10270
10271
10274
10275
10284
10285
10292
10293
10302
10303
10306
10307
10308
10309
10310
10311
10312
10313
10314
10315
10316
10317
10318
10319
10326
10327
10328
10329
10330
10331
10332
10333
10334
10335
10336
10337
10338
10339
10342
10343
10348
10349
10350
10351
10354
10355
10356
10357
10362
10363
10368
10369
10370
10371
10372
10373
10374
10375
10376
10377
10378
10379
10380
10381
10382
10383
10384
10385
10386
10387
10388
10389
10396
10397
10400
10401
10402
10403
10404
10405
10406
10407
10408
10409
10410
10411
10412
10413
10414
10415
10420
10421
10434
10435
10436
10437
10440
10441
10448
10449
10450
10452
10453
10458
10459
10470
10471
10472
10473
10474
10475
10478
10479
10480
10481
10484
10485
10492
10493
10502
10503
10506
10507
10508
10509
10512
10513
10514
10515
10524
10525
10528
10529
10530
10531
10532
10533
10534
10535
10536
10537
10540
10541
10556
10557
10560
10561
10562
10563
10564
10565
10566
10567
10568
10569
10570
10571
10574
10575
10580
10581
10582
10583
10590
10591
10592
10593
10602
10603
10606
10607
10618
10619
10620
10621
10622
10623
10626
10627
10632
10633
10634
10635
10636
10637
10638
10639
10642
10643
10644
10645
10646
10647
10648
10649
10652
10653
10660
10661
10662
10663
10664
10665
10676
10677
10678
10679
10680
10681
10684
10685
10686
10687
10696
10697
10698
10699
10700
10701
10710
10711
10712
10713
10722
10723
10724
10725
10728
10729
10742
10743
10744
10745
10748
10749
10750
10751
10752
10753
10756
10757
10768
10769
10772
10773
10776
10777
10778
10779
10782
10783
10784
10785
10786
10787
10790
10791
10792
10793
10794
10795
10796
10797
10798
10799
10800
10801
10814
10815
10820
10821
10824
10825
10826
10827
10830
10831
10832
10833
10834
10835
10836
10837
10838
10839
10840
10841
10846
10847
10850
10851
10856
10857
10858
10859
10864
10865
10866
10867
10868
10869
10870
10871
10872
10873
10876
10877
10878
10879
10880
10881
10882
10883
10884
10885
10886
10887
10888
10889
10892
10893
10896
10897
10898
10899
10900
10901
10902
10903
10910
10911
10912
10913
10918
10919
10930
10931
10948
10949
10956
10957
10958
10959
10960
10961
10962
10963
10966
10967
10972
10973
10974
10975
10980
10981
10982
10983
10984
10985
10986
10987
10988
10989
10990
10991
10994
10995
10996
10997
10998
10999
11006
11007
11008
11009
11016
11017
11018
11019
11020
11021
11022
11023
11024
11025
11026
11027
11028
11029
11030
11031
11032
11033
11034
11035
11036
11037
11040
11041
11042
11043
11044
11045
11046
11047
11048
11049
11050
11051
11052
11053
11060
11061
11062
11063
11064
11065
11070
11071
11074
11075
11076
11077
11078
11079
11084
11085
11086
11087
11092
11093
11096
11097
11100
11101
11102
11103
11104
11105
11106
11107
11108
11109
11110
11111
11112
11113
11114
11115
11116
11117
11118
11119
11120
11121
11122
11123
11124
11125
11128
11129
11132
11133
11134
11135
11144
11145
11146
11147
11148
11149
11152
11153
11154
11176
11177
11180
11181
11182
11183
11184
11185
11186
11187
11192
11193
11194
11195
11198
11199
11200
11201
11202
11203
11204
11205
11206
11207
11208
11209
11210
11211
11212
11213
11214
11215
11216
11217
11228
11229
11232
11233
11234
11235
11236
11237
11238
11239
11244
11245
11246
11247
11250
11251
11256
11257
11258
11259
11264
11265
11266
11267
11270
11271
11272
11273
11274
11275
11276
11277
11280
11281
11284
11285
11286
11287
11294
11295
11298
11299
11304
11305
11312
11313
11316
11317
11320
11321
11326
11327
11328
11329
11330
11331
11338
11339
11340
11341
11342
11343
11344
11345
11346
11347
11352
11353
11354
11355
11362
11363
11366
11367
11368
11369
11370
11371
11372
11373
11374
11375
11376
11377
11380
11381
11382
11383
11384
11385
11386
11387
11388
11389
11390
11391
11396
11397
11398
11399
11406
11407
11408
11409
11410
11411
11412
11413
11416
11417
11418
11419
11420
11421
11426
11427
11428
11429
11430
11431
11440
11441
11442
11443
11454
11455
11456
11457
11458
11459
11460
11461
11464
11465
11468
11469
11470
11471
11478
11479
11480
11481
11484
11485
11486
11487
11488
11489
11492
11493
11494
11495
11496
11497
11498
11499
11500
11501
11502
11503
11504
11505
11506
11507
11508
11509
11510
11511
11514
11515
11516
11517
11518
11519
11524
11525
11528
11529
11530
11531
11532
11533
11534
11535
11540
11541
11542
11543
11544
11545
11548
11549
11550
11551
11554
11555
11562
11563
11564
11565
11566
11567
11568
11569
11570
11571
11572
11573
11582
11583
11586
11587
11588
11589
11590
11591
11592
11593
11602
11603
11606
11607
11610
11611
11612
11613
11616
11617
11632
11633
11634
11635
11638
11639
11642
11643
11644
11645
11654
11655
11656
11657
11666
11667
11670
11671
11672
11673
11674
11675
11680
11681
11692
11693
11700
11701
11702
11703
11704
11705
11712
11713
11714
11715
11718
11719
11720
11721
11724
11725
11728
11729
11730
11731
11732
11733
11734
11735
11738
11739
11740
11741
11742
11743
11744
11745
11746
11747
11752
11753
11756
11757
11758
11759
11762
11763
11764
11765
11768
11769
11772
11773
11776
11777
11778
11779
11780
11781
11782
11783
11788
11789
11792
11793
11794
11795
11804
11805
11808
11809
11816
11817
11820
11821
11834
11835
11836
11837
11838
11839
11840
11841
11846
11847
11862
11863
11872
11873
11874
11875
11876
11877
11878
11879
11880
11881
11888
11889
11890
11891
11902
11903
11904
11905
11906
11907
11908
11909
11910
11911
11921
11922
11923
11924
11925
11926
11927
11928
11929
11930
11931
11934
11935
11950
11951
11952
11953
11954
11955
11968
11969
11972
11973
11974
11975
11978
11979
11990
11991
11994
11995
12002
12003
12004
12005
12014
12015
12016
12017
12018
12019
12020
12021
12022
12023
12024
12025
12026
12027
12028
12029
12030
12031
12032
12033
12034
12035
12036
12037
12038
12039
12040
12041
12042
12043
12046
12047
12048
12049
12050
12051
12052
12053
12056
12057
12062
12063
12064
12065
12068
12069
12074
12075
12078
12079
12080
12081
12086
12087
12088
12089
12090
12091
12092
12093
12094
12095
12098
12099
12100
12101
12102
12103
12112
12113
12114
12115
12116
12117
12118
12119
12120
12121
12122
12123
12140
12141
12142
12143
12146
12147
12152
12153
12154
12155
12158
12159
12168
12169
12179
12182
12183
12184
12185
12186
12187
12190
12191
12198
12199
12202
12203
12208
12209
12210
12211
12212
12213
12216
12217
12222
12223
12224
12225
12226
12227
12230
12231
12232
12233
12238
12239
12242
12243
12244
12245
12256
12257
12266
12267
12278
12279
12280
12281
12282
12283
12284
12285
12288
12289
12290
12291
12292
12293
12294
12295
12296
12297
12298
12299
12300
12301
12302
12303
12306
12307
12308
12309
12310
12311
12312
12313
12314
12315
12318
12319
12326
12327
12328
12329
12330
12331
12332
12333
12334
12335
12337
12340
12341
12348
12358
12359
12362
12363
12368
12369
12374
12375
12380
12381
12384
12385
12386
12387
12388
12389
12404
12405
12412
12413
12414
12415
12418
12419
12420
12421
12424
12425
12426
12427
12428
12429
12430
12431
12436
12437
12440
12441
12442
12443
12444
12445
12446
12447
12448
12449
12452
12453
12454
12455
12456
12457
12470
12471
12472
12473
12474
12475
12476
12477
12482
12483
12488
12489
12490
12491
12492
12493
12500
12501
12504
12505
12508
12509
12510
12511
12512
12513
12516
12517
12524
12525
12526
12527
12528
12529
12534
12535
12536
12537
12538
12539
12540
12541
12542
12543
12560
12561
12566
12567
12568
12569
12570
12571
12578
12579
12580
12581
12586
12587
12598
12599
12600
12601
12606
12607
12608
12609
12610
12611
12614
12615
12622
12623
12632
12633
12634
12635
12636
12637
12638
12639
12642
12643
12646
12647
12650
12651
12652
12653
12654
12655
12660
12661
12662
12663
12666
12667
12670
12671
12672
12673
12676
12677
12678
12679
12680
12681
12686
12687
12690
12691
12694
12695
12696
12697
12700
12701
12702
12703
12714
12715
12724
12725
12726
12727
12728
12729
12730
12731
12732
12733
12736
12737
12738
12739
12740
12741
12742
12743
12744
12745
12746
12747
12748
12749
12750
12751
12754
12755
12756
12757
12770
12771
12776
12777
12778
12779
12780
12781
12792
12793
12796
12797
12804
12805
12806
12807
12826
12827
12828
12829
12830
12831
12834
12835
12842
12843
12844
12845
12846
12847
12852
12853
12856
12857
12862
12863
12864
12865
12866
12867
12876
12877
12878
12879
12888
12889
12890
12891
12892
12893
12894
12895
12896
12897
12898
12899
12902
12903
12906
12907
12912
12913
12914
12915
12922
12923
12924
12925
12926
12927
12928
12929
12936
12937
12946
12947
12948
12949
12956
12957
12958
12959
12960
12961
12962
12963
12964
12965
12972
12973
12974
12975
12976
12977
12980
12981
12984
12985
12986
12987
12988
12989
12994
12995
12996
12997
12998
12999
13000
13001
13002
13003
13004
13005
13008
13009
13010
13011
13012
13013
13014
13015
13016
13017
13018
13019
13030
13031
13034
13035
13040
13041
13042
13043
13044
13045
13046
13047
13048
13049
13050
13051
13052
13053
13070
13071
13072
13073
13074
13075
13076
13077
13078
13079
13084
13085
13086
13087
13088
13089
13092
13093
13094
13095
13096
13097
13098
13099
13104
13105
13110
13111
13112
13113
13116
13117
13118
13119
13120
13121
13124
13125
13128
13129
13130
13131
13132
13133
13136
13137
13144
13145
13148
13149
13164
13165
13168
13169
13170
13171
13172
13173
13176
13177
13182
13183
13184
13185
13186
13187
13188
13189
13198
13199
13200
13201
13204
13205
13208
13209
13210
13211
13212
13213
13214
13215
13216
13217
13218
13219
13222
13223
13228
13229
13230
13231
13232
13233
13234
13235
13238
13239
13244
13245
13260
13261
13262
13263
13264
13265
13266
13267
13268
13269
13270
13271
13272
13273
13274
13275
13276
13277
13278
13279
13280
13281
13282
13283
13302
13303
13310
13311
13312
13313
13314
13315
13316
13317
13318
13319
13320
13321
13322
13323
13324
13325
13330
13331
13332
13333
13334
13335
13344
13345
13346
13347
13358
13359
13360
13361
13362
13363
13364
13365
13366
13367
13368
13369
13380
13381
13382
13383
13384
13385
13390
13391
13396
13397
13404
13405
13430
13431
13432
13433
13442
13443
13444
13445
13456
13457
13458
13459
13460
13461
13464
13465
13466
13467
13468
13469
13472
13473
13478
13479
13484
13485
13490
13491
13492
13493
13494
13495
13496
13497
13498
13499
13504
13505
13506
13507
13508
13509
13510
13511
13512
13513
13516
13517
13518
13519
13522
13523
13524
13525
13526
13527
13528
13529
13530
13531
13538
13539
13550
13551
13552
13553
13554
13555
13556
13557
13566
13567
13570
13571
13580
13581
13582
13583
13584
13585
13586
13587
13588
13589
13590
13591
13594
13595
13596
13597
13598
13599
13602
13603
13612
13613
13614
13615
13622
13623
13626
13627
13638
13639
13640
13641
13642
13643
13644
13645
13646
13647
13648
13649
13650
13651
13652
13653
13654
13655
13658
13659
13660
13661
13662
13663
13672
13673
13676
13677
13684
13685
13686
13687
13690
13691
13692
13693
13695
13698
13699
13702
13703
13704
13705
13708
13709
13714
13715
13716
13717
13724
13725
13726
13727
13728
13729
13730
13731
13732
13733
13734
13735
13736
13737
13740
13741
13742
13743
13744
13745
13750
13751
13752
13753
13756
13757
13758
13759
13760
13761
13762
13763
13766
13767
13768
13769
13770
13771
13774
13775
13776
13777
13778
13779
13782
13783
13784
13785
13786
13787
13788
13789
13792
13793
13794
13795
13796
13797
13804
13805
13810
13811
13812
13813
13824
13825
13830
13831
13832
13833
13834
13835
13838
13839
13840
13841
13842
13843
13850
13851
13854
13855
13856
13857
13862
13863
13864
13865
13866
13867
