0.000127773
0.000127648
0.000163713
0.000164464
0.000133997
0.000141721
0.000126682
9.87074e-05
8.67232e-05
0.000127259
0.000154819
0.00012077
0.000140591
0.000155222
0.000260077
0.000130769
0.000134926
0.000162875
0.000131212
0.000104994
0.000119995
0.000139296
0.000177873
9.10675e-05
0.000132991
0.000120795
0.000118911
9.58866e-05
0.000178069
9.17952e-05
0.000103559
9.17952e-05
0.000146037
0.000138271
0.000166193
9.42326e-05
0.000138623
0.000170357
0.000118036
0.000131212
0.000120541
9.95364e-05
0.000144491
9.17229e-05
0.000200486
9.59297e-05
0.00019694
0.000136799
0.000137968
0.000137027
0.000182734
9.19379e-05
9.38035e-05
0.000229281
0.000113847
0.000172479
0.000151974
9.70325e-05
0.000102131
0.000122528
0.000103314
0.00014713
0.000273973
0.000165791
0.000138951
0.000188995
7.73057e-05
0.00021137
0.000230913
0.000112366
0.000151208
0.000267008
9.77143e-05
0.000173637
0.000100044
0.000151737
0.00014099
0.00011818
0.000183985
0.000105854
0.000195056
0.000169292
0.000238195
0.000148986
0.000112778
0.00013324
0.000183061
0.000129832
0.000197112
0.000114806
0.000109655
0.000208212
0.000136393
0.000106328
0.00021121
0.000147561
0.000154954
9.81942e-05
0.000179641
9.13881e-05
0.000189179
0.000143428
0.000134031
0.000212009
0.000121157
9.14821e-05
0.000177857
0.000115969
0.000160509
0.000129061
0.000114051
0.000121108
0.00012532
0.000158811
0.000145881
0.000110732
0.000121204
0.000119788
0.000168391
0.000121127
0.000152134
0.000103897
0.000123191
0.000168605
0.00017376
0.000129452
0.000118941
0.000179079
0.000213189
0.000153083
0.000142328
0.000217315
0.00010437
0.000144267
0.000263898
0.000116865
0.000152848
0.000223273
0.000117951
0.000161855
8.87435e-05
0.000113766
0.000134538
0.000117904
0.000177472
0.000232436
0.000100303
0.000126468
0.000207931
0.000111854
0.000228251
0.000190324
9.71997e-05
9.58971e-05
0.000125567
0.000136333
0.000195457
0.000139837
0.000127929
0.000212388
0.000137751
0.000190406
0.000149999
0.000118462
0.00016393
0.000169406
0.000147897
0.000110799
0.000139516
0.000130858
0.000217942
0.000158694
0.000169235
0.000121463
0.000182775
0.000125356
9.1099e-05
0.000144615
0.000230185
0.000120731
9.90263e-05
0.00015032
0.000131057
0.000180175
0.000129922
0.000127422
0.000127664
0.000121084
0.000277862
0.000114884
0.000167614
0.000116254
9.82056e-05
0.000139028
0.000165125
0.000103602
0.000220388
0.00013058
0.000149217
0.00014786
0.000200273
0.000112786
0.000100093
9.93342e-05
0.000262494
0.000135039
0.000155813
0.000196741
0.00016982
0.000212882
0.000142504
0.000120206
0.000157472
0.000210127
0.000159775
0.000229038
0.000140079
0.000112384
0.000176654
0.000118934
0.000179688
0.000110691
0.000149828
0.000122164
0.000104225
0.000206501
0.000172387
0.000118368
0.000159087
0.000179558
0.000107748
0.000189693
0.000140567
0.000161919
0.000116827
0.000185429
0.000141204
9.98665e-05
9.65339e-05
0.000167187
0.000217081
0.000196296
0.000178381
0.000158854
0.000125802
0.000102031
0.000128888
0.000132526
0.000131891
9.03001e-05
0.000102301
0.000130624
0.000125541
0.00013046
0.000180917
0.000103214
0.000214917
0.000110799
0.000198066
0.000201377
0.000168993
0.000189744
0.000169453
0.000200739
0.000174999
0.000153392
0.000102924
0.000196495
0.000109678
0.00018881
0.000215811
0.000166724
0.000170035
0.000106172
0.000166724
0.000193492
0.000159057
0.000161262
0.000171734
0.000192976
0.000194585
0.000181561
0.000166185
0.000115041
0.000125927
0.000117173
0.000121738
0.000257861
0.000149217
0.000121674
0.000113254
0.000123647
0.000100273
0.000181826
0.000195219
0.000156911
0.00016498
0.000110624
0.000137885
0.000133264
0.000100766
0.000153375
0.000155772
0.000122274
0.000269355
0.000142358
0.000126634
0.00010557
0.000111634
0.000200858
0.000139046
0.000108542
0.000140497
0.000149225
0.000124273
9.48074e-05
0.000255183
0.000191963
0.000192527
0.000148308
0.00014083
0.00013403
0.000181382
0.000109428
0.000131262
0.000224554
0.000122254
0.000124743
0.000180387
9.65892e-05
0.000153899
0.000187391
0.000157373
0.000157126
0.000131674
0.000127416
0.000112445
9.73199e-05
0.000142322
0.000130359
0.000111376
0.000215811
0.000135757
0.000131369
0.000157672
0.0001257
0.000122945
0.000169316
0.000172481
0.000205852
0.000138451
0.000159221
0.000164649
0.000113711
0.000168299
0.000182252
0.000126335
0.000165473
0.000151381
9.27327e-05
0.000151453
9.89331e-05
0.000151148
0.000122231
0.000140594
0.000124699
0.00011753
0.000155222
9.3086e-05
0.000115535
0.000137137
0.000255676
9.77422e-05
0.000127297
0.000183317
0.000119529
0.000259898
0.000192154
0.000109822
9.61171e-05
0.000144003
0.000134476
0.000150549
0.000118948
0.00013687
0.000195647
0.000250882
0.000178287
0.000176608
0.000141072
0.000188694
0.000265887
0.000166464
0.000195561
9.59588e-05
0.000200929
0.000124375
0.000147147
0.000125429
0.000122078
0.000138037
0.000115328
0.000124124
0.000113257
0.000247715
0.000206279
0.000127926
0.000191095
0.000218699
0.000151175
0.000117391
0.000163747
0.000138174
0.000115664
0.000120746
0.000150992
0.000163971
0.000112439
0.000154539
0.000113404
0.000122438
0.000172755
0.000106738
0.000130477
0.000118334
0.000124756
0.000161998
0.000137777
9.28138e-05
0.000170531
0.000267008
0.000144267
0.000102257
0.000196026
9.31199e-05
0.000173137
0.000144096
0.000156559
0.00016003
0.000102177
0.000104838
0.000190464
0.000152357
0.000226414
0.000216166
0.000234926
0.000172579
0.000182192
0.000122008
0.000223302
0.000127141
0.000220107
0.000136836
9.28505e-05
0.000181973
0.000106777
0.000106216
0.00013011
0.00017858
0.000114457
0.000138796
0.000152263
0.000135822
0.00020759
0.000101922
0.000102834
0.000125196
0.000275759
0.000175068
8.68724e-05
0.000123197
0.000130036
0.000146222
0.000148181
0.000138032
0.000150703
0.000159404
0.000237976
0.000212907
0.00013083
0.000158973
0.000202244
0.000131063
0.000152465
0.000207639
0.000119153
0.000110449
0.000112854
0.000251092
0.000128664
0.000143455
0.000241988
0.000140323
0.00017224
0.000115741
0.000140836
0.000159365
8.1073e-05
0.000156346
0.000143749
0.00010581
0.000170024
0.000126574
0.00012901
9.57489e-05
0.000135715
0.000155066
0.000133494
0.000111372
0.0002461
0.000229769
0.000157312
0.000157852
0.000104603
0.000125953
0.000194437
0.000242471
0.000128906
0.000118894
0.000142597
0.000134937
0.00010723
9.32108e-05
0.000143535
0.000143151
0.000150861
0.000152991
0.000174578
0.000139711
0.000203011
0.000141206
0.000147312
0.000130792
0.000155964
0.000174261
0.000165983
0.000134183
0.000109715
0.000102893
0.000112149
0.000189201
0.000151841
0.000147671
0.000112798
0.000118402
0.000128184
0.000233752
0.000154365
0.000114339
0.000162468
0.000126346
0.00015208
0.000158329
0.000123179
0.00017404
0.000144969
0.000172536
0.000133238
0.000179393
0.000147329
0.000120551
0.000108847
9.27366e-05
0.000189053
0.000145645
0.000185268
0.000106097
0.000100498
0.00010304
0.000122426
0.000159657
0.000195488
0.000103888
0.00011216
0.000223955
0.00017335
0.000110848
0.000135798
0.000149725
0.00031121
0.000220687
0.000176558
0.000160162
0.000218114
0.000117683
0.000164374
0.000169573
0.000225753
9.2821e-05
0.000192028
0.000139408
0.000185021
0.000212657
0.000138496
0.000111578
0.000151441
0.000172295
0.000110149
0.00021449
0.000133086
0.000141573
0.00011795
0.00017589
0.000150369
0.000142411
9.87383e-05
0.000159596
0.000190569
0.000114381
0.000136913
0.000119967
0.000148912
0.000107777
9.0021e-05
9.49411e-05
0.000250236
0.000130804
0.000145065
0.000160288
0.000127094
9.75229e-05
0.000134139
0.000106547
0.000181509
0.000100163
0.000167637
0.000164533
0.000210419
0.000171362
0.000134356
0.000107236
0.000139513
0.000221611
0.000140117
0.00013352
0.000110763
0.000105687
0.000147698
0.000147641
9.14428e-05
0.000124108
0.000161062
0.000218292
0.00010677
0.000117102
0.000117009
0.000162741
0.000177054
0.000266616
0.000151956
0.000139937
0.000143602
0.000135414
0.000174664
0.000172479
0.000126054
0.000147374
9.25597e-05
0.000153079
0.000233567
9.12467e-05
0.000101544
0.000128403
0.000154593
0.000252424
0.000120079
0.000274479
0.000195377
0.000160383
0.000137259
0.000188703
0.000251963
0.000164879
0.000144421
0.000107557
0.000205239
0.000150957
0.000224964
0.000120228
9.5199e-05
0.000222499
0.000158562
0.000136475
0.000109676
0.000126719
0.000167479
0.000125305
0.000222021
0.000239996
0.000136612
0.000206662
0.000229227
0.000171093
0.000154932
0.000213407
0.000175572
0.000127916
0.000102672
0.000160347
0.000141619
9.83331e-05
9.95854e-05
0.000106328
0.000145564
9.25714e-05
0.000103324
0.000143821
0.000115018
0.000224646
0.000120535
0.000128478
0.000144765
0.00023863
0.000127441
0.000107134
0.000195639
9.73259e-05
0.000221056
0.000227945
0.000151657
0.000142339
0.000217684
0.000154026
9.00749e-05
0.000184467
0.000132072
0.000119645
0.000180859
0.000114122
0.000140191
0.000198128
0.00011254
0.000221038
0.000115361
0.000188636
0.000101763
0.000151714
0.000101885
9.06038e-05
0.000128295
0.000144338
0.00015573
0.000193778
0.000212657
0.000188741
0.000228101
0.000186927
0.000138765
0.00013781
0.000165264
0.000130038
0.000159285
0.000239949
0.000106181
0.000166419
9.45784e-05
0.000170831
0.000207348
0.000102459
0.000116097
9.90902e-05
0.000210795
0.000123763
0.000154968
0.00023727
0.000193442
0.000144197
0.000256026
0.000135377
0.000174824
0.000168932
9.68079e-05
0.000105774
0.000103592
0.00010094
0.000177112
0.000208095
0.000161697
0.000199718
0.000151213
0.00010663
9.84773e-05
0.000115334
0.000133803
0.000105357
0.000118585
0.000112778
0.000196038
0.000121832
0.000113273
0.000194096
0.000181242
0.000212848
0.000178286
0.000181622
0.000179858
0.000197671
0.0001092
0.000111555
0.000143334
0.00015349
9.97726e-05
0.000239962
0.000111296
0.000134233
0.000187001
0.000235631
0.000186516
0.000102799
0.000155047
0.000118433
0.000207469
0.000155078
0.000206467
0.000162123
0.000187486
0.000118191
0.000209321
0.000121893
0.000251185
0.00020619
0.000106611
0.000216492
0.000221916
0.000182205
0.000105394
0.000136862
0.000251679
0.000101231
0.000115356
0.000167855
0.000238195
0.00017721
0.00016306
0.000138793
0.000148107
0.000158207
0.000110707
0.000153098
0.000199028
0.000102943
0.000168816
0.000120148
0.000119489
0.000168993
0.000186613
9.74913e-05
0.000180351
0.000154601
0.000134294
0.000107196
0.000100684
0.000192662
0.000162969
0.000205813
0.000134817
0.000157495
0.000126916
0.000194678
9.44297e-05
0.000152293
0.000116506
0.000178508
0.000167075
0.000169357
0.00011755
0.000125261
0.000212756
0.00014597
0.000199655
0.000205038
0.000206254
0.000190851
0.00015888
0.000173723
0.000129796
0.000186969
0.0001936
0.000119154
0.000168858
9.97567e-05
0.000142462
0.000156106
0.000166825
0.000177805
0.000226113
0.000175197
0.000226113
0.000139603
0.000186819
0.00010298
0.000142341
0.000176558
0.000170384
0.000168308
0.000193397
0.000133222
0.000204459
0.000122432
0.000151841
0.000195517
0.000128886
0.000173605
0.000199718
0.000141208
0.000197123
0.000114305
0.000154876
0.000147411
0.000104456
0.000103714
0.000147411
0.000198322
0.000239858
0.000159126
0.000160047
0.000172805
0.000103037
0.000181509
0.000179211
0.00020092
0.000144186
0.000137262
8.31558e-05
0.000101763
0.000136478
0.000162468
0.000250495
0.000125036
9.27211e-05
0.000166852
0.000226277
0.000126233
0.000120939
0.000187387
0.000170117
0.000185797
0.000103863
9.34726e-05
0.000175921
0.000200532
0.000116731
0.000109856
0.000158652
0.000276157
0.000240902
9.60095e-05
0.000138216
0.000103783
0.000128785
0.000207469
0.000158044
0.000175618
0.000139091
0.000149338
0.000126664
0.000194888
0.000149618
0.000173969
9.0801e-05
0.000104653
0.000102888
0.00014059
0.000121961
0.000130523
0.000159609
0.000108843
0.000122231
0.000118543
0.000115945
0.000124471
0.000112801
0.000168034
0.000149434
0.000259973
0.000132893
0.00016799
0.000146568
0.000174068
0.000160417
0.000173071
0.000128691
0.000136425
0.000169691
0.000135412
0.000192604
0.000163357
0.000112758
0.000131516
0.000204534
0.000254837
0.000250982
0.000151425
0.000152751
9.56573e-05
0.000163983
0.000162804
9.66682e-05
0.00011232
0.000272341
0.000117173
0.000148283
0.000154954
0.000134183
8.97703e-05
0.000146249
0.000128016
0.000108679
0.000106309
0.000107134
9.94902e-05
0.000142051
0.000107236
0.000112552
0.00012985
0.0001498
0.000101482
0.000107628
0.000129924
9.42326e-05
0.000181456
0.000135733
0.00021258
0.000197439
0.00017479
0.000151085
0.000100511
0.000110294
0.000240823
0.00017117
0.000117415
0.000164214
0.000122753
0.000169573
0.00014508
0.000122746
0.000152285
9.58115e-05
0.000139871
0.000192689
0.000125559
0.000123969
0.000156163
0.000117675
0.000153995
0.000145701
0.000139962
0.000140857
0.000145708
0.000136358
0.000117378
0.000183472
0.000164264
0.000114655
0.000108052
0.000172678
0.000108986
0.000160602
0.000132068
0.000143279
0.000125114
0.000112094
0.000105295
0.000148345
0.000148324
0.000162039
0.000148764
0.000183182
0.000145661
0.000102613
0.000159762
0.000142117
0.000120718
0.000197351
0.000140801
0.000132528
0.000192057
0.000144354
0.000180433
0.00013818
0.0001064
0.000124624
0.00010557
0.000201348
0.000178387
0.000106101
0.00010697
0.000145606
0.000187796
0.000128332
0.00014792
0.000172373
0.000127978
0.00010151
0.000142299
0.000126189
0.000124181
0.000139034
0.000122447
9.70314e-05
0.000157704
0.000108643
0.000126874
0.000155771
0.00013946
0.000136862
0.000115239
0.000101223
0.0001764
0.000157371
0.000135659
0.000153595
0.000116903
0.000152991
0.000142541
0.00015033
0.000144633
0.000174856
0.000147553
0.000177891
0.00022777
0.000255638
9.96853e-05
0.000130222
0.000125965
0.000202857
0.000185671
0.000176863
0.000133961
0.00011187
0.000116136
0.000136947
0.000193148
0.000160258
0.000150944
0.000136892
0.00018881
0.00013241
0.000135881
0.000229964
0.00018314
0.00021036
0.000267441
0.000167195
0.000227525
0.000188802
0.000128492
0.000134283
0.000165248
0.000101801
0.000125223
0.000146686
0.000129427
0.00014956
0.000148687
9.40167e-05
0.00013216
0.000107003
0.000177956
0.000179442
0.00022192
0.000212563
0.000138039
0.000134555
0.00021449
0.000116344
0.000119036
0.000133266
0.000160322
0.000130426
0.000143952
0.000127696
0.000117102
0.000130092
0.000144421
0.000173616
0.000147641
0.000100672
9.16713e-05
0.000131155
0.000192327
0.000132376
0.000168696
9.46458e-05
9.89865e-05
0.000130721
0.000137442
0.000124287
0.000133495
0.000157374
0.000162408
0.000141316
0.000138346
0.000149557
0.000121864
0.000196724
0.000156045
0.000194725
0.000214348
0.000183807
0.000132982
0.000144526
0.000129063
0.00018422
0.000146866
0.000113995
0.000132775
0.000193856
0.000104178
9.48903e-05
0.000122493
0.000132722
0.000156076
0.000179984
0.000129351
0.000203856
0.000165875
0.000195713
0.000160222
0.000135045
9.84573e-05
0.000143162
0.000104757
0.000162133
0.000154735
0.000168299
0.000157885
0.000145103
0.000148153
0.000135369
0.000166765
0.000114184
0.00020893
0.000139996
0.000255658
0.000128858
0.000121699
0.000146577
0.000151466
0.000139819
0.000148421
0.000195952
0.000128085
0.000164737
0.000156755
0.000140025
0.000247082
0.000212366
0.000111477
0.000245155
0.00014955
0.000159977
0.000185496
0.000118035
9.90616e-05
0.000143709
0.000139144
0.000196477
0.000115072
0.000104594
0.000161998
0.000275759
0.00010592
0.000157474
0.000134433
0.00011078
0.000188208
9.94715e-05
0.000255027
0.000132027
9.62612e-05
0.000117229
0.000155256
0.000116079
0.000113299
0.000152273
0.000158527
0.000146064
0.000106362
0.000137326
0.000152841
0.00027393
0.000114857
0.000118771
9.98494e-05
9.91497e-05
0.00016431
0.000134476
0.000130853
0.000203654
0.000121385
0.000111755
0.000203409
0.000184557
0.000167763
0.000160101
0.000138021
0.000118169
0.000178161
0.000176638
0.000136837
0.000104698
0.00010814
0.000151608
0.000158498
0.000128401
0.000110379
0.000214012
0.000119715
0.000114612
0.00018888
0.000147598
0.000209509
0.000145545
0.000106566
0.00017224
0.000154014
0.000130061
0.00015587
0.000107344
0.000129788
0.000139475
0.000128003
0.000147789
0.000145103
0.000134484
0.000176267
0.000185225
0.000173963
0.000137137
0.0001178
0.000124027
0.000144835
0.000121889
0.000178167
0.000178167
0.000163357
0.000133584
0.000128605
0.000124151
0.000199698
0.000153575
0.000119856
0.000150421
0.000117806
0.000102698
9.9921e-05
0.000122294
0.000117641
0.000122546
0.000120475
0.000206217
0.0001086
0.000111779
0.000146728
0.000125463
0.000120116
0.000125348
0.000114091
0.000133473
0.000206279
0.000150957
0.000119073
9.72085e-05
0.000135183
0.00010418
9.76284e-05
0.000207675
0.000158465
0.000174419
0.00011383
8.83437e-05
0.000188421
0.000131737
0.000118534
0.000146186
0.000109059
0.000173963
0.000117391
0.00013818
0.000161711
0.000191921
0.000138139
0.000131499
9.95454e-05
0.000126649
0.00016716
0.000107501
0.00014733
0.0001998
0.000231169
0.000125213
0.000149558
0.000181696
0.000153899
0.000111221
9.14804e-05
0.000118842
0.000154026
0.000215393
0.000119926
0.000158619
0.000119987
0.000122384
0.000151948
0.000133222
0.000177143
0.000132141
0.000128295
0.000154433
0.000172493
0.00021576
0.000101112
0.00011795
0.000106856
0.000129068
0.000126752
0.000116194
0.000197802
0.000159393
0.000158361
0.000103482
0.000163285
0.00017299
0.000174886
0.000144107
0.00015072
0.000115406
0.000101793
0.000151872
0.00017903
0.00010314
0.000108587
0.000103647
0.000196411
0.000116321
0.000188977
0.000139107
0.000158357
0.000103973
9.95042e-05
0.000106282
9.72478e-05
0.000148064
0.000213718
0.000242471
0.000148417
0.000106419
0.000221287
0.000183224
0.000146407
0.000182038
9.34601e-05
9.29102e-05
0.000190729
0.000100545
0.000126307
0.000208833
0.000154593
0.000259973
0.000141217
0.00010708
0.000123464
0.000104972
0.000116647
0.000118618
0.000187925
0.000137121
0.000137471
0.000116363
0.000104097
0.000104725
0.000113464
0.000235631
0.000103066
0.000173034
0.000139502
0.000110763
0.000119079
0.000169659
9.39774e-05
0.000195056
0.000135479
9.8958e-05
0.00017944
0.000121187
0.000130735
0.000209682
0.000208211
0.000136325
0.000145634
0.000109848
0.000110691
0.00017996
0.000242411
0.000107196
9.46209e-05
0.000158997
0.000102095
0.000230161
0.000158246
0.000105446
0.000152502
0.000169499
0.00010296
0.000104381
0.000139103
0.000190693
0.000227787
0.000103343
0.00010443
0.000106276
0.000177015
0.000172805
0.000146407
0.00017198
0.000156056
0.000160719
0.000232814
0.000108144
0.000105219
0.000103719
0.000146745
0.000106746
0.000110586
0.000191203
0.000125529
0.000162833
0.000121468
0.000219244
9.80702e-05
0.000154182
0.000202947
0.000102432
0.000114824
0.000187471
0.000101235
0.00011321
0.000127934
0.000122242
0.000194995
0.000116974
0.000110953
0.000172435
0.000114359
0.000186432
0.000139575
0.000131325
0.00010496
0.000116066
0.000124232
0.000196424
0.000120748
0.000114654
0.000103843
0.000159109
0.000110182
9.94137e-05
9.47471e-05
0.000134272
0.00018323
0.000158932
0.000139046
0.000165274
8.99373e-05
0.000122434
0.000111746
0.000101071
9.49724e-05
0.000174253
0.000116065
0.000176029
0.000112594
0.000196505
0.000114381
0.000150904
0.000113278
0.000160225
9.93887e-05
0.000151717
0.000255937
0.000174651
0.000103516
0.000184484
0.000122867
0.000145781
0.000168754
0.00013619
0.000102326
0.000140978
0.000165352
0.00014869
0.000174316
0.000144409
0.000161589
0.000117374
9.86546e-05
0.000124161
0.000125184
0.000116337
0.000126043
9.30127e-05
0.000121643
0.00010663
0.000162698
0.000140038
0.000161457
0.00021592
0.000123662
9.63772e-05
0.000251963
0.000274479
9.12483e-05
0.000100044
0.000141294
0.000184787
0.000121203
0.000207442
0.000142526
0.000103613
0.000103825
0.000170117
0.000250704
0.000146002
0.000102341
0.000149199
0.000223571
0.000118351
0.000142425
0.000206454
0.000172542
0.000164327
0.000111243
9.6923e-05
0.000143062
0.000154539
0.000154234
0.000155221
0.000100112
0.000224931
0.000157626
0.000103483
0.000172246
0.000109343
0.000125567
0.000106346
0.000100511
0.000104326
0.000182866
9.57853e-05
0.000140136
0.000163562
0.00015063
0.000170831
9.48779e-05
9.39972e-05
0.000113351
0.000173721
0.00017456
0.000192235
0.000196808
0.000122618
9.37423e-05
0.000159483
0.000180056
0.000139096
0.00017262
9.91914e-05
9.95547e-05
0.000117536
0.00011962
0.000244103
9.70768e-05
0.000101675
0.000174084
0.000113073
0.000102698
0.000143306
0.000138047
0.00012811
9.88172e-05
9.85684e-05
0.000154286
0.000162582
0.000162737
8.57116e-05
9.47835e-05
0.000154426
0.000106419
0.000194893
9.45784e-05
0.000174565
0.000204038
0.000192367
0.000122358
0.000120735
0.000205003
0.000173675
0.000137552
0.000136349
0.00012533
0.000191164
9.30127e-05
0.000188802
0.000123891
0.000201747
0.000137204
0.000171342
0.000159862
0.000106296
0.000236347
9.41788e-05
9.373e-05
0.000130845
0.000106086
0.000106729
0.000231504
0.000137471
0.000113216
0.000109343
0.000176193
0.00019349
9.37668e-05
0.000107325
0.000212212
0.000120154
0.000115337
0.000182038
0.000162742
0.000117957
0.000173721
0.000120254
0.000110581
0.000145789
9.97276e-05
0.000163834
0.000144225
0.000183807
0.000123062
0.000132754
0.000132265
0.000181734
0.000111686
0.00011047
0.000111313
0.000100672
0.000171361
0.000191164
0.000127048
0.000116481
0.000175039
0.000121552
9.85684e-05
0.00012607
0.000112388
0.000130534
0.000223681
0.000150631
0.000151814
0.000145394
0.000141223
0.000155705
0.000146008
0.000225323
0.000142888
0.000189865
0.000192327
0.000172115
0.000172115
0.000143906
0.000195342
0.000160505
9.38454e-05
0.000113748
0.000115464
9.68617e-05
0.000143503
0.000100309
0.000108845
0.00011257
0.000228491
9.26315e-05
0.000143444
0.000269545
9.94049e-05
0.000156425
0.000145051
0.000119943
0.000166839
0.000112309
0.000109148
8.68854e-05
0.000151946
0.00012827
0.000159622
0.000240683
0.000143306
0.000163562
0.000146495
9.47802e-05
0.000198378
0.000182673
0.000177193
0.000138132
0.000100063
0.000226663
0.000171308
0.000173723
0.000144977
9.47642e-05
0.000227001
9.28576e-05
0.000124094
0.000130955
0.000179331
0.000146692
0.000188108
0.000217196
0.000221379
0.000148104
0.000118254
0.000246874
0.000161405
0.000103609
0.00027237
0.000171342
0.000183967
0.000141821
0.000128427
0.000176893
0.000158997
0.000158997
0.000158997
0.000144449
0.000126689
0.000245418
0.000119532
0.000193841
0.000136514
0.000117314
0.000210461
0.000181653
0.000108802
0.000267882
0.000107423
0.000214336
0.000201449
0.000178855
0.000174205
0.000152424
0.000151592
0.000235446
0.000133534
0.000305808
0.000155361
0.00022261
0.000168858
0.000172343
0.000137491
0.000158698
0.000117612
0.000137605
0.000148781
0.000113674
0.000109094
0.000137212
0.000144095
0.000122154
0.000198205
0.000158652
0.000175964
0.0002338
0.000142714
0.000176248
0.000163983
0.000110108
0.000108366
0.000123118
0.000122815
9.39115e-05
0.00021446
0.000125189
0.000112704
0.000193362
0.000172887
0.000110704
9.80359e-05
0.000130722
0.000101745
0.000128421
0.000222309
0.000129077
0.000131502
0.000241159
0.000152465
0.000175613
0.00016333
0.000100095
0.000149997
0.000105853
0.000262779
0.000114359
0.000111108
0.000190783
0.000223419
0.000117683
0.000213979
0.000166655
0.000158901
0.000140066
0.000143151
0.000108957
0.00012172
0.000145144
0.000177809
9.3461e-05
0.000241
0.000111915
0.000148882
0.000108577
0.000109394
0.000180443
0.000135073
0.000185694
0.000233413
0.000240109
0.000194988
0.000109492
8.52433e-05
0.000102566
0.000144109
0.000192853
0.000155017
0.000104837
0.000119035
0.000190378
0.000168749
0.000188926
0.000132626
0.000139277
0.000174097
0.000189865
0.000200486
0.000176924
0.000158998
0.000228058
0.000108322
0.000134892
0.000173649
0.000203601
0.000121643
0.000185519
0.000144503
0.000103836
0.000163834
0.000104814
0.000170593
0.000146437
0.00023227
0.000112896
0.000124376
0.000105895
0.000243404
0.000192952
0.000138802
0.000141476
0.000186487
0.000228789
0.000181482
0.000133445
0.000163748
0.00010115
9.16419e-05
0.000100279
0.0002523
0.000100682
9.59923e-05
0.000207709
0.000180874
9.72776e-05
0.000131128
0.000171546
0.00014578
0.000108281
0.000181494
0.000126831
0.000164459
0.000115948
0.000147149
0.000184936
9.80702e-05
0.000200248
0.000137607
0.000167853
9.60308e-05
0.000125829
0.000119809
0.000174205
0.000136515
0.00014532
0.000217617
0.000192888
0.000124137
0.000141077
0.000141077
0.000184323
0.000130678
0.000106351
0.00011823
0.000151477
0.000118893
0.000173163
0.000189761
0.000196563
0.000184151
9.98641e-05
0.000102715
0.000199059
0.000120846
0.000117511
9.93967e-05
0.000131339
0.000171868
0.000228072
0.000158486
0.000133068
0.000102094
0.000194377
0.000146338
0.00011168
0.000129557
0.00028947
0.000283227
0.000243606
0.00012076
0.000168346
0.000107672
0.00011675
9.37528e-05
0.000156963
0.000111389
0.000161438
9.27366e-05
0.000121889
0.000148107
0.000123218
0.000141708
0.000177056
0.000184929
0.000156509
0.000145872
0.000147655
0.000216794
0.000185107
0.000131969
0.000135982
0.000112439
0.000241961
0.000112469
0.000149567
0.000227151
0.000247039
0.00011925
0.000133127
0.000178855
0.000135755
0.000114407
0.000139028
0.000139034
0.000195975
0.000200858
0.000126359
0.000135296
0.000103571
0.000152275
0.00010196
0.000179242
0.000156588
0.000157857
0.000112388
0.000118467
0.000200815
0.000177228
0.000133961
0.000123079
0.000119204
0.000198778
0.000173597
0.000172547
0.000119391
0.000295702
0.000164344
0.000258088
0.000154338
0.000170738
0.000133494
0.000194465
0.00018639
0.00022914
0.000198636
0.000214279
0.00017516
0.000256151
0.000164214
0.00016116
0.000193472
0.000129362
0.000130544
0.000164186
0.00014083
0.000130512
0.000123644
0.000129248
0.000150267
0.000140587
0.000188377
0.000141126
0.000119899
0.000152023
0.000131053
0.000120941
0.00018759
0.00015499
0.000115986
0.000118286
0.000123972
0.000155899
0.000131338
0.000119893
0.000113301
9.50106e-05
0.000177056
0.000164301
0.000122358
0.00014534
0.000169822
0.000176674
0.000139743
0.000187632
0.000185843
0.000161404
9.25714e-05
0.000127386
0.000108187
0.000117592
0.000120482
0.000178224
0.000141077
0.000134291
0.000226267
0.000160825
0.000171241
0.000212353
0.00026407
0.00012103
0.000108842
0.000170496
0.000155066
0.000130735
0.000169961
0.000147265
0.000139889
0.000126184
0.000176971
0.000121515
0.000209073
0.000165348
0.000281196
0.000143197
0.000131475
0.000135798
0.000121882
0.000167234
0.000161662
0.000142186
0.000113201
0.000132844
0.000140181
0.000176626
0.000151309
0.000140875
0.00012909
0.000136393
0.00024257
0.000159094
0.000115096
0.000223834
0.000148066
0.000233279
0.000136947
0.000125335
0.000139414
0.000192398
0.000137636
0.000111074
0.000118187
0.000118187
0.000131366
0.000130764
0.000129302
0.000151234
0.000151635
0.000138036
0.00016335
9.63176e-05
9.77802e-05
0.000150162
0.000217332
0.000175774
0.000134555
0.000228871
0.000225029
0.000157815
0.000141152
0.000117195
0.000230447
0.000241729
0.000231192
0.000154519
0.000117612
0.000153239
0.000120249
0.000230655
0.000194117
0.000151225
0.000145226
0.000170159
0.000139715
0.000139715
0.000137707
0.000145499
0.000145196
0.000127089
0.00013816
0.000137867
0.000103857
0.0002445
0.000148466
0.000219749
0.000127486
0.000196239
0.000115483
0.000115596
0.000168309
0.000103012
0.000114328
0.000171187
0.000200296
0.000159819
0.000112177
0.000142585
0.000122688
0.000253532
0.000222309
0.000129228
0.000127267
0.000220952
0.0002136
0.000160618
0.000127565
0.000168416
0.000151558
0.000135798
8.96678e-05
0.000127436
9.64292e-05
0.00014307
0.000128138
0.000105076
9.82209e-05
0.000207869
0.000154455
8.44474e-05
0.000120808
0.000160359
0.0001306
0.000117391
0.000117391
0.00011867
0.000124426
0.000248283
0.000112281
0.000100085
0.00010262
0.000106102
9.33329e-05
0.000236709
0.000235962
0.000112277
0.000167075
0.000221592
0.00012517
0.000146522
9.30241e-05
0.000177024
0.000121766
0.000197141
0.000159154
0.000172494
0.000173476
0.000174351
0.000209159
0.000129281
0.00019215
0.000137432
0.000179591
0.000112898
0.000130705
0.000176378
0.000172694
9.70336e-05
9.95744e-05
0.000188659
0.000122599
0.000158345
0.000193188
0.000131734
9.49992e-05
0.000156211
0.00013334
0.000144856
0.000128752
0.000111459
0.000158205
0.000100828
0.00017773
0.000176213
0.000101272
0.00017067
0.000179873
0.000151408
0.000202692
0.000202093
0.000152544
0.000152943
0.000252912
0.00024981
0.000125927
0.00014011
0.000172284
0.000107839
0.00012816
0.000143621
0.000140172
0.000137772
0.0001381
0.000141316
0.000175895
0.000157056
0.000112384
0.000132782
0.000144577
0.000205439
0.000101288
0.000139273
0.000126233
0.000108259
0.000250231
0.000243391
0.00013877
0.000179757
0.000112743
0.000163971
0.000115478
0.000143709
0.000119693
0.000162412
0.00011696
0.000114606
0.000140157
0.000152512
0.000230343
0.000139122
0.000198188
0.000156163
0.000117772
0.00013004
0.000152435
0.000147237
0.000129427
0.000141619
9.96806e-05
0.000160258
0.000113637
0.000111578
0.000161451
0.000131245
9.97452e-05
0.000219217
0.000101983
0.000100095
0.000177143
0.000104109
0.000170319
0.000160502
0.000118254
0.000184736
0.000104149
0.000116925
0.000143832
0.000151096
0.000189808
0.000218701
0.000207128
0.000250215
0.00023856
0.000196958
0.000194913
0.000132366
0.00013004
0.000203544
0.000133127
0.000214392
0.000235352
0.000196368
0.000162567
0.000141198
0.000155862
0.000132366
0.000132983
0.000152575
0.000127926
0.000123469
0.000159665
0.000106466
0.000159433
0.000208146
0.000136925
9.71238e-05
0.00011487
0.000170663
0.000146681
0.000157389
0.000155578
0.000109271
0.000132805
0.000202897
0.000164957
0.000113422
0.000160764
0.000160632
0.000126072
0.000145736
0.000119596
0.000115518
0.000135714
0.000137911
0.000132857
0.000129883
0.000135124
0.000152018
0.000153229
0.000117583
0.000197863
0.000147655
0.000160852
0.000127743
0.000181404
0.000144206
0.000161965
0.000178786
0.000145569
0.000127585
0.000151453
0.000103243
0.000115106
0.000100875
0.000164461
0.000201383
0.000185084
0.000170156
0.000216535
0.000145054
9.61982e-05
0.00011952
0.000125529
0.000135839
0.00012182
9.00955e-05
0.000180098
0.0001306
0.000129053
9.72693e-05
9.3207e-05
0.00012831
0.000107191
0.000171878
0.000119497
0.000184259
0.000144973
0.00013851
0.000117957
0.000169554
0.000102835
0.000111515
0.000156194
0.000175504
0.000119523
0.000129595
0.000188233
0.00014286
0.000186961
0.000217462
0.000141498
0.000178387
0.000121768
0.00011383
0.000113451
0.000121892
0.000110763
0.000110763
9.8595e-05
9.11964e-05
0.000199171
0.000188373
0.000121917
0.000179045
0.000154171
0.000135459
0.000121899
0.000133501
0.000237252
0.000233936
0.000171103
0.00010498
0.000143735
9.9457e-05
0.000135867
0.000123262
0.000131901
0.000162893
0.000162608
0.000182074
0.00013975
0.000126235
0.000117595
0.000111014
0.000140059
0.000218292
9.9921e-05
0.000162603
0.000249111
0.000250354
0.000102288
0.000127621
0.000126966
0.000123013
0.000194608
0.00021171
0.000132227
0.000131891
0.00019271
0.000221383
9.68071e-05
0.000276626
0.000138155
0.000121909
0.000147667
0.000116468
0.000129821
0.000121183
0.000218024
0.000243191
0.000102341
9.75694e-05
0.000163798
0.000155135
0.000105019
0.000168745
0.000132568
0.000146514
0.000115626
0.000100563
0.000115741
0.00010677
0.000146901
0.000137092
0.000118459
0.000149204
0.000106181
0.000200826
9.03561e-05
0.000116564
0.000133763
0.000113215
0.000149118
0.000221351
0.000137679
0.000110034
0.000113931
0.000120275
0.000188964
0.00013779
0.000177872
0.000139559
0.000241991
0.000241991
0.000154934
0.000167911
9.72572e-05
9.75315e-05
9.60264e-05
0.000134756
0.00011727
0.000125835
0.00011727
0.000117009
0.00014594
0.000104361
9.25406e-05
0.000105854
0.000195228
0.000200428
0.000128718
0.00013806
0.000110755
0.000166993
0.000175935
0.0001372
0.000108712
0.000118892
0.000148426
0.000180376
0.000266437
0.000233078
0.00015418
0.000105456
0.000222776
0.000240583
0.000204574
0.000208635
0.000135662
0.000150242
0.00011222
0.000129958
0.000158957
0.000132417
0.000124083
0.000173271
0.000186717
0.000117605
0.000137692
0.000126487
0.000133091
9.07688e-05
0.000100887
0.000118489
0.000133633
0.000128246
0.000115214
0.000203419
0.000253889
0.000131588
0.000129887
0.000181696
0.000102287
0.000176193
0.000203668
0.000139194
0.000158086
0.000183128
0.000134826
0.000241963
0.000241963
0.00014625
0.000130392
0.000152227
0.000135215
0.000139237
0.000158486
0.000116392
0.000108413
0.000183266
0.000137057
0.000166246
0.000244801
0.000157763
0.000156983
0.000103825
9.59217e-05
0.000123381
0.000197445
0.000179941
0.000196129
0.000128475
0.000132925
0.000115199
0.000160337
0.00022914
0.000103725
0.000195161
0.000144232
0.000141779
0.000152727
0.000174291
0.000146154
0.00010459
0.000124991
0.000199274
0.000218439
0.000103343
9.45928e-05
0.000100497
0.00022117
0.000146396
0.00016766
0.000128771
0.000130681
0.000119154
0.000196298
0.000123285
0.000126589
0.000262086
0.000262086
0.000114062
0.000136079
0.00011727
0.000153844
0.000124466
0.000116519
0.000114977
0.000108763
0.000106886
0.00010599
0.000136266
0.000158578
0.000144277
0.00010822
0.000176798
0.000147248
0.000147698
0.000162737
0.000135715
0.000123436
0.000114824
0.000140087
0.000131789
9.97281e-05
0.000101508
0.000102143
0.000140066
0.000180743
0.000234746
0.000234746
0.000171507
0.000100077
0.000108773
0.000188632
0.000247672
9.83331e-05
0.000153107
9.36604e-05
0.000161944
0.000155014
0.000110711
0.000127351
0.000145944
0.000107908
0.000136415
0.000100095
0.000196334
0.000197515
0.000130886
0.000182752
0.000234539
0.000247183
0.000143153
0.000159492
0.000141417
0.000113341
0.000208636
0.000198066
0.000100586
0.00019186
0.000265286
0.000233476
0.000160728
0.000114859
0.000130245
0.000240653
0.000152318
0.00012333
0.000258468
0.000258468
0.000117466
0.000111938
0.000127683
0.000126172
0.000138036
0.000100331
0.000189212
0.00016057
0.000138266
0.00012815
0.000135789
0.000223625
0.000129781
0.00013757
8.30171e-05
0.000206217
0.000226834
0.000135741
0.000140914
0.000155698
0.000221611
0.000113102
0.000219143
0.000107485
9.68617e-05
0.000150984
0.000137994
9.42618e-05
9.98665e-05
0.000193709
0.000100887
0.000100484
0.000107531
0.000125414
0.000177054
9.80359e-05
0.000213994
0.000120769
0.000139866
0.000134806
9.7791e-05
0.000213994
9.70768e-05
9.70768e-05
9.46451e-05
9.70768e-05
0.000110317
0.000131195
0.000103066
0.000108763
9.25337e-05
0.000130007
0.000130052
0.000173487
0.000161985
0.000143832
0.000186542
0.000177044
0.00012692
0.000165804
0.000110816
9.67457e-05
0.000228341
0.00017112
0.000143264
0.000147854
0.000163397
0.000110844
0.000164423
0.000162482
9.71504e-05
0.000145582
0.000140124
0.000125253
0.0002017
0.00015808
0.000109564
8.80195e-05
0.000128383
0.000127191
0.000138572
0.000163653
0.000123189
0.000139608
0.000105727
0.00015877
0.000114224
0.00013334
0.000158346
0.000217482
0.000109008
0.000120197
0.000114179
0.000131729
0.000151157
0.000208362
0.00011226
0.00022192
0.000151481
0.000107068
0.000132917
0.000124355
0.000127916
0.000143635
0.000180018
0.000180018
0.000211441
0.000166777
9.86821e-05
0.000103876
0.000113982
0.000104748
0.000105755
0.000253982
0.000263045
0.000215274
0.000215274
9.98022e-05
0.000197802
9.51434e-05
0.000113268
0.000199196
0.00018158
0.000162822
0.000138431
0.000236689
0.000151383
0.000106218
0.000113921
0.000119489
9.98964e-05
9.79674e-05
0.000151819
0.000117423
0.000102274
9.32772e-05
9.53101e-05
0.00010883
0.000111377
0.000101508
0.0001463
0.00011358
0.000186852
0.000184461
0.000156476
0.000101245
0.000227295
0.000168018
0.000146616
9.68503e-05
0.000134156
0.000123372
0.000154306
0.000181824
0.000124094
0.000116896
0.000129695
0.000115344
9.65535e-05
0.000154955
0.000112089
0.000147147
0.000111555
0.00016716
0.000105918
0.000103719
0.000146027
0.000219632
0.000106575
9.2761e-05
0.000148986
0.000141476
0.000154421
0.000154421
9.50961e-05
0.000145396
0.000137881
0.000162522
0.000116306
0.000195647
0.000133186
0.000229444
0.000196875
0.000216479
0.000224469
0.000231228
0.000114758
0.00013842
0.000130832
0.000142614
0.000113382
0.000118381
9.55545e-05
0.000104994
0.000109618
0.000104994
0.000108845
0.000115599
0.000185756
9.99106e-05
0.000108641
0.000167102
0.00022721
0.000129362
0.000165409
0.00012127
0.000190447
0.000105812
0.000121042
0.000119899
0.000126873
0.000166485
0.000228482
0.000228482
0.000220381
0.000239182
0.000141495
0.000182734
0.000115184
0.000216512
0.000166583
0.000213797
9.30127e-05
9.65339e-05
0.000257554
0.000257554
0.000266212
0.000103004
9.76177e-05
0.00010929
0.000146362
0.000215562
0.000121825
0.000163647
0.000170816
0.000143062
0.000148146
0.000137687
0.000122035
0.000106124
0.000117462
0.000116732
0.000210311
0.000210311
0.000143022
0.000149302
0.00020747
0.00020747
0.000148041
0.000169105
0.000124038
0.00012356
0.000184787
9.72693e-05
9.72693e-05
9.72693e-05
0.00017896
0.000148217
0.000231621
0.000105299
9.96283e-05
0.000227532
0.000165677
0.000110915
0.000219044
0.000184113
0.000191103
0.000150279
0.00022819
0.000197845
9.51789e-05
0.000123022
0.000148077
0.000141573
0.000162418
0.000124782
0.000107531
0.000129073
0.000152465
0.000155718
0.000156975
0.000119612
0.000116313
0.000158963
0.000116669
0.00010296
0.000101245
0.000104381
0.000124151
0.000186819
0.000147233
0.000140773
0.000118033
0.000117391
0.000138308
0.000158468
0.000173882
0.00014909
0.000127808
0.00016418
0.000208136
9.58689e-05
0.000133086
0.00011996
0.000121942
0.000111453
0.00018857
0.00018857
0.000105967
0.000103208
0.000115434
0.000127375
0.000145705
0.000101231
0.000211717
0.000158798
9.12459e-05
9.51434e-05
9.12459e-05
0.000102619
9.85684e-05
9.85684e-05
0.000196993
0.000189201
0.000107963
0.000132634
0.000109325
0.000109018
9.93799e-05
0.000156485
0.000146379
0.000115232
0.000118312
0.000102191
0.00014104
0.000138556
0.000113719
0.000111221
9.18131e-05
9.70962e-05
0.000188809
0.000183893
0.000149953
0.000222053
0.000136392
0.000196355
0.000216805
0.000216805
0.000120799
0.000110768
0.000194706
0.000194706
0.000114806
0.000117612
0.000122172
0.00011481
0.000179579
0.000137394
0.000183016
0.000173628
0.000147366
0.000163344
0.00017746
0.000159964
8.02693e-05
0.000100905
0.000200325
0.000200325
9.84773e-05
0.000145483
0.000219907
0.000219907
0.000115507
0.000138788
0.000168742
0.000100917
0.00024
0.000234279
0.000201747
0.000201747
0.000127978
0.000133445
0.000124533
9.1933e-05
0.00018334
0.00011717
0.000107938
0.000118877
0.000217279
0.00021366
0.000125536
0.000120795
0.000220841
0.000183646
0.000207206
0.000141126
0.000241836
0.000241836
0.000207827
0.000207827
0.000188389
0.000174911
0.000135074
0.000149086
0.000106833
0.000105938
0.000115726
0.000125649
0.000195073
0.000214323
0.000233167
0.000232184
9.65153e-05
0.000100407
0.00015796
0.000132749
0.000124694
0.000121568
0.000222756
0.0001908
0.000107312
0.00019554
0.000129832
0.000129224
0.000192519
0.000192519
0.000106185
9.8434e-05
0.000197568
9.38615e-05
0.000192724
0.00018158
0.000108232
0.0001232
0.000183351
0.000202485
0.000118941
0.000123847
0.000137847
0.000130502
8.59604e-05
0.000222801
0.000184484
0.000195413
0.000134357
0.000106386
0.000194927
0.000183967
9.50723e-05
0.000164479
0.000197637
0.000109764
9.94175e-05
9.07489e-05
0.000108052
0.000171322
0.000200773
0.000175348
0.00016352
0.000127113
8.71963e-05
0.000170593
0.000133796
0.000104603
0.000150821
0.000135131
0.000156239
0.000154242
0.000176006
0.000169913
0.00013228
0.000178892
0.000164454
0.00013995
0.000210076
0.000196256
0.000211111
0.000211111
0.000122172
0.000125802
0.000186639
0.000172581
0.000107107
0.000125142
9.65902e-05
9.699e-05
0.000218669
0.000218669
0.000116103
0.000112535
0.000108136
0.000127878
0.000114068
0.000119441
0.000121344
0.000206827
0.000135174
0.000169298
0.000146906
0.000214116
0.000214705
0.000143045
0.00013085
0.000119212
0.000121105
0.000183947
0.000121631
0.000178366
0.000173383
0.000153036
0.000171237
0.00010459
0.000137885
0.000164878
0.000153295
0.000115995
0.000114873
0.000119878
9.73956e-05
0.000200296
0.00015339
0.000146928
9.90921e-05
0.000208838
0.000224876
0.000124799
0.000180065
0.000106329
0.00014895
0.000174591
0.000205494
0.000164467
0.000212267
0.000126738
0.00010104
0.000148117
0.000164688
0.000140956
0.000177399
0.000191572
0.000197868
0.000111598
0.000200133
0.000221097
0.000205243
0.000177283
0.000144162
0.000212434
0.000191538
0.000183936
0.000103647
0.000110624
0.000179757
0.000185217
0.00019339
0.00012811
0.000157999
0.000142092
9.7208e-05
0.000122447
0.000132893
0.000201747
0.000104705
0.000111114
0.000102069
0.000181833
0.000112386
0.000173976
0.000111098
0.000106035
0.000214054
0.000137723
0.000104424
0.000156619
0.000168107
0.000151265
0.000190437
0.000190437
0.000211135
0.000116378
0.000146866
0.000123492
9.95088e-05
0.000149469
0.000109698
0.000102321
0.000209646
0.000209646
0.000202676
0.000202676
9.1022e-05
0.000211874
0.000145832
0.000178949
0.000160843
0.000117581
0.000153596
0.000174297
0.000129127
0.000127059
0.000104193
0.000118451
0.000181005
9.5238e-05
0.000195102
0.000156781
0.00016222
0.00022115
0.00022115
0.000187297
0.00016122
0.000183539
0.000183539
9.38815e-05
9.30127e-05
0.000133339
0.000216652
0.000180527
0.000183309
0.000181246
0.000160391
0.000101383
0.000145156
0.000203444
0.000223729
0.000154943
0.000112259
0.000186663
0.000215908
0.00019838
0.000158194
0.000171345
0.000183478
0.00012265
9.7209e-05
0.000188973
0.000188973
0.000153226
0.000167827
0.000101688
0.000188768
0.000199533
0.000199533
0.00012667
0.00011695
0.000109522
9.95371e-05
0.000147327
0.000198939
0.000150025
0.000148418
0.000175927
0.000142967
0.000180176
0.000182325
9.92441e-05
0.000106886
0.00018422
0.000224982
0.00015017
0.000142529
0.000162969
0.000146253
0.000193585
0.000160464
0.000187376
0.000191936
0.000110533
0.000123521
0.000142617
0.000143166
0.000160664
0.000131029
0.000139185
0.000117931
0.000100872
0.000154262
0.000115116
0.000148057
0.000108196
0.000107373
0.000118578
0.000200571
0.000200571
0.000182188
0.000182188
0.00011258
0.000113996
0.00012732
0.000119071
0.000123282
9.53818e-05
0.00023386
0.00023386
0.000188473
0.000188473
0.000181445
0.000181445
0.000151281
0.000189878
0.000148021
0.000104896
9.06335e-05
0.000116943
0.000185021
0.00013393
0.000195895
9.47802e-05
0.000189132
0.000189132
0.00021073
0.00021073
0.000150444
0.000239761
0.000197188
0.000197188
0.000133873
0.000161326
0.000156125
0.000144877
0.00017794
0.00017794
0.000171327
0.000143913
0.000150456
0.00019253
0.000129581
0.000134015
9.16156e-05
9.62755e-05
0.000114552
0.000123296
0.000102325
0.000141837
0.000200632
0.000148248
0.000193681
0.000163962
0.000252551
0.000202578
0.00016892
9.90263e-05
0.000189903
0.000189903
0.000175296
0.000129255
0.000123202
0.000159978
0.00018259
0.000197183
0.000197183
0.000180556
0.000153938
0.000202241
0.000202241
0.000154777
0.000215886
0.000105653
0.000132135
0.000131818
0.000130699
0.00012829
9.14032e-05
0.000157226
0.000146774
0.00013938
0.000195343
0.000214433
0.000223509
0.000143694
0.000140431
0.000100366
0.000110328
0.000118499
0.000117067
0.000169167
0.000113627
0.00017387
0.00017387
0.000201975
0.000184802
9.96483e-05
0.000210598
0.000201721
0.000201721
0.00011578
0.000117576
0.000174349
0.000174349
0.000140836
0.000114897
8.68854e-05
9.50723e-05
0.000101024
0.000100905
0.000219964
0.000219964
0.000108366
0.000191921
0.000109505
0.000198145
0.000174923
0.00019133
0.000202585
0.000174975
0.000130158
0.00011293
0.000136258
0.000173068
0.000127362
0.000173068
0.000173068
0.000148057
0.000174007
0.000176961
0.000168508
9.68007e-05
0.000172096
0.000172096
0.000126359
0.000125147
0.000210932
0.000159573
9.76322e-05
0.000136406
0.000180957
0.00019263
0.000137338
0.000107559
0.000177321
0.000177321
0.000202315
0.000202315
0.000119146
0.000125088
0.000171137
9.90248e-05
0.000138951
0.000167042
0.00018526
0.00011226
0.000200772
0.000195091
0.000183151
0.000144217
0.000102389
0.000120026
0.000114067
0.000135755
0.000181418
0.000182626
0.000110469
0.000103113
0.000131154
0.000100414
0.000160531
0.000174417
0.000156567
0.000121665
0.000208201
0.000177778
0.000171853
0.000171853
0.000203021
0.000203021
0.000104214
0.000137088
0.000119408
0.000104202
0.000119351
0.000126682
0.000205375
0.000191244
0.000123585
0.000102354
0.000107069
9.6301e-05
0.000151063
0.000112961
0.000175697
0.000175697
0.000169833
0.000169979
0.00017798
0.000161832
0.000195629
0.000195629
0.00016009
0.00018789
0.000165969
0.000165969
0.000134004
0.000127554
0.000199675
0.000149554
0.00015617
0.000138145
0.000135654
0.000147983
0.000115086
9.82146e-05
0.000187105
0.000187105
0.000165231
0.00011809
0.000173925
0.0001819
0.000101489
0.000178725
0.000138904
0.000108358
0.000113713
9.76219e-05
0.000137905
0.000145702
0.00010623
0.000191875
0.000155464
0.000131083
0.000146264
0.000153052
0.000134832
0.000122691
0.000118336
9.05444e-05
0.000109083
0.000162985
0.00015274
0.00013259
0.000176366
0.000165088
0.000166669
9.24488e-05
9.25048e-05
0.00012383
0.00012383
0.000119452
0.000100352
0.000153218
0.000182622
0.000107587
0.000123084
0.000166805
0.000186432
0.000264874
0.000194852
0.0001056
0.000103925
0.000190868
0.000190868
0.000165757
0.00010777
0.000139653
0.000172573
9.75408e-05
9.72385e-05
0.000140067
0.000134741
0.000145634
0.000114377
0.000168174
0.000168174
0.000118605
0.00010243
0.000138587
0.000127441
0.000179388
0.000169499
0.000179685
0.000153942
0.000154562
0.00015485
0.00014961
0.000154184
0.000147941
0.000162745
0.000187892
0.000187892
0.000151546
0.000108168
0.000162911
0.000167314
0.000205193
0.000210645
0.000192655
0.000207619
0.000114122
0.000130315
0.000174865
0.000184055
0.000180258
0.000170012
0.000110181
0.000108194
0.000238552
0.000183799
0.000153392
0.000139888
0.000165178
0.000187391
0.00018494
0.000186301
0.000144206
0.000103764
0.000160597
0.000145065
0.000106247
0.000197922
0.000113753
0.000111721
0.000191305
0.000191305
0.000182752
8.31984e-05
0.000174706
0.000173994
0.000215115
0.000245934
0.000211721
0.000211721
0.000208803
0.000221259
0.000200553
0.000166099
0.000164698
0.000137489
9.48805e-05
0.00015073
0.000107421
9.55008e-05
0.000160202
0.000161172
0.00016195
0.000146686
0.000111209
0.000109302
0.000160291
0.00016475
0.000175098
0.000168696
0.000151085
0.000161183
9.29102e-05
9.44297e-05
0.000226561
0.000217237
0.00014018
0.000108688
0.000199296
0.000199296
0.000136129
9.9377e-05
0.0001741
0.0001741
0.000167453
0.00018017
0.00016827
0.000151414
0.000152287
0.000153782
0.000232818
0.000235858
0.000122161
0.000139818
0.000179363
0.000230831
0.000209262
0.000209262
0.000113386
0.000169451
0.000220301
0.000220301
0.000101126
9.03039e-05
0.00020204
0.00020204
0.000161404
0.000107633
0.000102208
0.000119424
0.000191608
0.000190249
0.00013038
0.000125785
0.000119328
0.000146813
0.000147545
0.0001498
0.000160002
0.000160002
9.40407e-05
0.000181242
0.00019567
0.000117331
0.000110105
0.000179472
0.000188008
0.000204636
0.000104697
0.000176753
0.000125308
0.000212767
0.000116084
0.000134035
0.000212007
0.000167344
0.000194986
0.000145707
0.000212954
0.000160716
0.000177754
0.000177754
0.000126325
0.000152134
0.000159172
0.000159172
0.000161229
0.000161229
0.000150467
0.000154968
0.000102728
0.000103489
0.000118519
0.000190437
0.000132525
0.000159268
0.000146945
0.000146498
0.000105395
0.000113503
0.000119927
0.00010464
0.000194465
0.000201365
0.000126652
0.000118249
0.000153438
0.000153438
0.000155061
0.000155061
9.11984e-05
0.000102831
0.000119209
0.000138825
0.000104393
0.000110038
0.00015006
0.000139866
0.000171072
0.000171072
0.000157746
0.000135189
0.000225068
0.000225068
0.000155031
0.000106737
0.000197456
0.000197456
0.000154707
0.000151023
0.000154233
0.000191807
0.00014777
0.000189682
0.00016807
0.000181002
0.000110509
0.000100527
0.000231388
9.70642e-05
0.000118117
0.00011618
0.000107854
0.000105732
9.6554e-05
0.000107555
0.000109938
9.49081e-05
0.000155953
0.000135412
0.000155865
0.000131822
0.00013669
0.000104814
0.000118093
0.000189423
0.000207534
0.000172854
0.000163343
0.000144239
0.000140261
0.000107329
0.000155767
0.000131408
9.93084e-05
0.000211163
0.000211163
0.000118526
0.000115322
9.76108e-05
8.34316e-05
0.000187211
0.000222229
0.000262554
0.000140886
0.000137551
0.00013415
0.000172573
0.000201894
0.000161479
0.000173026
0.00020877
0.00020877
0.00021695
0.000144973
0.000226871
0.000160157
0.000143585
0.000135798
0.000160771
9.68351e-05
0.000163061
0.000154029
0.00017075
0.000150976
0.000124841
0.000162003
0.000107529
0.000183936
0.000190372
0.00020355
0.000202553
9.1848e-05
0.000122252
0.000182184
0.000166036
0.000114064
0.000114064
0.000171809
0.000148351
0.000154163
9.19047e-05
0.000124393
0.000120638
0.000154683
8.65222e-05
0.000173662
0.000179644
0.00016595
0.000203156
0.000205156
0.000218294
0.000119193
0.000147489
0.00015836
0.00015836
0.000156834
0.000113756
0.000130375
0.000154218
0.000194951
0.000171623
0.000103118
0.000198722
0.000198722
0.000117847
0.00011119
0.000138791
0.000135028
0.000147846
0.000103228
0.00017655
0.00017655
0.000115371
0.000151608
0.000150618
0.000133358
0.000207216
0.000207216
0.000192157
0.000192157
0.000116261
0.000113134
0.00011089
0.000176275
0.000167098
0.000167098
0.000195425
0.000195425
0.000130315
0.000236622
9.39178e-05
0.000104335
0.000153823
0.000148334
0.000154469
0.00014935
0.000148476
0.000156119
0.000151717
0.000150408
0.000160111
0.000181429
0.000176053
0.00014711
0.000134738
0.000127703
0.000152045
0.000148036
0.00015272
0.000169063
0.00013366
0.00015004
0.000160341
0.000127404
0.00015498
0.000179707
0.000164163
0.000181371
0.000104328
0.000138492
0.000177098
0.000177246
0.00015551
0.000177162
0.000161061
0.000152662
0.000107026
0.000161431
0.000157829
0.000149292
0.000158119
0.000158119
0.000144537
0.000102539
0.000177485
0.00017793
0.000148281
0.000148281
0.00016384
0.000164211
9.89427e-05
9.76978e-05
0.000161696
0.000220356
0.000120156
9.57853e-05
0.000148013
0.000148013
0.000148013
0.000148013
0.000144669
0.000152241
0.000190077
0.0001885
9.51825e-05
0.000133361
0.0001768
0.000158372
0.000159508
0.000159508
0.000147733
0.000147733
0.000158061
0.000132794
0.000132059
0.000193009
0.000150383
0.000150383
0.000155582
0.000155582
0.000146904
0.000179152
0.000179152
0.000141558
0.000127191
0.000153166
0.000153166
0.000171611
0.000133457
0.000108177
0.000114654
0.000141947
0.000150976
0.000194819
0.000194819
0.00020729
0.00020729
0.000140756
0.000120641
0.000202047
0.000152306
0.000129529
0.000133573
0.000154483
0.000154483
0.000110418
0.000126048
9.97581e-05
9.38344e-05
0.000187772
0.000187772
0.000114038
9.84078e-05
0.00017542
0.000160442
0.0001633
0.0001633
0.00016876
0.000169793
0.000139728
0.000145973
0.000145973
0.000145969
0.000128734
0.000124202
0.00014591
0.00014591
0.000147822
0.000147822
0.000158732
0.000158732
0.00017074
0.00014588
0.00014628
0.00014628
0.000174508
0.000185967
0.0001197
0.000137889
0.00014542
0.00014542
0.000149416
0.000145185
0.00014033
0.000156223
0.000115696
0.000115845
0.000172104
0.000145222
0.000113422
0.000133778
0.000192992
0.000198072
0.000172504
0.000211796
0.000203782
0.000133961
0.000207195
0.000207195
0.000194052
0.000194052
0.00014165
0.000155608
0.000148917
0.000108641
0.000156577
0.000137291
0.000100311
0.000103981
0.000145058
0.000149151
0.00015391
0.000132817
0.000175349
9.32986e-05
0.000145791
0.000145791
0.00014414
0.000144159
0.00014369
0.000171272
0.000106274
0.000112898
0.000195913
0.000195913
0.000179399
0.000179399
0.000171514
0.000165634
0.000128379
9.93037e-05
0.000177212
0.000146675
0.00012555
0.000185477
0.000110632
0.000103427
0.000154137
0.000130217
0.000145561
0.000153861
0.000194037
0.000194037
0.000106947
0.00014864
0.000176264
0.000140628
0.000195822
0.00014195
0.000139044
0.000167164
0.000184204
0.000220529
0.000100501
9.72952e-05
0.000106626
0.00010607
9.3764e-05
0.000154757
0.000167749
0.000158905
9.59306e-05
0.00016572
0.000194978
0.000179723
0.000153322
0.000160152
9.26403e-05
9.26717e-05
0.000144925
0.000137163
0.00015546
0.00015546
8.74592e-05
0.000121718
0.000203129
0.000203129
0.000149333
0.000149333
0.000154666
0.000159332
0.000130133
0.000116931
0.000150743
0.000100525
0.000107588
0.000153292
0.000174634
0.000174634
0.000162086
0.000162086
0.000167121
0.000167121
0.000157669
0.000139711
0.000150944
0.000110966
0.000137592
0.000143738
0.000127272
0.000139322
0.000137258
0.000110375
0.000140395
0.000129557
0.000161296
0.000161296
0.000176923
0.000125359
0.000134043
0.000145382
0.00012255
0.000113397
0.000143057
0.000183554
0.000142175
0.000142175
0.00010096
0.000134091
0.000141819
0.000172775
0.000140463
0.000140463
0.00017448
0.00017448
0.000216214
0.000210898
0.000185982
0.000171928
0.000167352
0.000167352
0.000143176
0.000174046
0.000157846
0.000107791
0.000180627
0.000190032
0.000139669
0.000139157
0.000117967
0.000139802
0.000160379
0.000160379
0.000164709
0.000164709
0.000134751
0.000116592
0.000140026
0.000140026
0.000178723
0.000178723
0.000139959
0.000139968
0.00015972
0.000177622
0.000180352
0.00022521
0.00014583
0.00013984
0.000139968
0.000139968
0.000154465
0.000154498
0.00014732
0.000129238
0.000150458
0.000208295
0.00014932
0.00014932
0.000137263
0.000135115
0.000185928
0.000164181
9.00749e-05
9.39774e-05
0.000182337
0.000138709
0.000138294
0.00013803
0.000141949
0.000128666
0.000132637
0.000106461
0.000125314
0.00011689
0.000183249
0.000137898
0.000161325
0.000161325
0.000176211
0.000151213
0.000143426
0.000104933
0.000138572
0.000118444
0.000159508
0.000159508
0.000139095
0.000139095
0.000156665
0.000152183
0.000155424
0.00010445
0.000138472
0.000138472
0.000154348
0.000154348
0.00013851
0.000183778
0.00013153
0.000118326
0.000201327
0.000200386
0.000208722
0.000208722
0.000180556
0.000180556
0.000134669
0.000137721
0.000137815
0.000137815
0.000137721
0.000134669
0.000143594
0.000200248
0.000141507
0.000130252
0.000140086
0.000140086
0.000155856
0.000155856
0.000178773
0.000127528
0.000188175
0.000176068
0.000144406
0.000147603
0.000145722
0.0001465
0.00011582
0.000112238
0.000100299
0.000116505
0.00016775
0.00016775
0.000134732
0.000159809
0.000182628
0.000173453
0.000135903
0.000144088
9.47981e-05
0.0001908
0.000137563
0.000137563
0.000201901
0.000140869
0.000131334
0.000131173
0.000212736
0.000168932
0.000102846
0.000152259
0.000135704
9.90547e-05
0.000200209
0.000171479
0.000121646
0.000127642
0.000107485
0.00020163
0.00015689
0.000157355
0.000154184
0.000154153
0.000146002
0.000138825
0.000193867
0.000189668
0.000212796
0.000124742
0.000110579
0.000124278
0.000129747
0.000142407
0.000149437
0.000138668
9.6116e-05
9.47816e-05
0.00015553
0.00015553
0.000119243
0.000124018
0.000139705
0.000146316
0.000158532
0.000141642
0.000126426
0.000121864
0.000190497
0.000204945
0.000149015
0.000149015
0.000137043
0.000137043
0.000120142
9.90037e-05
0.000192198
0.000195405
0.000178543
0.000161596
0.000185682
0.000185682
0.000118475
0.000142101
0.000142365
0.000129132
0.00013607
0.000164626
0.000159959
0.000175139
0.000146673
0.000146673
0.00015574
0.000160263
0.000148962
0.000148962
0.000151347
0.000111483
0.000136938
0.000136938
0.000135503
0.000113876
0.000128462
0.000155272
0.000145473
0.000162967
0.000126908
0.000116294
0.000119433
0.000102372
0.000105654
9.48474e-05
0.000181528
0.000131288
0.000157569
0.000138075
0.000154354
0.000153682
0.000135641
0.000147181
0.000157079
0.000157079
0.000144802
0.00013362
0.000136087
0.000136087
0.000147668
0.000147668
0.000159666
0.00018194
0.000156694
0.000156694
0.000158239
0.000158239
0.000124238
0.000121724
0.000118309
9.98523e-05
0.000185515
0.000185515
9.62399e-05
0.00011559
0.000186621
0.000197246
0.00013439
0.000133429
0.000133429
0.000151511
0.000127849
0.000194503
0.000194503
0.000134086
0.000142317
0.000117142
0.00012832
0.000168325
0.000170084
9.93799e-05
0.000107419
0.00016323
0.000179986
0.000177226
0.000131988
0.000117583
0.000113648
0.000129345
0.000152378
0.000163483
0.000191863
0.000145282
0.000234023
0.000193378
0.000133868
0.000133868
0.000242672
0.000162923
0.000145235
0.000174462
0.000106567
0.000102553
0.000184191
0.000184191
0.000175051
0.000144891
0.000210805
0.000153909
0.000170951
0.000130678
0.000150066
0.000150066
0.000109021
0.000103607
0.000130356
9.45e-05
0.000131974
0.000131974
0.000172325
0.000172325
0.000155469
0.00015673
0.000165532
0.000165532
0.000147594
0.000153009
0.000157104
0.000141238
0.000159734
0.000159734
0.000185015
0.000185342
0.000183606
0.000185692
0.000128364
0.000158914
0.000131994
0.000139912
0.000157468
0.000181929
0.000217822
0.000171853
0.000171853
0.000168581
0.000168581
0.000163727
0.000140472
0.000140794
0.000127898
0.000127898
0.000165729
0.000153683
0.000115423
0.000174299
0.000136026
0.000144874
0.000150053
0.000150053
0.000130534
0.000130534
0.00014105
0.00014105
0.000186684
0.000150736
0.000134064
0.000167665
0.000131769
0.000129705
0.000188226
0.000136268
0.000136904
0.000176481
0.000138273
0.000149554
0.000157248
0.000159983
0.000148273
0.000148273
0.000130093
0.000130093
0.000148889
0.000148889
0.000130092
0.000130053
0.000153544
0.000133534
0.000139385
0.000139385
0.000133717
0.000133717
0.000115837
9.37123e-05
0.000208121
0.000177093
0.000127891
0.000160879
0.000131733
0.000137317
0.000177721
0.000201054
0.000130824
0.00013625
0.000172552
0.000164514
0.000156594
9.304e-05
0.000134895
0.000128519
0.0001304
0.0001304
0.000161383
0.00016325
0.000153941
0.000141059
0.000190089
0.000171815
0.000129887
0.000129887
0.000125739
0.000132327
0.000139152
0.000139152
0.000146859
0.000191967
0.000130477
0.000135228
0.000150161
0.000150161
0.000128621
0.000109269
0.000129073
0.000129073
0.000139585
0.000133755
0.000184322
0.000172546
0.000146526
0.000146526
0.000163189
0.000124754
0.000220313
0.000176318
0.000128806
0.000128806
0.000175327
0.000106964
0.000158487
0.000147538
0.000191186
0.000124537
0.000269311
0.000189515
0.000131185
0.000124935
0.000100831
0.00010004
0.000116226
0.000115508
0.00014294
0.000137188
0.000176981
0.00012207
0.000231891
0.000168816
0.000171143
0.000127873
0.000137722
0.000137722
0.000143413
0.000139537
0.000134129
0.000126478
0.000206692
0.000156198
9.05482e-05
0.0001715
9.68407e-05
9.14635e-05
9.31199e-05
8.9486e-05
0.000172174
0.000156653
0.000123052
0.00012419
0.000173196
0.000173627
0.000121537
0.000106526
0.000136398
0.000134155
0.000127793
0.000127632
0.000133761
0.000128971
0.000172462
0.000172462
0.000130553
0.00011745
0.000148679
0.000134785
0.000128089
0.000128089
0.000123314
0.000140748
0.000139577
0.000170836
0.000170836
0.000137917
0.000137917
0.00018323
0.00014442
0.000135052
0.000135052
0.000103566
0.000100253
0.000187378
0.000187378
0.000123574
0.000123574
0.000140869
0.000119632
0.000181353
0.000181353
0.000116247
0.000103567
0.000148542
0.000112169
0.000132992
0.000138431
0.000126136
0.000158338
0.000131674
0.000137707
0.000127036
0.000137597
0.000137597
0.000125814
0.000124532
0.000202204
0.000152847
0.000176462
0.000142946
0.000180738
0.000128426
0.000125578
0.00012741
0.000162525
0.000162525
0.000133495
0.000133495
0.000210681
0.000210681
0.000137882
0.000160469
0.000127444
0.000127444
0.00013392
0.000187582
9.45417e-05
0.000113746
0.000171436
0.000184372
0.000185218
0.000133924
0.000136494
0.000136494
0.000176715
0.000176715
0.0001666
0.000140869
0.00012396
0.000121917
0.000197351
0.00013028
0.000148177
0.000148177
0.000170959
0.000150772
0.000183819
0.00016811
0.000144072
0.000121304
0.000146751
0.000146751
0.000157713
0.00013678
0.000167908
0.000164295
0.000111875
0.000130804
0.00012406
0.000129477
0.000179997
0.000171849
0.000148081
0.000148081
0.000175709
0.000127678
0.000122094
9.86475e-05
9.63247e-05
0.000142925
0.00013026
0.000176948
0.000194664
0.000158164
0.000158164
0.000125588
0.000126463
0.000162945
0.000178958
0.000110283
9.98291e-05
0.00013501
0.000140415
0.00013388
0.000142177
0.000124901
0.000124901
0.000165333
0.000192171
0.000152203
0.000152203
0.000121411
9.57595e-05
0.000121961
0.000112096
0.000161219
0.000186458
0.000160753
0.000160753
0.000112647
0.000112377
0.000158124
0.000158124
0.000127766
0.000127766
0.000126196
0.000124244
0.000171791
0.000136784
0.000143082
0.00014023
0.000124511
0.000119221
0.000118467
0.000116483
0.000136446
0.000121082
9.36654e-05
0.000125351
0.000137242
0.000137242
0.000126634
0.000128304
0.000154848
0.000135528
0.000169795
0.000192514
0.000156914
0.000119793
0.000123273
0.000157223
0.00012274
0.000120568
0.000128366
0.000128366
0.000138514
0.000146655
0.000189974
0.00013429
0.000189822
0.000189822
0.000132632
0.000132632
0.000232132
0.000182958
0.000164834
0.000164834
0.000202045
0.000108384
0.000101443
0.000112169
0.000118995
0.000118995
0.000146508
0.000117051
9.18109e-05
0.000155284
0.000124617
0.000147565
0.000152008
0.000134039
0.00015931
0.000153036
0.000172984
0.000128928
0.000123932
0.000123932
0.000152925
0.000104997
0.000201671
0.00016339
0.000129134
0.000121672
9.95747e-05
9.67577e-05
0.000114754
9.36706e-05
0.000126559
0.000164032
0.000124674
0.000105342
0.000146977
0.000146977
0.000148601
0.000122182
0.000124285
0.000150964
0.000180907
0.000135473
0.000145161
0.000124151
0.000145578
0.000127487
0.000115046
0.000125398
0.000127063
0.000127063
0.000137061
0.000137061
0.000137136
0.000137136
0.000123545
0.000123545
0.000127224
0.000115644
0.000166937
0.000141291
0.0001275
0.0001275
0.00012762
0.00012762
0.000158488
0.000128782
0.000122285
0.000122285
0.000129887
0.000129887
0.000140751
0.000140751
0.000126072
0.000126072
0.000129454
0.000129572
0.000106939
0.000141065
0.000146286
0.000129228
0.000140308
0.000134125
0.000182764
0.00016827
0.000135473
0.000135473
0.000144568
0.000102885
0.00018176
0.000169276
0.00013928
0.00013928
0.000142785
0.000142785
0.000123573
0.000123573
0.000142785
0.000142785
0.000179333
0.000139331
0.000154708
0.000147241
0.000148436
0.000148436
8.761e-05
0.000151008
0.000156831
0.000155329
0.000155999
0.000128304
0.000150123
0.000124285
0.000155141
0.000127891
0.000152594
0.000152594
0.00017667
0.000110305
0.000116482
0.000161153
0.00022926
0.000158798
0.000162445
0.000126559
0.000203787
0.000106611
0.000205597
0.000134738
9.14649e-05
0.000130941
9.74222e-05
0.000125071
0.000185756
0.000144217
0.000172978
0.000127896
0.000150713
8.97605e-05
9.66682e-05
0.000149401
0.000163749
0.000141217
0.000116432
0.000116432
0.000135456
0.000131965
0.000136171
0.000125739
0.000156931
0.000156931
0.000136056
0.000136056
0.000117229
0.000103849
0.000127563
0.000119336
9.2598e-05
8.98884e-05
0.000123244
0.000123244
0.000244454
0.000158406
0.000107828
9.44552e-05
0.000133905
0.000173736
0.000121524
0.000120841
0.000157578
0.000113366
0.000183173
0.000183173
0.000138294
0.000188918
0.000153433
0.000138194
0.000195384
0.000169295
0.000127583
0.000111067
0.000120639
0.000105947
0.00012803
0.000136477
0.000162414
0.000161965
0.000128863
0.000128863
0.000119896
0.000119152
0.000170083
0.000163566
0.000171014
0.00014838
0.000173664
0.000173664
0.000123071
0.000123071
0.000121817
0.000121817
0.000150487
0.000146407
0.000122059
0.000122059
0.000137878
0.000173399
0.000134175
0.000127759
0.000122176
0.000124164
0.000153684
0.000153684
0.000147316
0.000118702
0.000144003
0.000144003
0.000104911
0.000130067
0.000120938
0.000142169
0.000142169
0.000152955
0.000152955
0.000191821
0.000185618
0.00017809
0.00017809
0.000124751
0.000124751
0.000153805
0.000195412
0.000172822
0.000125233
0.000113405
0.000100939
0.000123368
0.000122101
0.000120958
0.000120958
0.000120958
0.000120958
0.00013165
0.000126845
0.000135846
0.00011648
0.000167191
0.000127898
0.000187113
0.000165388
8.90127e-05
0.000112194
0.000147565
0.000119449
0.000131614
0.000119073
0.000163086
0.000163086
0.0001252
0.0001252
0.00014694
0.000103928
0.000119206
0.000118352
0.000150878
0.000150878
0.00012712
0.000128412
0.000168839
0.000151309
0.000176014
0.000176014
9.83486e-05
0.000118674
0.000147795
0.000147795
0.000164486
0.000132922
0.000113371
0.000113371
0.000117406
9.67532e-05
0.000188666
0.000188666
0.000163599
0.000171326
9.67575e-05
9.39321e-05
0.000167583
0.000177965
0.000159562
0.000159562
0.000119574
0.000119574
0.000152021
0.000160545
0.000127914
0.000127914
0.000193619
0.000140162
0.000132876
0.000126587
0.000118967
0.000118967
0.000108002
0.00014135
0.000148495
0.000148495
0.000160084
0.000160084
0.000140792
0.000140792
0.000146718
0.000167602
0.000159755
0.000140403
0.000124127
0.000118917
0.00013366
0.000121765
0.000112702
0.000117121
9.50411e-05
0.000118788
0.000175025
0.000175025
0.000119707
0.000119707
0.000142073
0.000142073
0.000141256
0.000152496
0.000133205
0.000133205
0.000132107
0.000122599
0.000181545
0.000121422
0.000149094
0.000149094
0.000137292
0.000137292
0.000136599
0.000162414
0.00013935
0.00013935
9.71771e-05
0.000166371
0.00010752
0.000130301
9.11243e-05
0.00012485
0.000215864
0.000143556
0.000117474
0.000113453
0.000114779
0.000149415
0.000131653
0.000131653
9.44981e-05
9.04977e-05
0.000201937
0.000128297
0.000135655
0.000135655
0.000144829
0.000128821
0.000119638
0.000118264
0.00015449
0.000118595
0.000122805
0.000122805
0.000169083
0.000169083
0.000134388
0.000134388
0.00011727
0.00011727
0.000122805
0.000122805
0.000162165
0.000162165
0.000155288
9.92187e-05
0.000122027
0.000121102
0.000138547
0.000138547
0.00015611
0.000131911
0.000145572
0.000143333
0.000121952
0.000121952
0.000144541
0.000117934
0.00011705
0.00011705
0.000116363
0.000166206
0.000140793
0.000131033
0.000107263
0.000122541
0.000155003
0.000155003
9.93551e-05
8.66645e-05
0.000144841
0.000175679
0.000135477
0.000135477
0.000207001
0.000173567
0.000161655
0.000160072
0.000126633
0.000126633
0.000142786
0.000142786
0.000120625
0.000106455
0.00013989
0.000164407
0.000120728
0.000116579
0.000130181
0.000130181
0.00011245
0.000134145
0.000166351
0.000125785
0.000148562
0.000152367
0.000130717
0.000128693
0.000152556
0.000116298
0.000168967
9.59411e-05
0.000117729
0.000113422
0.000163547
0.000123647
0.000141262
0.000155507
0.000132361
0.000125806
0.000135721
0.000135721
0.000139386
0.000108455
0.000141373
0.000141373
0.000128118
0.000128118
0.000129308
0.000129308
0.000163982
0.000150202
0.000126393
0.000126393
0.00016755
0.000185851
0.000101934
0.000111408
0.00012222
0.000112502
0.000156447
0.000172682
0.000164111
0.000164111
0.000140919
0.000113231
0.000133403
0.000124856
0.000124116
0.000124116
0.00018628
0.000106531
0.000104383
0.000115411
0.000169304
0.000174282
0.000130271
0.000129395
0.000124176
0.000165808
0.000129658
0.000110682
0.000108114
0.000187316
0.000173281
0.000173281
0.000133243
0.000151625
0.000139042
0.000139042
0.000126024
0.000126024
9.28187e-05
0.000141991
0.000176089
0.000148692
0.0001202
0.000126846
0.000175653
0.000181945
0.000157662
0.000157662
0.000147167
0.000147167
0.000120706
0.000120706
0.000115067
0.000128274
0.000135923
0.000135923
0.000114432
0.000121002
0.00015968
0.000168309
0.000123715
0.000123715
0.000138228
0.00011616
0.000153428
0.000161767
0.000144951
0.000144951
0.0001458
0.000150177
0.000140289
0.000140289
0.000126529
0.00011972
0.000159559
0.000121604
0.000131638
0.000127825
0.000106978
0.000142712
0.000172152
0.000144044
0.0002075
0.00018942
0.000146235
0.000113365
0.000114518
0.000115101
0.000153259
0.000156391
0.000181728
0.000181728
0.000155522
0.000155522
0.000184116
0.00015241
0.000114323
0.000114323
0.000148845
0.000147837
0.00017836
0.000137112
0.000113799
0.000114117
0.000144409
0.000185868
0.000114426
0.000114426
0.000225945
0.000143887
0.00017583
0.000162221
0.00011403
0.00011403
0.000114434
0.000113577
0.000116481
0.000121368
0.000153445
0.000176957
0.000194147
0.000152199
0.000107415
0.000110692
0.000140671
0.000147817
0.000151284
0.000115784
0.000128037
0.000191757
0.000141283
0.000103322
0.000129259
0.000154063
0.000154063
0.00011519
0.000103966
0.000151868
0.000130672
0.000127592
0.000118486
0.000190414
0.00013147
0.000111527
9.16668e-05
0.000152817
0.000124585
0.000149213
0.000161145
0.000174927
0.000169179
0.000112571
0.00011294
0.000127227
0.000142563
0.000162271
0.000162271
0.000173676
0.0001738
0.000157074
0.000157074
0.000140429
0.00012192
0.000145897
0.000145897
0.00017667
0.00017667
0.000119761
0.000119761
0.000132504
0.000132504
0.000146751
0.000115378
0.00014095
0.000120479
0.000135753
0.000126549
0.000184733
0.000187471
0.00011667
0.000114296
0.00012526
0.000124744
0.000113393
0.000145656
0.000135536
0.000135536
0.000112088
0.000112504
0.000159029
0.000158532
0.000121132
0.000121132
0.000142166
0.000121912
0.000135384
0.000135384
0.000169103
0.000135624
0.000133542
0.000133542
0.000130352
0.000130352
0.000167779
0.000132802
0.000140181
0.000111618
0.000158906
0.000170394
0.000117016
0.000153358
0.00018641
0.00018641
0.000162754
0.000141557
0.000114948
0.000114948
0.000178308
0.000177097
0.00015179
0.000159148
0.000114362
0.000114362
0.000201022
0.000130802
0.000105624
0.000114839
0.000111782
0.000111782
0.000118116
0.000118116
0.000118482
8.65869e-05
0.000151767
0.000144008
0.000140742
0.000131191
0.000129564
0.000129564
0.000162332
0.000161789
0.000111704
0.000111704
0.000112211
0.000110939
0.000118721
0.000107321
0.000150193
0.000132201
0.000165991
0.000176841
0.000139457
0.000112619
0.000113177
0.000113177
0.000194973
0.00015127
0.000117592
0.000112758
0.000134287
0.000134287
0.000109254
0.000109426
0.000110679
0.000109144
0.000110855
0.000110459
0.000141334
0.000121558
0.000175628
0.000177128
0.000177319
0.000177319
0.000158205
0.000113273
0.000147408
0.000149146
0.000170751
0.000168091
0.000214226
0.000117927
0.000114121
0.000103039
0.000129055
0.000114934
0.000121013
0.000121013
0.000133226
0.000136909
0.000197428
0.000129481
9.7907e-05
8.99247e-05
0.000184013
0.000166804
0.000138922
0.000138922
0.000157142
0.000157142
0.000112271
0.000112271
0.00012727
0.000112012
0.000151242
0.000158539
0.0001073
0.000104308
0.000105156
0.000113785
0.000179119
0.000137684
0.000131434
0.000131434
0.000122524
0.000122524
0.000110679
0.000110679
0.000111249
0.000101411
0.000177463
0.000175345
0.000131961
0.000110901
0.000149828
0.000111765
0.000120114
0.000120114
0.000138788
0.000123876
0.000136597
0.000136597
0.000130831
0.000112856
0.000198843
0.000153229
0.000118387
0.000126625
0.000113857
9.84636e-05
0.000160416
0.000155211
0.000146641
0.000146641
0.000130554
0.000115478
0.00012719
0.000111042
0.000159491
0.000160171
0.000103765
8.88293e-05
0.000172521
0.000172521
0.000116322
0.000107017
0.000230812
0.000145388
0.000130535
0.000106988
0.000121527
0.000121527
0.000152422
0.000120939
0.00013169
0.000137671
0.000135878
0.000110878
0.000156476
0.000128873
0.000109432
8.77222e-05
0.000140067
0.000140067
0.000133671
0.000125794
0.000107502
0.000109821
0.000111476
9.42722e-05
0.000152837
0.000166205
0.000113884
0.000113189
0.000107733
0.000117251
0.000111951
0.000111774
0.000109218
0.000108075
0.000155981
0.000124975
0.000134909
0.000107839
0.000108754
0.000108754
0.000149373
0.000150529
0.000113742
0.000157512
0.000178176
0.000190779
0.000141881
0.000114283
0.000116587
0.000116587
0.00010678
0.000127522
0.000117045
0.000147979
0.000130408
0.000107697
0.000156507
0.000106795
0.000137607
0.000144385
0.000129282
0.000129282
0.000113503
0.000116574
0.000151686
0.000151686
0.000193746
0.000115491
0.000104273
0.000103022
0.000132811
0.000132811
0.000185118
0.000157929
0.000121667
0.000123292
0.000108008
0.000108008
0.000181528
0.000114758
0.000179376
0.000144739
0.000176519
0.000176519
0.000104815
0.000113476
0.000128471
0.000128471
9.57633e-05
0.000114103
0.000167356
0.000161108
0.000110361
0.000128802
0.000126987
0.000105019
0.000132852
0.000114705
0.000175441
0.000118953
0.000164347
0.000123161
0.000125207
0.000110085
0.000106984
0.000100932
0.000156282
0.000156282
0.000167797
0.000167797
0.000112672
0.000144667
0.000107545
0.000107545
0.000113292
0.000108495
8.9153e-05
0.00010963
0.000132231
0.000132231
0.000126965
0.00010679
0.000144141
0.000107002
0.000106083
0.000108144
0.000157311
0.000128124
0.000142153
0.000128481
0.000142133
0.000142133
0.000118347
0.000109315
0.000134844
0.000134366
0.000148451
0.000131906
9.50659e-05
0.000133741
0.000108873
0.000108873
0.000133526
0.000151918
0.000113463
0.000114527
0.000150426
0.000111359
0.000166789
0.000166789
0.000107662
0.000107662
0.000111565
9.99505e-05
0.000161838
0.000148671
0.000130951
0.000130951
0.00011904
0.000138038
0.000123182
0.000101703
9.6091e-05
0.000111956
0.000133415
0.00011755
0.000137323
0.000101247
8.76922e-05
0.000102095
0.000106097
0.000106243
0.000106243
0.000110729
0.000110729
0.000111553
0.000105844
0.000128703
0.000109372
0.000103917
0.000117222
0.00012721
8.45919e-05
0.000126156
0.000126156
0.000105674
0.000105674
0.000120844
0.000115754
0.000107247
0.000145876
0.000107843
9.8984e-05
0.000176056
0.000109754
0.000148554
0.000119589
0.000126766
0.000165604
0.000102865
9.84758e-05
0.000141856
0.000127012
0.000229925
0.000157826
0.000100256
8.57851e-05
0.000184639
0.000184639
0.000108828
0.000111782
8.3426e-05
9.35083e-05
0.000162008
0.000162008
0.00012717
0.000131362
0.000126092
0.000118721
0.0001291
0.00011469
0.000176283
0.0001711
0.000105147
0.000105147
0.000105386
0.000105386
0.000114105
0.000111291
0.000156207
0.000168632
0.000127038
0.000103237
0.000159302
0.000159302
0.000148269
0.000148269
0.000147872
0.000128179
0.0001342
0.0001342
0.000102237
0.000108746
0.000105748
0.000105748
0.0001233
0.000133709
9.38807e-05
9.38807e-05
0.00013077
0.00013077
0.000197358
0.000114655
0.000172052
0.000180376
0.000105764
0.000105764
0.000141146
0.000165254
0.000170935
0.00015746
0.000124234
0.000124234
0.000150191
0.000150191
0.000187152
0.000102603
0.000164521
0.000182356
9.92676e-05
9.92676e-05
0.00011836
0.00011113
0.000165961
0.000146603
0.000107645
0.000107645
0.000133014
0.000133014
0.000107685
0.000141753
0.000148414
0.000147729
0.000100367
9.93837e-05
0.000119874
0.000119874
0.000114162
9.63971e-05
0.000105118
0.000105118
0.000122548
0.000132533
0.000169333
0.000138582
0.000169457
0.000108276
0.000108941
0.000104514
0.000104514
0.000117966
0.00015287
0.00015074
0.000115917
9.44467e-05
8.77816e-05
0.000164054
0.000119142
0.000115791
0.000103615
0.000104061
0.000102939
0.000143712
0.000143712
0.000134696
0.00011892
0.000170023
0.000153623
0.000123492
0.000123492
9.2517e-05
0.000137833
0.000129102
0.000129102
0.000192314
0.000107216
0.000104187
0.000110437
0.000122395
0.000161444
0.000108344
0.000146753
0.000190087
0.000146772
0.000184341
0.000147495
0.000118092
0.000111841
0.00013893
0.000127024
0.000208709
0.000108898
0.000132163
0.000118947
0.000152919
0.000187372
0.000137785
0.000162599
0.000123277
0.000116839
0.000122136
0.000122114
0.000126567
0.000127747
0.000113976
0.000113976
0.000104043
0.000104043
0.000124388
0.000124388
0.000191877
0.00012845
0.000139455
0.000108539
0.000131153
0.000131153
0.000131544
0.000109345
0.000125912
0.000171835
0.000102828
0.000123797
0.000116662
0.000156069
0.000107104
0.000107104
0.00015684
0.00017428
0.000183364
0.000126038
0.000156804
0.000134621
0.000118941
0.00012595
0.000146917
0.000108063
0.000128845
0.000114823
0.000117404
0.00015436
0.000107188
0.000110331
0.00016501
0.00013858
0.000158752
0.00012295
0.000110577
0.000101442
0.00010026
0.000174483
9.97615e-05
9.5835e-05
0.000123839
0.000107995
0.000103046
0.000101405
0.000102353
0.000101693
0.000102885
0.000102885
0.000106758
0.000105799
0.000103471
0.000103471
0.000103471
0.000103471
0.000121436
0.000150214
0.000106142
0.000105964
0.000108556
0.000101036
9.92226e-05
9.78663e-05
0.000138442
0.000140358
0.000159644
0.00015026
0.00016067
0.000173607
0.000169654
0.000113699
0.000115015
0.000115015
0.000125727
0.000130199
0.000102617
0.000101374
0.000141885
0.000114066
0.000130165
0.000101675
0.000162244
0.000104598
0.000141593
0.000141593
0.000149337
0.000149337
0.000164553
0.000112965
0.000133997
0.000153759
0.000111045
9.96624e-05
0.000119753
0.00011891
0.000144276
0.000150772
0.000144017
0.000144017
0.000106738
0.000105027
0.000134495
0.000134495
0.000119538
0.000101945
0.000100798
0.000117947
0.000112928
0.000125144
0.000137933
0.000105099
0.000150599
0.000104864
0.000109474
0.000109474
0.000125997
0.000125997
0.000137899
0.000150573
0.000145801
9.62689e-05
9.92187e-05
0.000100548
0.000147054
0.000140137
9.96789e-05
0.000155419
0.000123244
0.000142117
0.000189288
0.000128049
0.000115787
0.000115787
0.000155749
0.00011637
0.00010901
0.000111281
0.000199581
0.000130329
0.000100094
0.000102508
0.000186786
0.000140637
0.0001258
0.0001258
0.000109708
0.000109708
0.000143386
0.000143386
0.000100348
0.000106341
0.000196353
0.000121517
0.00013757
0.000101556
0.000154554
0.000173975
0.000149858
9.88436e-05
0.000109319
0.000101386
0.000126756
0.00011281
0.000160952
0.00010146
0.000153209
0.00012674
0.000101568
9.62282e-05
0.000104677
9.77954e-05
0.000136108
0.000115106
9.78403e-05
9.78403e-05
0.000129823
0.000131099
0.000166648
0.000126618
0.000103264
0.00012079
0.000161849
0.000158552
0.000125103
0.000115415
0.000182864
0.000130655
0.000115252
0.000164768
0.000149401
0.000166019
0.000101158
0.000101158
0.000137809
0.000122307
0.0001058
0.000117377
0.000160635
0.000169268
0.000139704
0.000139704
0.00013062
0.000142901
9.46911e-05
8.26441e-05
0.000134088
0.000134088
0.000100942
0.000100942
0.000137361
0.000137361
0.00010402
0.000148313
8.74766e-05
0.000165562
0.000142341
0.000110581
9.99593e-05
8.92625e-05
0.00010828
0.00010828
0.000156029
0.00013555
0.000116663
0.000116663
0.000113991
0.000123916
0.000109193
9.70941e-05
0.000102403
9.90128e-05
8.77306e-05
9.45838e-05
0.000165242
0.000198917
0.000170154
8.38848e-05
9.92044e-05
9.92044e-05
0.000131653
0.000133658
0.000102613
0.000124094
9.89883e-05
9.89883e-05
0.000103014
0.000103014
0.000141805
0.000129347
0.000134909
9.92494e-05
0.000134329
0.000133537
9.87085e-05
9.87085e-05
0.000170698
0.000171471
0.000119331
0.000102429
0.000108525
0.000108525
0.000103255
0.000103255
0.000198668
0.000149735
9.80807e-05
9.95226e-05
0.000158071
8.17574e-05
0.000117595
0.000115469
9.97781e-05
9.97781e-05
9.74093e-05
9.77309e-05
0.000101633
0.000101633
0.000125855
9.68397e-05
0.000144583
0.000132121
0.000110275
0.0001071
0.000138398
0.00011232
0.000106604
9.80154e-05
9.87719e-05
9.87719e-05
0.000109207
0.000109207
0.000114535
0.000114535
0.000134428
0.000135317
0.00010132
0.00010132
0.000135431
0.000166829
0.000164267
0.000128359
0.000157626
0.00011206
0.000151956
0.000151956
0.000112898
0.000108724
9.79728e-05
9.79728e-05
0.000104413
0.00010502
0.000135097
9.48472e-05
0.000147528
0.000147528
0.000151461
0.000149258
0.000101726
9.99574e-05
0.000173018
0.000137395
0.000107377
0.000111544
0.000109609
0.000109609
0.000123498
0.000107857
9.7415e-05
9.58462e-05
0.000152068
0.000168579
0.000135718
0.000150293
0.000178074
0.000120185
0.000112184
0.000102415
0.000179895
0.000115432
0.000113909
0.000113909
0.000111611
0.000111611
0.000126473
0.000141016
0.000115125
0.000115263
0.000126237
0.000126237
0.000113159
0.000113159
0.000122871
0.000173363
0.000138795
0.000106099
0.000211037
0.000177772
0.000124922
0.000130648
0.000178616
0.000147482
0.00011808
0.000106854
0.000106826
0.000106826
0.000129811
9.9964e-05
9.79494e-05
9.79494e-05
0.000120769
9.7791e-05
0.00012665
0.000126196
0.000116113
0.000109355
0.000112133
0.000119862
0.000106704
0.000106704
0.000111698
0.000112345
9.73904e-05
9.73904e-05
9.89398e-05
9.89398e-05
0.000149048
0.000149048
0.000123199
0.000101456
0.000154385
0.000159276
0.000231616
0.000139258
0.000126455
0.000126455
0.000140007
0.000126288
9.52383e-05
9.57532e-05
9.15086e-05
8.40822e-05
9.6873e-05
9.60573e-05
0.000148067
0.000132512
0.00014201
0.000139893
0.000147194
0.000129065
0.000119975
0.000134084
0.000124805
0.000168758
0.000139833
9.56018e-05
0.00010081
9.69114e-05
0.000116518
0.000120526
0.000112526
8.7691e-05
0.000130206
0.00016796
0.000122162
0.000122162
0.000125362
9.88583e-05
0.000121221
0.000122988
0.000106983
0.000106983
0.000126758
0.000125793
0.000128467
0.000128467
0.000132804
0.000132804
0.000124422
0.000124422
0.000105916
0.00012168
0.000117657
0.000117657
0.000112771
9.66721e-05
0.000167047
0.000172658
0.00013501
0.000106409
0.000108251
0.000114032
0.000125496
0.000122355
0.000163694
0.000110471
0.000103177
0.000103177
0.000106266
0.000106266
0.00016266
0.00012178
0.000106289
0.000110045
0.000134852
0.000105223
0.000106326
0.000106326
0.000102115
9.96377e-05
0.000121295
0.000121295
0.000108724
0.000108724
0.000100022
9.33927e-05
9.77623e-05
9.37537e-05
0.00013347
0.000125754
0.000130702
0.000126965
0.000116347
0.000116347
0.000144006
0.000144886
0.000103948
0.000103948
0.000147548
0.000104228
9.64414e-05
9.59448e-05
9.59448e-05
9.64414e-05
0.000173172
0.000136349
0.000112807
0.00010189
0.000115721
9.98772e-05
9.37996e-05
9.44568e-05
0.000114757
0.000114757
0.000106197
9.93376e-05
0.000106812
9.60097e-05
0.000139881
0.000137204
0.000148275
0.000153033
0.000102809
9.37728e-05
0.000119574
0.000119574
0.000113433
0.000113433
0.000127217
0.000127217
0.000108772
0.000107059
9.52233e-05
9.52233e-05
0.000152814
9.49983e-05
0.000144303
0.000111515
0.00017774
8.44804e-05
0.000159789
0.000121021
0.000149436
0.000146945
0.000146572
0.000144828
0.000131208
0.000115167
0.00012961
9.02497e-05
0.00010976
0.000148917
0.000163904
0.00015969
9.47265e-05
9.47265e-05
0.000161903
0.000164213
0.000119464
9.97467e-05
9.44545e-05
9.44545e-05
0.000140756
8.72963e-05
0.00013922
0.000114289
0.000166728
0.000106963
0.000157594
0.000117452
0.000158197
0.000148532
0.000122261
0.000120645
9.48494e-05
9.41063e-05
9.39923e-05
9.39923e-05
0.000106999
9.58157e-05
9.06683e-05
9.05613e-05
0.00010594
0.000109339
9.7781e-05
9.7781e-05
0.00014733
0.000116564
0.000106357
0.000103014
9.63716e-05
9.1389e-05
0.000138476
0.000112496
0.000163835
0.000204228
9.57112e-05
9.57112e-05
9.57112e-05
9.57112e-05
9.39617e-05
0.000106944
9.80329e-05
9.89287e-05
0.00011813
0.000132316
9.1269e-05
8.80929e-05
0.000107326
0.000100165
0.000140816
0.000140816
0.000163978
0.00012435
9.71035e-05
0.00015025
0.00011287
0.00011287
0.000123987
0.00013943
0.000134439
0.000130195
9.03444e-05
9.11583e-05
9.11583e-05
9.03444e-05
9.423e-05
9.41165e-05
0.000135151
0.000105628
0.000125135
0.000125135
0.000100649
0.000100649
9.36253e-05
9.36253e-05
0.000140332
0.000104897
0.000109662
9.09824e-05
0.000105885
9.93056e-05
9.30988e-05
9.30988e-05
9.41451e-05
9.31334e-05
0.000127034
0.000157458
0.000102108
0.000102108
0.000145802
0.000138852
0.000159596
0.000114064
0.00012817
0.00012817
0.00011564
9.91371e-05
0.000108838
8.64253e-05
0.00012692
0.000104522
0.000111427
0.000111427
9.91242e-05
9.91242e-05
0.000114693
0.000114693
9.76854e-05
9.34695e-05
0.000130237
0.000130237
0.000131154
0.000131154
0.000157574
0.000162825
0.000141786
9.13648e-05
0.000109528
9.92124e-05
0.000121831
0.000121831
0.000104926
0.000100086
0.00012933
0.000100108
0.000168337
0.000105412
0.000120306
0.000116037
9.59843e-05
9.59843e-05
9.00263e-05
9.00263e-05
0.000145077
9.27128e-05
0.000128436
0.000146746
0.000125402
0.000119343
0.000119343
9.49944e-05
9.19124e-05
0.000107485
9.22991e-05
0.000128503
0.000128503
0.000117277
0.000106633
0.000109423
8.54255e-05
0.000119566
9.20452e-05
0.000106877
0.000106811
0.000138386
0.000138386
9.55749e-05
8.73998e-05
9.43053e-05
9.70067e-05
0.000119529
9.30241e-05
0.000102348
9.82669e-05
9.57313e-05
9.57313e-05
0.000109872
0.000126255
9.44139e-05
9.16138e-05
9.44139e-05
9.16138e-05
0.000182591
0.000158756
9.21622e-05
8.65183e-05
8.77435e-05
8.96103e-05
0.000182676
0.000129021
0.000128139
0.000141023
0.000121271
9.04831e-05
0.000106265
0.000105479
9.15777e-05
9.11051e-05
0.000128142
9.95577e-05
0.000121534
9.55194e-05
0.000123294
0.000123294
0.000111529
0.000144604
0.000106619
0.000106619
9.21802e-05
9.21802e-05
0.000117971
0.00011284
9.30143e-05
9.30143e-05
0.000102885
0.000173009
0.000137582
0.000111502
9.16856e-05
9.16856e-05
0.000135468
0.000136631
0.000148225
0.000127658
9.18669e-05
9.18669e-05
0.000137193
0.000137193
9.18669e-05
9.18669e-05
0.000128528
8.41327e-05
0.000125504
9.12006e-05
0.000108766
0.000108462
9.86819e-05
9.86819e-05
0.000117398
0.000124989
9.26162e-05
9.26162e-05
0.000148569
0.000124628
9.74688e-05
0.00014142
9.79298e-05
9.79298e-05
